golffield 0.08 293.28 118.12 642.45 370.39
vehicle 0.25 288.59 569.23 294.35 589.00
vehicle 0.14 664.83 165.45 678.89 180.24
baseballfield 0.98 529.12 385.37 628.05 476.52
baseballfield 0.97 419.91 262.44 558.10 395.53
baseballfield 0.92 445.45 461.82 536.38 572.64
baseballfield 0.73 361.63 388.09 450.44 478.93
baseballfield 0.41 420.25 263.65 494.67 396.22
baseballfield 0.26 444.24 461.12 494.64 566.43
baseballfield 0.19 366.55 380.96 456.13 475.20
baseballfield 0.15 530.51 386.17 625.80 475.48
baseballfield 0.13 473.83 464.07 495.71 506.96
baseballfield 0.11 428.08 260.59 555.32 390.84
baseballfield 0.10 445.87 459.96 538.97 564.19
baseballfield 0.09 270.76 357.67 437.81 546.33
baseballfield 0.09 48.10 481.99 182.70 706.13
