ship 2756.0 305.0 2774.0 335.0
small-vehicle 1109.0 3201.0 1139.0 3249.0
small-vehicle 246.0 347.0 283.0 396.0
small-vehicle 3289.0 123.0 3315.0 187.0
small-vehicle 3875.0 209.0 3903.0 262.0
small-vehicle 3830.0 137.0 3872.0 160.0 difficult
small-vehicle 4154.0 196.0 4205.0 221.0
small-vehicle 4146.0 166.0 4203.0 196.0
small-vehicle 4636.0 216.0 4682.0 238.0 difficult
small-vehicle 4644.0 145.0 4689.0 172.0 difficult
small-vehicle 4522.0 136.0 4558.0 178.0 difficult
small-vehicle 1469.0 3237.0 1516.0 3263.0
small-vehicle 1136.0 3234.0 1159.0 3284.0
small-vehicle 1446.0 40.0 1486.0 87.0
harbor 269.0 1223.0 412.0 1310.0
small-vehicle 1642.0 140.0 1687.0 191.0
small-vehicle 1648.0 53.0 1710.0 88.0
small-vehicle 1112.0 2833.0 1131.0 2880.0 difficult
ship 2191.0 2906.0 2242.0 2953.0
harbor 3933.0 772.0 4049.0 932.0
harbor 3392.0 649.0 3449.0 779.0
harbor 2820.0 369.0 2859.0 454.0
harbor 2382.0 373.0 2444.0 568.0
harbor 1762.0 531.0 1834.0 761.0
harbor 1067.0 735.0 1136.0 846.0
harbor 600.0 717.0 682.0 908.0
small-vehicle 6394.0 3575.0 6417.0 3630.0
small-vehicle 1711.0 3109.0 1757.0 3132.0
small-vehicle 827.0 3318.0 856.0 3368.0
small-vehicle 388.0 3306.0 443.0 3334.0
harbor 1489.0 2470.0 1517.0 2552.0
harbor 2402.0 2973.0 2467.0 3111.0
harbor 3265.0 3403.0 3322.0 3480.0
harbor 4895.0 3261.0 4919.0 3343.0
harbor 4488.0 3193.0 4536.0 3288.0
harbor 5215.0 3355.0 5241.0 3472.0
harbor 3308.0 587.0 3338.0 740.0
harbor 1399.0 684.0 1433.0 813.0
harbor 941.0 741.0 967.0 832.0
harbor 821.0 712.0 850.0 855.0
harbor 461.0 865.0 598.0 998.0
ship 2157.0 453.0 2193.0 503.0
harbor 2147.0 440.0 2172.0 531.0
ship 3964.0 912.0 4012.0 948.0
ship 6130.0 2606.0 6168.0 2640.0
ship 5791.0 3610.0 5841.0 3658.0
ship 3432.0 3349.0 3457.0 3382.0
large-vehicle 98.0 730.0 124.0 790.0
harbor 1318.0 2397.0 1351.0 2476.0
small-vehicle 341.0 2666.0 396.0 2700.0
small-vehicle 362.0 2622.0 419.0 2659.0 difficult
small-vehicle 141.0 3242.0 165.0 3293.0 difficult
small-vehicle 101.0 3299.0 127.0 3358.0
harbor 340.0 1016.0 496.0 1143.0
harbor 164.0 1469.0 358.0 1529.0
ship 5681.0 664.0 5694.0 687.0
small-vehicle 854.0 3334.0 882.0 3376.0 difficult
harbor 5057.0 670.0 5125.0 847.0
harbor 4590.0 758.0 4650.0 899.0
harbor 4798.0 691.0 4816.0 742.0
ship 674.0 855.0 706.0 884.0 difficult
ship 181.0 1640.0 211.0 1679.0 difficult
ship 6037.0 3186.0 6080.0 3213.0 difficult
ship 6320.0 2741.0 6333.0 2781.0 difficult
ship 6127.0 2812.0 6160.0 2827.0 difficult
ship 5034.0 624.0 5060.0 673.0
ship 4998.0 640.0 5014.0 668.0
ship 4432.0 773.0 4459.0 792.0 difficult
ship 3635.0 3427.0 3665.0 3460.0
harbor 194.0 1664.0 358.0 1718.0
ship 3553.0 3371.0 3584.0 3421.0
ship 3556.0 3498.0 3583.0 3521.0
ship 3549.0 3487.0 3585.0 3504.0
ship 3969.0 3317.0 4004.0 3351.0
ship 3950.0 3348.0 3976.0 3377.0
ship 4774.0 3334.0 4783.0 3368.0
ship 4766.0 3332.0 4776.0 3366.0
ship 4754.0 3336.0 4768.0 3363.0
ship 6067.0 2428.0 6121.0 2458.0
ship 6031.0 1766.0 6068.0 1789.0
ship 5603.0 678.0 5622.0 711.0
harbor 5177.0 648.0 5237.0 765.0
harbor 5321.0 657.0 5382.0 807.0
harbor 6004.0 1739.0 6149.0 1781.0
harbor 6005.0 1987.0 6203.0 2058.0
harbor 270.0 1946.0 391.0 2030.0
harbor 374.0 2049.0 458.0 2120.0
harbor 513.0 2141.0 622.0 2265.0
harbor 666.0 2204.0 745.0 2328.0
harbor 860.0 2278.0 902.0 2344.0
harbor 1734.0 2596.0 1828.0 2738.0
harbor 2184.0 2890.0 2265.0 2992.0
harbor 3024.0 3352.0 3066.0 3462.0
harbor 3435.0 3340.0 3484.0 3467.0
harbor 3577.0 3360.0 3638.0 3491.0
harbor 3838.0 3284.0 3900.0 3412.0
harbor 4255.0 3160.0 4306.0 3283.0
harbor 4604.0 3197.0 4666.0 3327.0
harbor 5075.0 3330.0 5132.0 3407.0
harbor 5473.0 3363.0 5535.0 3572.0
harbor 5650.0 3432.0 5704.0 3546.0
harbor 5760.0 3366.0 5812.0 3469.0
harbor 5976.0 3191.0 6155.0 3266.0
harbor 6080.0 3009.0 6247.0 3124.0
harbor 6081.0 2824.0 6275.0 2871.0
harbor 6054.0 2591.0 6214.0 2647.0
harbor 6018.0 2411.0 6201.0 2480.0
harbor 6067.0 2146.0 6253.0 2213.0
harbor 459.0 2113.0 527.0 2223.0
