small-vehicle 1325.0 470.0 1351.0 504.0 difficult
ship 171.0 684.0 232.0 737.0
ship 675.0 385.0 752.0 478.0
ship 692.0 402.0 769.0 508.0
ship 408.0 363.0 481.0 420.0
ship 387.0 372.0 487.0 456.0
ship 373.0 394.0 452.0 462.0
ship 352.0 411.0 484.0 529.0
ship 253.0 568.0 341.0 642.0
ship 231.0 592.0 322.0 662.0
ship 216.0 619.0 312.0 700.0
ship 202.0 643.0 297.0 724.0
ship 184.0 673.0 276.0 743.0
ship 151.0 713.0 240.0 780.0
ship 583.0 1000.0 685.0 1110.0
ship 142.0 737.0 211.0 787.0
ship 270.0 828.0 326.0 887.0
ship 257.0 800.0 321.0 869.0
ship 296.0 803.0 393.0 911.0
ship 329.0 828.0 426.0 935.0
ship 366.0 854.0 463.0 962.0
ship 408.0 880.0 491.0 983.0
ship 434.0 886.0 535.0 1001.0
ship 457.0 918.0 552.0 1019.0
ship 490.0 923.0 597.0 1041.0
ship 528.0 952.0 623.0 1067.0
ship 668.0 367.0 726.0 434.0
ship 648.0 352.0 707.0 418.0
ship 634.0 346.0 686.0 406.0
ship 567.0 319.0 640.0 422.0
ship 1102.0 113.0 1141.0 146.0
ship 1104.0 19.0 1126.0 56.0
ship 1115.0 42.0 1155.0 73.0
ship 1134.0 53.0 1172.0 83.0
ship 1163.0 76.0 1214.0 112.0
ship 1181.0 99.0 1226.0 145.0
ship 1186.0 114.0 1241.0 166.0
ship 1244.0 117.0 1299.0 166.0
ship 1318.0 168.0 1365.0 210.0
ship 1109.0 196.0 1263.0 299.0
ship 1103.0 175.0 1138.0 219.0
small-vehicle 1376.0 149.0 1407.0 178.0
ship 1373.0 208.0 1408.0 251.0
small-vehicle 245.0 278.0 280.0 311.0
small-vehicle 856.0 1324.0 870.0 1360.0
small-vehicle 701.0 10.0 720.0 33.0
small-vehicle 750.0 142.0 784.0 179.0
small-vehicle 881.0 98.0 895.0 120.0
small-vehicle 910.0 252.0 943.0 284.0
small-vehicle 809.0 107.0 852.0 142.0
large-vehicle 1344.0 69.0 1383.0 115.0
ship 551.0 296.0 603.0 358.0
ship 556.0 303.0 624.0 393.0
ship 559.0 973.0 658.0 1084.0
ship 625.0 1025.0 716.0 1132.0
small-vehicle 1344.0 473.0 1371.0 514.0 difficult
small-vehicle 824.0 1326.0 844.0 1356.0 difficult
large-vehicle 1317.0 580.0 1351.0 613.0
large-vehicle 664.0 177.0 696.0 217.0
large-vehicle 790.0 174.0 821.0 208.0
large-vehicle 876.0 225.0 908.0 260.0
large-vehicle 571.0 152.0 607.0 183.0
ship 147.0 150.0 185.0 183.0
small-vehicle 597.0 228.0 626.0 263.0 difficult
small-vehicle 765.0 251.0 800.0 290.0 difficult
large-vehicle 759.0 345.0 786.0 379.0
small-vehicle 728.0 1238.0 761.0 1271.0 difficult
small-vehicle 780.0 1275.0 823.0 1314.0 difficult
small-vehicle 798.0 1382.0 828.0 1418.0 difficult
ship 655.0 1053.0 747.0 1158.0
small-vehicle 928.0 260.0 960.0 293.0 difficult
small-vehicle 949.0 276.0 984.0 305.0 difficult
ship 1220.0 250.0 1261.0 303.0
ship 1201.0 239.0 1246.0 298.0
ship 1180.0 231.0 1221.0 288.0
ship 1164.0 210.0 1206.0 274.0
ship 1148.0 211.0 1185.0 267.0
ship 1136.0 218.0 1163.0 262.0
ship 1122.0 214.0 1150.0 263.0
ship 1110.0 198.0 1138.0 258.0
large-vehicle 961.0 443.0 1003.0 477.0
large-vehicle 1247.0 655.0 1290.0 696.0
large-vehicle 1275.0 645.0 1315.0 684.0
large-vehicle 1287.0 634.0 1324.0 669.0
ship 749.0 418.0 812.0 495.0
ship 689.0 1061.0 782.0 1175.0
ship 720.0 1079.0 814.0 1181.0
ship 742.0 1107.0 840.0 1213.0
small-vehicle 778.0 1131.0 877.0 1240.0
ship 809.0 1158.0 908.0 1266.0
ship 844.0 1180.0 935.0 1280.0
ship 870.0 1189.0 968.0 1296.0
ship 1125.0 799.0 1233.0 942.0
ship 1164.0 707.0 1212.0 778.0
ship 1113.0 689.0 1200.0 798.0
ship 1077.0 672.0 1164.0 792.0
ship 1064.0 639.0 1120.0 710.0
ship 1018.0 626.0 1103.0 736.0
ship 993.0 603.0 1074.0 706.0
ship 960.0 584.0 1042.0 688.0
ship 967.0 564.0 1017.0 626.0
ship 916.0 549.0 999.0 640.0
ship 885.0 531.0 964.0 630.0
ship 832.0 516.0 940.0 639.0
ship 855.0 500.0 911.0 564.0
ship 795.0 458.0 856.0 554.0
ship 841.0 487.0 895.0 555.0
ship 769.0 434.0 826.0 506.0
ship 1043.0 58.0 1073.0 103.0
