large-vehicle 1081.0 36.0 1099.0 64.0 difficult
plane 938.0 723.0 1142.0 928.0
plane 658.0 408.0 756.0 501.0
plane 712.0 467.0 823.0 600.0
plane 795.0 382.0 930.0 548.0
plane 636.0 582.0 774.0 741.0
plane 564.0 711.0 708.0 877.0
plane 621.0 835.0 800.0 1028.0
plane 943.0 1050.0 1041.0 1152.0
plane 979.0 821.0 1376.0 1198.0
plane 485.0 505.0 659.0 706.0
plane 836.0 795.0 1015.0 1009.0
plane 708.0 655.0 911.0 905.0
plane 766.0 491.0 995.0 755.0
plane 538.0 380.0 706.0 533.0
plane 626.0 318.0 709.0 391.0
plane 773.0 288.0 889.0 438.0
plane 430.0 86.0 683.0 351.0
plane 601.0 487.0 689.0 586.0
plane 584.0 676.0 636.0 731.0
plane 1247.0 370.0 1315.0 439.0 difficult
small-vehicle 205.0 1375.0 228.0 1393.0 difficult
large-vehicle 675.0 1056.0 727.0 1083.0 difficult
small-vehicle 1022.0 162.0 1049.0 180.0 difficult
small-vehicle 1096.0 255.0 1115.0 278.0 difficult
small-vehicle 1006.0 232.0 1017.0 252.0 difficult
small-vehicle 969.0 221.0 992.0 237.0 difficult
small-vehicle 1136.0 666.0 1155.0 685.0 difficult
small-vehicle 1125.0 674.0 1144.0 692.0 difficult
large-vehicle 307.0 1358.0 335.0 1387.0
plane 531.0 646.0 594.0 716.0
small-vehicle 827.0 1263.0 850.0 1286.0
small-vehicle 889.0 1236.0 914.0 1259.0
small-vehicle 826.0 93.0 851.0 115.0
plane 192.0 522.0 283.0 615.0
plane 236.0 607.0 326.0 698.0
plane 309.0 155.0 558.0 411.0
plane 461.0 428.0 538.0 515.0
plane 662.0 123.0 814.0 292.0
