small-vehicle 2095.0 1748.0 2115.0 1761.0 difficult
ship 1253.0 220.0 1285.0 239.0
ship 1318.0 298.0 1349.0 318.0
ship 1325.0 316.0 1353.0 334.0
ship 1344.0 385.0 1379.0 407.0
ship 1320.0 448.0 1353.0 469.0
ship 1314.0 434.0 1348.0 456.0
ship 1306.0 405.0 1341.0 427.0
ship 1305.0 391.0 1338.0 412.0
ship 1298.0 362.0 1330.0 382.0
ship 1276.0 289.0 1308.0 310.0
ship 1281.0 302.0 1313.0 324.0
ship 1260.0 246.0 1294.0 267.0
ship 1248.0 202.0 1279.0 224.0
ship 1243.0 450.0 1277.0 470.0
ship 1167.0 196.0 1200.0 215.0
ship 1171.0 209.0 1202.0 231.0
ship 1237.0 418.0 1268.0 440.0
ship 1229.0 404.0 1261.0 425.0
ship 1227.0 388.0 1262.0 409.0
ship 1216.0 360.0 1247.0 381.0
ship 1193.0 286.0 1224.0 305.0
ship 1200.0 301.0 1228.0 318.0
ship 1204.0 315.0 1235.0 336.0
ship 1208.0 327.0 1241.0 349.0
ship 1212.0 343.0 1244.0 365.0
ship 1316.0 284.0 1346.0 304.0
ship 1313.0 267.0 1339.0 286.0
ship 1305.0 253.0 1334.0 273.0
ship 1300.0 236.0 1332.0 258.0
ship 1352.0 667.0 1379.0 712.0
ship 1369.0 665.0 1393.0 704.0
ship 1387.0 655.0 1413.0 698.0
ship 1404.0 650.0 1432.0 695.0
ship 1424.0 651.0 1447.0 689.0
ship 1442.0 642.0 1467.0 683.0
ship 1462.0 638.0 1486.0 678.0
ship 1481.0 603.0 1514.0 623.0
ship 1478.0 588.0 1511.0 610.0
ship 1449.0 490.0 1481.0 511.0
ship 1374.0 460.0 1402.0 481.0
ship 1382.0 508.0 1412.0 526.0
ship 1393.0 538.0 1421.0 555.0
ship 1360.0 563.0 1397.0 587.0
ship 1348.0 535.0 1383.0 557.0
ship 1344.0 519.0 1378.0 541.0
ship 1342.0 507.0 1372.0 526.0
ship 1334.0 489.0 1370.0 513.0
ship 1332.0 479.0 1362.0 497.0
ship 1403.0 346.0 1435.0 368.0
ship 1397.0 318.0 1426.0 337.0
ship 1386.0 287.0 1416.0 309.0
ship 1372.0 230.0 1400.0 249.0
ship 1243.0 433.0 1278.0 455.0
ship 1252.0 479.0 1285.0 499.0
ship 1317.0 680.0 1341.0 719.0
ship 978.0 382.0 1016.0 406.0
ship 926.0 205.0 961.0 228.0
ship 934.0 221.0 966.0 243.0
ship 938.0 239.0 971.0 261.0
ship 944.0 255.0 976.0 278.0
ship 944.0 270.0 983.0 296.0
ship 971.0 351.0 1005.0 374.0
ship 964.0 334.0 1001.0 357.0
ship 962.0 319.0 996.0 341.0
ship 953.0 302.0 990.0 326.0
ship 949.0 286.0 987.0 310.0
ship 976.0 367.0 1009.0 387.0
ship 984.0 400.0 1017.0 422.0
ship 1262.0 508.0 1298.0 529.0
ship 999.0 449.0 1034.0 471.0
ship 1004.0 464.0 1039.0 484.0
ship 1011.0 479.0 1043.0 500.0
ship 1016.0 495.0 1049.0 518.0
ship 1019.0 509.0 1055.0 533.0
ship 1022.0 525.0 1061.0 550.0
ship 1031.0 542.0 1066.0 566.0
ship 1039.0 574.0 1074.0 596.0
ship 1044.0 590.0 1079.0 613.0
ship 1046.0 605.0 1085.0 632.0
ship 1094.0 589.0 1143.0 617.0
ship 922.0 188.0 956.0 208.0
ship 919.0 169.0 949.0 191.0
ship 910.0 155.0 944.0 177.0
ship 1085.0 121.0 1137.0 153.0
ship 1270.0 538.0 1304.0 558.0
ship 1274.0 554.0 1309.0 576.0
ship 1215.0 560.0 1269.0 594.0
ship 1214.0 539.0 1263.0 568.0
ship 1208.0 517.0 1255.0 548.0
ship 1199.0 494.0 1251.0 525.0
ship 1191.0 472.0 1242.0 504.0
ship 1186.0 451.0 1237.0 483.0
ship 1172.0 428.0 1229.0 463.0
ship 1167.0 407.0 1220.0 438.0
ship 1162.0 386.0 1213.0 417.0
ship 1159.0 365.0 1208.0 394.0
ship 1154.0 342.0 1204.0 372.0
ship 1144.0 322.0 1191.0 350.0
ship 1131.0 300.0 1189.0 333.0
ship 1182.0 236.0 1220.0 260.0
ship 1131.0 277.0 1182.0 308.0
ship 1126.0 255.0 1175.0 284.0
ship 1121.0 231.0 1171.0 263.0
ship 1113.0 211.0 1160.0 241.0
ship 1101.0 185.0 1154.0 220.0
ship 1098.0 166.0 1151.0 197.0
ship 1088.0 144.0 1137.0 173.0
ship 1334.0 675.0 1358.0 716.0
ship 1299.0 682.0 1323.0 726.0
small-vehicle 1754.0 489.0 1767.0 498.0 difficult
ship 1505.0 1283.0 1537.0 1343.0
ship 1359.0 1327.0 1392.0 1386.0
ship 1322.0 1269.0 1353.0 1320.0
ship 1341.0 1256.0 1379.0 1321.0
ship 1369.0 1247.0 1405.0 1312.0
ship 1395.0 1237.0 1431.0 1305.0
ship 1418.0 1230.0 1453.0 1299.0
ship 1443.0 1226.0 1481.0 1293.0
ship 1383.0 1318.0 1420.0 1385.0
ship 1434.0 1305.0 1466.0 1365.0
ship 1459.0 1297.0 1488.0 1354.0
ship 1482.0 1291.0 1517.0 1360.0
ship 1530.0 1276.0 1565.0 1336.0
ship 1587.0 977.0 1624.0 1001.0
ship 1554.0 1268.0 1589.0 1329.0
ship 1676.0 1228.0 1708.0 1291.0
ship 1650.0 1239.0 1683.0 1299.0
ship 1626.0 1253.0 1658.0 1306.0
ship 1604.0 1257.0 1635.0 1313.0
ship 1493.0 1205.0 1533.0 1274.0
ship 1542.0 1191.0 1582.0 1261.0
ship 1654.0 1181.0 1687.0 1229.0
ship 1643.0 1194.0 1664.0 1229.0
ship 1617.0 1199.0 1643.0 1240.0
ship 1595.0 1204.0 1621.0 1244.0
ship 1314.0 1339.0 1348.0 1405.0
ship 1291.0 1346.0 1323.0 1407.0
ship 1266.0 1363.0 1293.0 1412.0
ship 1268.0 1270.0 1304.0 1342.0
ship 1716.0 1443.0 1747.0 1495.0
ship 1738.0 1440.0 1770.0 1498.0
ship 1721.0 1377.0 1748.0 1428.0
ship 1700.0 1383.0 1729.0 1437.0
ship 1630.0 1403.0 1662.0 1456.0
ship 1590.0 1423.0 1615.0 1468.0
ship 1628.0 1468.0 1655.0 1519.0
ship 1563.0 1428.0 1588.0 1475.0
ship 1557.0 1486.0 1588.0 1540.0
ship 1519.0 1435.0 1549.0 1486.0
ship 1471.0 1451.0 1504.0 1504.0
ship 1428.0 1461.0 1460.0 1516.0
ship 1491.0 1509.0 1521.0 1563.0
ship 1424.0 1531.0 1453.0 1582.0
ship 1408.0 1478.0 1435.0 1524.0
ship 1361.0 1481.0 1395.0 1535.0
ship 1307.0 1510.0 1331.0 1551.0
ship 1323.0 1494.0 1352.0 1545.0
ship 1342.0 1555.0 1370.0 1605.0
ship 1324.0 1567.0 1348.0 1609.0
ship 1284.0 1524.0 1324.0 1605.0
ship 1216.0 1291.0 1250.0 1353.0
ship 1242.0 1282.0 1280.0 1351.0
ship 1572.0 1198.0 1602.0 1251.0
ship 1577.0 957.0 1623.0 984.0
ship 1277.0 685.0 1305.0 733.0
ship 1416.0 937.0 1474.0 971.0
ship 1465.0 885.0 1503.0 909.0
ship 1473.0 902.0 1510.0 926.0
ship 1479.0 920.0 1514.0 943.0
ship 1485.0 936.0 1518.0 959.0
ship 1490.0 954.0 1523.0 976.0
ship 1488.0 968.0 1528.0 992.0
ship 1498.0 986.0 1534.0 1010.0
ship 1540.0 1080.0 1674.0 1148.0
ship 1452.0 1022.0 1547.0 1072.0
ship 1431.0 986.0 1492.0 1021.0
ship 1423.0 966.0 1482.0 997.0
ship 1417.0 918.0 1468.0 949.0
ship 1579.0 943.0 1615.0 965.0
ship 1404.0 893.0 1464.0 926.0
ship 1399.0 872.0 1452.0 903.0
ship 1388.0 844.0 1447.0 877.0
ship 1383.0 824.0 1439.0 856.0
ship 1374.0 799.0 1433.0 831.0
ship 1369.0 777.0 1426.0 812.0
ship 1364.0 755.0 1420.0 788.0
ship 1337.0 714.0 1397.0 746.0
ship 1225.0 702.0 1250.0 746.0
ship 1243.0 699.0 1269.0 744.0
ship 1261.0 696.0 1286.0 736.0
ship 1464.0 870.0 1499.0 892.0
ship 1458.0 852.0 1494.0 877.0
ship 1454.0 836.0 1488.0 858.0
ship 1448.0 819.0 1483.0 843.0
ship 1575.0 925.0 1610.0 946.0
ship 1564.0 907.0 1606.0 932.0
ship 1563.0 892.0 1600.0 914.0
ship 1554.0 873.0 1596.0 898.0
ship 1549.0 856.0 1586.0 881.0
ship 1545.0 839.0 1584.0 863.0
ship 1539.0 823.0 1577.0 848.0
ship 1534.0 805.0 1575.0 831.0
ship 1530.0 789.0 1566.0 812.0
ship 1525.0 770.0 1562.0 794.0
ship 1522.0 755.0 1558.0 776.0
ship 1515.0 736.0 1553.0 761.0
ship 1507.0 719.0 1548.0 743.0
ship 1503.0 702.0 1540.0 727.0
ship 1500.0 689.0 1532.0 709.0
ship 1495.0 672.0 1534.0 694.0
ship 1412.0 696.0 1451.0 720.0
ship 1415.0 712.0 1451.0 734.0
ship 1420.0 727.0 1457.0 750.0
ship 1428.0 759.0 1466.0 781.0
ship 1433.0 773.0 1469.0 798.0
ship 1437.0 788.0 1475.0 812.0
ship 1444.0 804.0 1483.0 827.0
ship 1083.0 564.0 1139.0 597.0
ship 1078.0 546.0 1127.0 579.0
ship 1065.0 506.0 1116.0 537.0
ship 461.0 294.0 510.0 323.0
ship 541.0 559.0 591.0 589.0
ship 536.0 541.0 583.0 569.0
ship 532.0 519.0 580.0 548.0
ship 528.0 499.0 572.0 523.0
ship 517.0 478.0 569.0 507.0
ship 509.0 438.0 554.0 469.0
ship 502.0 417.0 544.0 444.0
ship 487.0 377.0 539.0 405.0
ship 488.0 358.0 527.0 383.0
ship 476.0 335.0 526.0 365.0
ship 472.0 316.0 517.0 343.0
ship 454.0 271.0 502.0 302.0
ship 408.0 507.0 449.0 532.0
ship 448.0 247.0 500.0 280.0
ship 340.0 285.0 388.0 311.0
ship 344.0 306.0 394.0 334.0
ship 351.0 325.0 400.0 353.0
ship 360.0 349.0 400.0 374.0
ship 363.0 367.0 407.0 395.0
ship 368.0 387.0 411.0 415.0
ship 376.0 407.0 419.0 434.0
ship 381.0 426.0 430.0 455.0
ship 387.0 448.0 431.0 476.0
ship 394.0 469.0 443.0 497.0
ship 549.0 601.0 597.0 628.0
ship 569.0 638.0 616.0 667.0
ship 571.0 662.0 619.0 689.0
ship 583.0 683.0 626.0 709.0
ship 512.0 254.0 554.0 277.0
ship 518.0 270.0 559.0 294.0
ship 527.0 304.0 569.0 330.0
ship 540.0 336.0 585.0 364.0
ship 544.0 358.0 582.0 380.0
ship 545.0 371.0 592.0 400.0
ship 556.0 397.0 599.0 432.0
ship 570.0 441.0 608.0 464.0
ship 575.0 457.0 614.0 481.0
ship 577.0 475.0 619.0 500.0
ship 580.0 492.0 624.0 519.0
ship 596.0 526.0 638.0 551.0
ship 601.0 546.0 636.0 568.0
ship 606.0 563.0 641.0 585.0
ship 617.0 611.0 660.0 637.0
ship 629.0 629.0 667.0 651.0
ship 631.0 661.0 672.0 687.0
ship 637.0 678.0 677.0 700.0
ship 643.0 692.0 685.0 718.0
ship 648.0 708.0 689.0 733.0
ship 599.0 730.0 703.0 782.0
ship 593.0 722.0 641.0 750.0
ship 587.0 700.0 636.0 731.0
ship 400.0 489.0 444.0 515.0
ship 410.0 530.0 455.0 553.0
ship 1058.0 485.0 1110.0 516.0
harbor 929.0 815.0 1150.0 1183.0
harbor 898.0 1964.0 1069.0 1984.0
harbor 914.0 1785.0 1077.0 1809.0
harbor 1060.0 2054.0 1173.0 2328.0
harbor 1140.0 2021.0 1310.0 2364.0
harbor 1276.0 1978.0 1454.0 2322.0
harbor 1480.0 1988.0 1929.0 2187.0
harbor 1437.0 1846.0 1890.0 2056.0
harbor 1405.0 1731.0 1856.0 1913.0
harbor 1356.0 1564.0 1824.0 1794.0
harbor 1294.0 1374.0 1768.0 1617.0
harbor 1232.0 1154.0 1715.0 1418.0
harbor 1144.0 750.0 1361.0 1112.0
ship 414.0 544.0 459.0 574.0
harbor 1349.0 700.0 1540.0 1054.0
harbor 1496.0 667.0 1640.0 1010.0
harbor 1363.0 198.0 1520.0 620.0
harbor 910.0 615.0 1528.0 852.0
harbor 1238.0 170.0 1424.0 577.0
harbor 1089.0 130.0 1310.0 599.0
harbor 906.0 105.0 1145.0 638.0
harbor 750.0 141.0 992.0 681.0
harbor 604.0 192.0 840.0 711.0
harbor 452.0 234.0 692.0 754.0
harbor 278.0 278.0 527.0 810.0
ship 280.0 302.0 335.0 330.0
ship 281.0 323.0 337.0 354.0
ship 288.0 346.0 345.0 378.0
ship 301.0 393.0 355.0 424.0
ship 422.0 563.0 468.0 591.0
ship 431.0 584.0 471.0 609.0
ship 434.0 602.0 481.0 630.0
ship 443.0 623.0 485.0 649.0
ship 444.0 645.0 488.0 669.0
ship 450.0 661.0 500.0 689.0
ship 456.0 682.0 500.0 708.0
ship 461.0 701.0 506.0 726.0
ship 466.0 718.0 510.0 745.0
ship 472.0 738.0 520.0 767.0
ship 482.0 758.0 524.0 782.0
ship 412.0 753.0 466.0 781.0
ship 406.0 730.0 461.0 763.0
ship 392.0 690.0 446.0 723.0
ship 387.0 670.0 442.0 699.0
ship 383.0 648.0 432.0 678.0
ship 373.0 628.0 426.0 657.0
ship 371.0 608.0 421.0 636.0
ship 360.0 564.0 411.0 594.0
ship 346.0 523.0 397.0 553.0
ship 337.0 502.0 388.0 530.0
ship 313.0 435.0 372.0 466.0
ship 308.0 414.0 362.0 444.0
ship 506.0 231.0 551.0 260.0
ship 602.0 207.0 643.0 233.0
ship 656.0 190.0 697.0 214.0
ship 795.0 665.0 835.0 687.0
ship 677.0 455.0 722.0 483.0
ship 684.0 472.0 728.0 499.0
ship 696.0 506.0 739.0 532.0
ship 707.0 542.0 751.0 567.0
ship 712.0 561.0 749.0 584.0
ship 720.0 592.0 764.0 620.0
ship 725.0 609.0 768.0 636.0
ship 733.0 627.0 774.0 652.0
ship 740.0 661.0 785.0 689.0
ship 747.0 676.0 792.0 704.0
ship 754.0 689.0 828.0 730.0
ship 793.0 649.0 833.0 671.0
ship 606.0 226.0 649.0 254.0
ship 785.0 631.0 825.0 656.0
ship 781.0 613.0 823.0 640.0
ship 773.0 597.0 817.0 623.0
ship 770.0 582.0 811.0 606.0
ship 764.0 564.0 807.0 591.0
ship 764.0 550.0 804.0 572.0
ship 761.0 532.0 797.0 554.0
ship 751.0 515.0 789.0 539.0
ship 741.0 481.0 779.0 507.0
ship 739.0 464.0 778.0 488.0
ship 726.0 430.0 765.0 458.0
ship 672.0 439.0 715.0 467.0
ship 672.0 422.0 713.0 447.0
ship 665.0 404.0 708.0 430.0
ship 660.0 386.0 703.0 416.0
ship 1053.0 465.0 1104.0 495.0
ship 1052.0 446.0 1096.0 473.0
ship 1045.0 426.0 1088.0 453.0
ship 1032.0 405.0 1086.0 435.0
ship 1024.0 365.0 1074.0 394.0
ship 1023.0 344.0 1067.0 373.0
ship 1001.0 284.0 1048.0 311.0
ship 992.0 262.0 1047.0 295.0
ship 988.0 243.0 1039.0 276.0
ship 980.0 224.0 1032.0 255.0
ship 970.0 182.0 1022.0 212.0
ship 962.0 161.0 1015.0 192.0
ship 957.0 142.0 1003.0 172.0
ship 951.0 121.0 1002.0 151.0
ship 905.0 135.0 941.0 158.0
ship 616.0 244.0 657.0 270.0
ship 620.0 261.0 665.0 290.0
ship 624.0 281.0 669.0 307.0
ship 632.0 298.0 675.0 325.0
ship 633.0 316.0 681.0 345.0
ship 642.0 333.0 689.0 363.0
ship 647.0 353.0 689.0 379.0
ship 652.0 370.0 697.0 399.0
ship 725.0 414.0 763.0 438.0
ship 718.0 398.0 758.0 424.0
ship 711.0 384.0 750.0 407.0
ship 891.0 613.0 933.0 638.0
ship 903.0 650.0 997.0 702.0
ship 948.0 633.0 990.0 658.0
ship 942.0 614.0 986.0 639.0
ship 935.0 577.0 972.0 608.0
ship 920.0 537.0 961.0 560.0
ship 915.0 521.0 956.0 544.0
ship 911.0 504.0 953.0 529.0
ship 908.0 487.0 948.0 511.0
ship 900.0 472.0 943.0 498.0
ship 896.0 455.0 937.0 479.0
ship 888.0 421.0 929.0 447.0
ship 878.0 383.0 928.0 413.0
ship 871.0 372.0 910.0 395.0
ship 867.0 353.0 910.0 378.0
ship 861.0 336.0 901.0 360.0
ship 858.0 320.0 899.0 344.0
ship 851.0 301.0 892.0 327.0
ship 841.0 274.0 886.0 309.0
ship 834.0 251.0 878.0 279.0
ship 829.0 234.0 870.0 259.0
ship 826.0 216.0 866.0 243.0
ship 813.0 181.0 856.0 209.0
ship 805.0 145.0 850.0 170.0
ship 896.0 630.0 936.0 653.0
ship 885.0 593.0 929.0 621.0
ship 712.0 365.0 747.0 389.0
ship 880.0 577.0 923.0 604.0
ship 702.0 345.0 745.0 374.0
ship 694.0 329.0 738.0 356.0
ship 676.0 264.0 715.0 288.0
ship 668.0 247.0 708.0 271.0
ship 663.0 226.0 709.0 255.0
ship 661.0 208.0 701.0 235.0
ship 755.0 161.0 792.0 186.0
ship 761.0 180.0 801.0 203.0
ship 760.0 195.0 808.0 223.0
ship 770.0 214.0 812.0 242.0
ship 775.0 233.0 819.0 260.0
ship 781.0 251.0 826.0 279.0
ship 787.0 268.0 830.0 295.0
ship 797.0 304.0 838.0 331.0
ship 801.0 320.0 848.0 349.0
ship 812.0 355.0 853.0 382.0
ship 818.0 373.0 861.0 400.0
ship 827.0 407.0 871.0 433.0
ship 839.0 441.0 882.0 467.0
ship 849.0 474.0 893.0 503.0
ship 851.0 492.0 898.0 520.0
ship 865.0 526.0 909.0 551.0
ship 874.0 545.0 910.0 568.0
ship 1670.0 1455.0 1699.0 1506.0
ship 1687.0 1651.0 1714.0 1697.0
ship 1729.0 1638.0 1755.0 1688.0
small-vehicle 1593.0 150.0 1612.0 163.0 difficult
small-vehicle 1566.0 263.0 1585.0 275.0 difficult
small-vehicle 1530.0 233.0 1552.0 247.0 difficult
small-vehicle 1547.0 209.0 1569.0 223.0 difficult
small-vehicle 1527.0 218.0 1547.0 231.0 difficult
small-vehicle 1522.0 197.0 1542.0 211.0 difficult
small-vehicle 1535.0 163.0 1558.0 177.0 difficult
small-vehicle 1538.0 179.0 1559.0 196.0 difficult
small-vehicle 1528.0 143.0 1552.0 159.0 difficult
small-vehicle 1510.0 150.0 1528.0 165.0 difficult
small-vehicle 1513.0 181.0 1535.0 193.0 difficult
small-vehicle 1512.0 161.0 1533.0 175.0 difficult
small-vehicle 1577.0 163.0 1595.0 176.0 difficult
small-vehicle 1500.0 126.0 1522.0 140.0 difficult
small-vehicle 1559.0 112.0 1576.0 123.0 difficult
small-vehicle 1522.0 112.0 1540.0 124.0 difficult
small-vehicle 1533.0 391.0 1552.0 405.0 difficult
small-vehicle 1529.0 374.0 1547.0 387.0 difficult
small-vehicle 1522.0 354.0 1542.0 368.0 difficult
small-vehicle 1515.0 328.0 1535.0 343.0 difficult
small-vehicle 1492.0 254.0 1513.0 269.0 difficult
small-vehicle 1490.0 245.0 1510.0 259.0 difficult
small-vehicle 1486.0 229.0 1505.0 241.0 difficult
small-vehicle 1476.0 200.0 1495.0 213.0 difficult
small-vehicle 1474.0 191.0 1493.0 204.0 difficult
small-vehicle 1607.0 40.0 1627.0 53.0 difficult
small-vehicle 1616.0 77.0 1635.0 91.0 difficult
small-vehicle 1586.0 188.0 1605.0 203.0 difficult
small-vehicle 1607.0 182.0 1629.0 197.0 difficult
small-vehicle 1551.0 447.0 1570.0 460.0 difficult
small-vehicle 1544.0 427.0 1563.0 441.0 difficult
small-vehicle 1541.0 420.0 1561.0 432.0 difficult
small-vehicle 1538.0 410.0 1557.0 425.0 difficult
small-vehicle 1579.0 398.0 1599.0 412.0 difficult
small-vehicle 1557.0 334.0 1581.0 350.0 difficult
small-vehicle 1579.0 318.0 1604.0 333.0 difficult
small-vehicle 1555.0 315.0 1578.0 329.0 difficult
small-vehicle 1615.0 298.0 1636.0 312.0 difficult
small-vehicle 1611.0 288.0 1630.0 302.0 difficult
small-vehicle 1551.0 295.0 1571.0 310.0 difficult
small-vehicle 1572.0 292.0 1591.0 304.0 difficult
small-vehicle 1568.0 281.0 1592.0 295.0 difficult
small-vehicle 1548.0 288.0 1568.0 301.0 difficult
small-vehicle 1611.0 271.0 1631.0 283.0 difficult
small-vehicle 1671.0 255.0 1691.0 268.0 difficult
small-vehicle 1666.0 241.0 1687.0 256.0 difficult
small-vehicle 1648.0 177.0 1670.0 193.0 difficult
small-vehicle 1640.0 149.0 1663.0 166.0 difficult
small-vehicle 1632.0 134.0 1652.0 148.0 difficult
small-vehicle 1616.0 95.0 1638.0 108.0 difficult
small-vehicle 1617.0 218.0 1638.0 232.0 difficult
small-vehicle 1609.0 193.0 1628.0 207.0 difficult
small-vehicle 1488.0 72.0 1507.0 84.0 difficult
small-vehicle 1495.0 110.0 1513.0 123.0 difficult
small-vehicle 654.0 1805.0 674.0 1822.0 difficult
ship 1367.0 217.0 1394.0 236.0 difficult
ship 1903.0 2031.0 1928.0 2070.0 difficult
ship 1282.0 1955.0 1341.0 1997.0 difficult
ship 1380.0 263.0 1400.0 275.0 difficult
ship 1383.0 280.0 1405.0 295.0 difficult
ship 1378.0 250.0 1401.0 264.0 difficult
ship 1462.0 535.0 1488.0 552.0 difficult
ship 1422.0 408.0 1445.0 423.0 difficult
ship 1421.0 390.0 1446.0 409.0 difficult
ship 1460.0 547.0 1493.0 570.0 difficult
ship 1400.0 554.0 1429.0 574.0 difficult
ship 1389.0 522.0 1417.0 541.0
ship 991.0 415.0 1026.0 436.0
small-vehicle 1458.0 139.0 1479.0 153.0 difficult
ship 1300.0 225.0 1327.0 241.0
ship 1238.0 174.0 1270.0 194.0
ship 1060.0 2052.0 1086.0 2068.0 difficult
ship 1440.0 1011.0 1493.0 1041.0 difficult
ship 1027.0 1165.0 1089.0 1207.0 difficult
ship 1309.0 1079.0 1367.0 1120.0 difficult
ship 1250.0 466.0 1282.0 485.0 difficult
ship 1165.0 178.0 1194.0 196.0
ship 1069.0 107.0 1106.0 128.0
ship 1059.0 86.0 1082.0 102.0
small-vehicle 710.0 1686.0 731.0 1700.0 difficult
ship 1209.0 2261.0 1235.0 2275.0 difficult
ship 1751.0 1877.0 1776.0 1916.0 difficult
ship 1531.0 1868.0 1574.0 1894.0 difficult
ship 1768.0 1453.0 1784.0 1477.0 difficult
small-vehicle 1514.0 92.0 1536.0 107.0 difficult
small-vehicle 1513.0 84.0 1532.0 97.0 difficult
small-vehicle 1547.0 73.0 1567.0 86.0 difficult
small-vehicle 1536.0 37.0 1557.0 51.0 difficult
small-vehicle 1554.0 21.0 1575.0 34.0 difficult
small-vehicle 1525.0 4.0 1543.0 16.0 difficult
small-vehicle 1489.0 92.0 1508.0 104.0 difficult
small-vehicle 1507.0 67.0 1524.0 79.0 difficult
small-vehicle 1508.0 38.0 1527.0 47.0 difficult
small-vehicle 1472.0 38.0 1492.0 49.0 difficult
small-vehicle 1476.0 48.0 1494.0 58.0 difficult
small-vehicle 1488.0 13.0 1509.0 25.0 difficult
small-vehicle 1463.0 10.0 1484.0 21.0 difficult
small-vehicle 1445.0 98.0 1462.0 110.0 difficult
small-vehicle 1447.0 108.0 1466.0 120.0 difficult
ship 1288.0 331.0 1319.0 350.0 difficult
ship 1341.0 359.0 1366.0 376.0 difficult
ship 1432.0 438.0 1465.0 466.0 difficult
ship 1356.0 415.0 1386.0 437.0 difficult
ship 1082.0 616.0 1142.0 652.0 difficult
ship 1630.0 968.0 1642.0 993.0 difficult
ship 1598.0 993.0 1641.0 1029.0 difficult
ship 1759.0 1423.0 1775.0 1448.0 difficult
small-vehicle 1588.0 424.0 1610.0 439.0 difficult
small-vehicle 1591.0 434.0 1615.0 447.0 difficult
small-vehicle 1616.0 425.0 1638.0 440.0 difficult
small-vehicle 2050.0 1802.0 2064.0 1824.0 difficult
small-vehicle 2026.0 1662.0 2050.0 1678.0 difficult
small-vehicle 2040.0 1695.0 2067.0 1710.0 difficult
small-vehicle 2068.0 1747.0 2094.0 1763.0 difficult
small-vehicle 2001.0 1737.0 2021.0 1751.0 difficult
small-vehicle 2001.0 1748.0 2019.0 1762.0 difficult
small-vehicle 2014.0 1792.0 2027.0 1813.0 difficult
small-vehicle 2032.0 1783.0 2046.0 1805.0 difficult
small-vehicle 2050.0 1779.0 2066.0 1802.0 difficult
small-vehicle 2021.0 1813.0 2034.0 1834.0 difficult
small-vehicle 2029.0 1809.0 2044.0 1830.0 difficult
small-vehicle 2039.0 1805.0 2052.0 1826.0 difficult
small-vehicle 2066.0 1798.0 2081.0 1820.0 difficult
small-vehicle 1599.0 452.0 1620.0 464.0 difficult
small-vehicle 2103.0 1788.0 2116.0 1808.0 difficult
small-vehicle 2118.0 1781.0 2134.0 1807.0 difficult
small-vehicle 2076.0 1838.0 2092.0 1862.0 difficult
small-vehicle 2113.0 1826.0 2126.0 1848.0 difficult
small-vehicle 2123.0 1827.0 2135.0 1846.0 difficult
small-vehicle 2148.0 1819.0 2164.0 1840.0 difficult
large-vehicle 2165.0 1806.0 2183.0 1833.0 difficult
small-vehicle 2050.0 2401.0 2071.0 2417.0 difficult
small-vehicle 1841.0 1403.0 1863.0 1418.0 difficult
small-vehicle 1828.0 1347.0 1850.0 1359.0 difficult
small-vehicle 1808.0 1282.0 1828.0 1296.0 difficult
small-vehicle 2057.0 1721.0 2079.0 1737.0 difficult
large-vehicle 2077.0 1712.0 2107.0 1731.0 difficult
small-vehicle 2054.0 1663.0 2076.0 1679.0 difficult
small-vehicle 1985.0 1692.0 2009.0 1707.0 difficult
small-vehicle 1653.0 355.0 1673.0 370.0 difficult
ship 1081.0 2154.0 1089.0 2166.0 difficult
ship 1802.0 1564.0 1812.0 1580.0 difficult
ship 1731.0 1330.0 1742.0 1349.0 difficult
ship 1752.0 1402.0 1761.0 1417.0 difficult
ship 1334.0 345.0 1363.0 363.0 difficult
ship 910.0 106.0 920.0 117.0 difficult
ship 801.0 137.0 817.0 146.0 difficult
ship 740.0 156.0 755.0 167.0 difficult
ship 701.0 171.0 711.0 177.0 difficult
ship 692.0 298.0 735.0 328.0 difficult
small-vehicle 2070.0 1237.0 2088.0 1262.0 difficult
ship 1875.0 1847.0 1892.0 1875.0 difficult
small-vehicle 2020.0 1564.0 2044.0 1580.0 difficult
small-vehicle 2005.0 1599.0 2028.0 1615.0 difficult
small-vehicle 2028.0 1592.0 2053.0 1607.0 difficult
small-vehicle 1964.0 1627.0 1986.0 1642.0 difficult
small-vehicle 1967.0 1636.0 1990.0 1651.0 difficult
small-vehicle 2041.0 1638.0 2066.0 1653.0 difficult
large-vehicle 2034.0 1628.0 2065.0 1646.0 difficult
small-vehicle 1976.0 1666.0 2002.0 1679.0 difficult
small-vehicle 1982.0 1674.0 2002.0 1688.0 difficult
small-vehicle 1981.0 1683.0 2004.0 1697.0 difficult
small-vehicle 1922.0 1227.0 1933.0 1247.0 difficult
small-vehicle 1909.0 1231.0 1922.0 1251.0 difficult
small-vehicle 1909.0 1208.0 1922.0 1229.0 difficult
small-vehicle 1683.0 746.0 1710.0 762.0 difficult
small-vehicle 1691.0 909.0 1713.0 927.0 difficult
small-vehicle 1683.0 884.0 1705.0 899.0 difficult
small-vehicle 1680.0 874.0 1704.0 890.0 difficult
small-vehicle 1674.0 855.0 1695.0 871.0 difficult
small-vehicle 1666.0 829.0 1690.0 844.0 difficult
small-vehicle 1660.0 811.0 1681.0 827.0 difficult
small-vehicle 1655.0 802.0 1680.0 818.0 difficult
small-vehicle 1646.0 770.0 1670.0 788.0 difficult
small-vehicle 1651.0 785.0 1671.0 799.0 difficult
small-vehicle 1631.0 726.0 1655.0 741.0 difficult
small-vehicle 1629.0 715.0 1653.0 730.0 difficult
small-vehicle 1732.0 626.0 1755.0 639.0 difficult
small-vehicle 1731.0 616.0 1753.0 629.0 difficult
small-vehicle 1693.0 493.0 1712.0 505.0 difficult
small-vehicle 1538.0 27.0 1555.0 39.0 difficult
small-vehicle 1507.0 57.0 1525.0 68.0 difficult
small-vehicle 1480.0 64.0 1501.0 75.0 difficult
small-vehicle 1616.0 62.0 1636.0 73.0 difficult
small-vehicle 1676.0 278.0 1694.0 294.0 difficult
small-vehicle 1642.0 312.0 1661.0 324.0 difficult
small-vehicle 1643.0 324.0 1665.0 337.0 difficult
small-vehicle 1712.0 398.0 1734.0 412.0 difficult
small-vehicle 1654.0 415.0 1677.0 429.0 difficult
small-vehicle 1694.0 928.0 1722.0 945.0 difficult
small-vehicle 1706.0 737.0 1726.0 750.0 difficult
small-vehicle 1897.0 1168.0 1911.0 1186.0 difficult
small-vehicle 1687.0 765.0 1709.0 779.0 difficult
small-vehicle 1900.0 1212.0 1913.0 1230.0 difficult
small-vehicle 1820.0 1168.0 1834.0 1186.0 difficult
small-vehicle 1840.0 1227.0 1854.0 1248.0 difficult
small-vehicle 1856.0 1158.0 1868.0 1179.0 difficult
small-vehicle 1894.0 1145.0 1908.0 1166.0 difficult
small-vehicle 1890.0 1103.0 1907.0 1125.0 difficult
small-vehicle 1808.0 1126.0 1824.0 1149.0 difficult
small-vehicle 1737.0 708.0 1754.0 719.0 difficult
small-vehicle 1742.0 723.0 1760.0 736.0 difficult
small-vehicle 1765.0 728.0 1786.0 744.0 difficult
small-vehicle 1848.0 856.0 1874.0 870.0 difficult
small-vehicle 1807.0 861.0 1827.0 875.0 difficult
small-vehicle 1785.0 808.0 1811.0 823.0 difficult
small-vehicle 1773.0 781.0 1800.0 796.0 difficult
small-vehicle 1734.0 888.0 1761.0 903.0 difficult
small-vehicle 1724.0 863.0 1749.0 880.0 difficult
small-vehicle 1721.0 857.0 1738.0 869.0 difficult
small-vehicle 1735.0 826.0 1753.0 838.0 difficult
small-vehicle 1728.0 808.0 1748.0 822.0 difficult
small-vehicle 1719.0 769.0 1740.0 785.0 difficult
small-vehicle 1698.0 792.0 1717.0 804.0 difficult
small-vehicle 1694.0 782.0 1716.0 798.0 difficult
small-vehicle 1693.0 774.0 1716.0 788.0 difficult
small-vehicle 730.0 1750.0 750.0 1760.0 difficult
small-vehicle 650.0 1864.0 668.0 1880.0 difficult
ship 1754.0 1633.0 1780.0 1678.0
ship 1072.0 1067.0 1134.0 1102.0
ship 1183.0 904.0 1249.0 940.0
ship 1194.0 929.0 1255.0 963.0
ship 1203.0 972.0 1271.0 1010.0
ship 1216.0 1002.0 1272.0 1036.0
ship 1218.0 1023.0 1284.0 1060.0
ship 1227.0 1044.0 1294.0 1083.0
ship 1233.0 1068.0 1298.0 1105.0
ship 1243.0 1093.0 1311.0 1130.0
ship 1092.0 1142.0 1156.0 1175.0
ship 1011.0 1138.0 1083.0 1174.0
ship 1009.0 1112.0 1074.0 1145.0
ship 1058.0 1020.0 1121.0 1055.0
ship 1012.0 859.0 1072.0 894.0
ship 985.0 1035.0 1047.0 1071.0
ship 971.0 1007.0 1044.0 1046.0
ship 1044.0 972.0 1106.0 1007.0
ship 969.0 984.0 1035.0 1021.0
ship 965.0 959.0 1027.0 995.0
ship 1035.0 950.0 1098.0 984.0
ship 958.0 936.0 1023.0 971.0
ship 947.0 913.0 1012.0 947.0
ship 1024.0 902.0 1094.0 939.0
ship 1015.0 884.0 1070.0 917.0
ship 934.0 887.0 1006.0 924.0
ship 1176.0 881.0 1242.0 919.0
ship 1182.0 859.0 1237.0 893.0
ship 1160.0 815.0 1218.0 848.0
ship 1148.0 774.0 1202.0 804.0
ship 1416.0 1732.0 1443.0 1780.0
ship 1418.0 1675.0 1446.0 1718.0
ship 1400.0 1680.0 1427.0 1727.0
ship 1380.0 1686.0 1408.0 1731.0
ship 1362.0 1694.0 1389.0 1738.0
ship 1375.0 1744.0 1404.0 1791.0
ship 1338.0 1708.0 1387.0 1808.0
ship 1078.0 742.0 1110.0 794.0
ship 1141.0 722.0 1171.0 774.0
ship 1160.0 715.0 1192.0 768.0
ship 1181.0 709.0 1209.0 756.0
ship 1302.0 1052.0 1356.0 1086.0
ship 1295.0 1033.0 1346.0 1062.0
ship 1288.0 1006.0 1350.0 1039.0
ship 1283.0 985.0 1342.0 1018.0
ship 1275.0 965.0 1332.0 998.0
ship 1273.0 943.0 1322.0 973.0
ship 1256.0 898.0 1311.0 931.0
ship 1258.0 878.0 1304.0 908.0
ship 1248.0 857.0 1302.0 887.0
ship 1243.0 833.0 1294.0 864.0
ship 1235.0 819.0 1284.0 844.0
ship 1222.0 772.0 1279.0 804.0
ship 934.0 862.0 1001.0 897.0
ship 1004.0 837.0 1064.0 870.0
ship 754.0 1919.0 786.0 1931.0 difficult
ship 1624.0 1669.0 1651.0 1718.0
ship 1624.0 1794.0 1650.0 1838.0
ship 1646.0 1787.0 1672.0 1831.0
ship 1664.0 1782.0 1691.0 1824.0
ship 1686.0 1778.0 1711.0 1819.0
ship 1499.0 1644.0 1527.0 1696.0
ship 1522.0 1641.0 1550.0 1690.0
ship 1540.0 1637.0 1566.0 1680.0
ship 1540.0 1696.0 1566.0 1742.0
ship 1565.0 1629.0 1593.0 1675.0
ship 1585.0 1621.0 1615.0 1670.0
ship 1582.0 1682.0 1607.0 1729.0
ship 1646.0 1664.0 1672.0 1711.0
ship 995.0 813.0 1061.0 849.0
ship 1604.0 1614.0 1635.0 1665.0
ship 1696.0 1596.0 1722.0 1639.0
ship 1651.0 1603.0 1679.0 1652.0
ship 1706.0 1774.0 1730.0 1811.0
ship 1744.0 1757.0 1772.0 1804.0
ship 1785.0 1739.0 1813.0 1785.0
ship 1807.0 1740.0 1833.0 1783.0
ship 1794.0 1625.0 1824.0 1674.0
ship 1777.0 1567.0 1803.0 1614.0
ship 1713.0 1584.0 1743.0 1633.0
ship 1736.0 1579.0 1762.0 1624.0
ship 1603.0 1799.0 1627.0 1840.0
ship 1582.0 1806.0 1609.0 1850.0
ship 1424.0 1893.0 1479.0 1927.0
ship 1466.0 1843.0 1490.0 1886.0
ship 932.0 840.0 993.0 870.0
ship 1039.0 754.0 1069.0 805.0
ship 1017.0 756.0 1048.0 812.0
ship 998.0 767.0 1027.0 813.0
ship 977.0 774.0 1005.0 821.0
ship 956.0 770.0 985.0 826.0
ship 936.0 784.0 966.0 832.0
ship 1005.0 1084.0 1065.0 1117.0
ship 1459.0 2115.0 1505.0 2194.0
ship 1609.0 1972.0 1632.0 2009.0
ship 1589.0 1973.0 1612.0 2014.0
ship 1476.0 2010.0 1500.0 2048.0
ship 1514.0 1999.0 1536.0 2036.0
ship 1569.0 1984.0 1593.0 2022.0
ship 1547.0 1937.0 1572.0 1978.0
ship 1505.0 1951.0 1530.0 1990.0
ship 1462.0 1962.0 1488.0 2004.0
ship 1444.0 1965.0 1470.0 2010.0
ship 1419.0 1976.0 1462.0 2058.0
ship 1390.0 1867.0 1420.0 1914.0
ship 1410.0 1859.0 1435.0 1898.0
ship 1542.0 1819.0 1568.0 1861.0
ship 1520.0 1825.0 1548.0 1868.0
ship 1435.0 1725.0 1461.0 1773.0
ship 1454.0 1661.0 1485.0 1710.0
ship 1477.0 1655.0 1507.0 1702.0
ship 1831.0 1852.0 1856.0 1893.0
ship 383.0 262.0 406.0 275.0
ship 352.0 269.0 376.0 285.0
ship 311.0 280.0 338.0 298.0
ship 1875.0 2131.0 1899.0 2167.0
ship 1839.0 2143.0 1862.0 2179.0
ship 1632.0 1913.0 1652.0 1949.0
ship 1647.0 1957.0 1670.0 1998.0
ship 1687.0 1950.0 1709.0 1985.0
ship 1709.0 1941.0 1730.0 1981.0
ship 1747.0 1927.0 1770.0 1967.0
ship 1852.0 1848.0 1874.0 1888.0
ship 1811.0 1859.0 1836.0 1901.0
ship 1517.0 1702.0 1541.0 1752.0
ship 1769.0 1867.0 1797.0 1911.0
ship 1767.0 1923.0 1792.0 1964.0
ship 1804.0 1911.0 1827.0 1952.0
ship 1826.0 1904.0 1849.0 1942.0
ship 1851.0 1995.0 1877.0 2033.0
ship 1871.0 1991.0 1892.0 2029.0
ship 1887.0 2038.0 1908.0 2072.0
ship 1863.0 2041.0 1886.0 2077.0
ship 1828.0 2053.0 1852.0 2089.0
ship 1834.0 2003.0 1859.0 2041.0
ship 1816.0 2009.0 1839.0 2042.0
ship 421.0 247.0 448.0 265.0
ship 465.0 234.0 490.0 251.0
ship 577.0 200.0 605.0 217.0
ship 608.0 194.0 628.0 208.0
ship 726.0 1920.0 752.0 1931.0 difficult
ship 727.0 1873.0 750.0 1883.0
ship 751.0 1873.0 774.0 1883.0 difficult
small-vehicle 802.0 1968.0 813.0 1988.0
small-vehicle 782.0 2040.0 800.0 2059.0 difficult
small-vehicle 947.0 2193.0 963.0 2211.0 difficult
small-vehicle 991.0 2344.0 1012.0 2355.0 difficult
small-vehicle 730.0 2106.0 753.0 2117.0
small-vehicle 704.0 2085.0 726.0 2098.0 difficult
small-vehicle 707.0 2099.0 728.0 2110.0 difficult
small-vehicle 708.0 2111.0 730.0 2124.0 difficult
small-vehicle 708.0 2124.0 729.0 2137.0 difficult
small-vehicle 716.0 2153.0 738.0 2165.0 difficult
small-vehicle 750.0 2256.0 772.0 2266.0 difficult
small-vehicle 748.0 2247.0 766.0 2256.0 difficult
small-vehicle 729.0 2176.0 748.0 2189.0 difficult
small-vehicle 765.0 2201.0 784.0 2212.0 difficult
small-vehicle 762.0 2212.0 782.0 2223.0 difficult
large-vehicle 855.0 2138.0 879.0 2152.0
small-vehicle 835.0 2236.0 856.0 2258.0 difficult
small-vehicle 820.0 2254.0 840.0 2275.0 difficult
large-vehicle 954.0 2226.0 985.0 2258.0
small-vehicle 924.0 2363.0 942.0 2372.0 difficult
ship 1799.0 2015.0 1822.0 2049.0
ship 1780.0 2019.0 1803.0 2056.0
ship 1777.0 2071.0 1798.0 2103.0
ship 1225.0 2179.0 1273.0 2206.0
ship 1203.0 2101.0 1246.0 2125.0
ship 1171.0 2143.0 1203.0 2163.0
ship 1103.0 2162.0 1128.0 2180.0
ship 1093.0 2133.0 1120.0 2150.0
ship 1081.0 2095.0 1114.0 2117.0
ship 1074.0 2066.0 1104.0 2084.0
ship 1140.0 2043.0 1170.0 2063.0
ship 1140.0 2005.0 1212.0 2043.0
ship 1289.0 2034.0 1330.0 2058.0
ship 1296.0 2051.0 1338.0 2076.0
ship 1301.0 2069.0 1343.0 2098.0
ship 1314.0 2110.0 1357.0 2136.0
ship 1320.0 2152.0 1367.0 2178.0
ship 1356.0 2255.0 1394.0 2279.0
ship 1390.0 2200.0 1430.0 2225.0
ship 1367.0 2120.0 1406.0 2143.0
ship 1353.0 2076.0 1394.0 2101.0
ship 1343.0 2035.0 1382.0 2061.0
ship 1334.0 2019.0 1376.0 2045.0
ship 1331.0 2000.0 1371.0 2026.0
ship 1453.0 1719.0 1481.0 1769.0
ship 1473.0 1714.0 1501.0 1764.0
ship 1502.0 1712.0 1524.0 1755.0
ship 1215.0 2140.0 1253.0 2165.0
ship 1180.0 2174.0 1213.0 2194.0
ship 1724.0 2039.0 1743.0 2067.0
ship 1115.0 2211.0 1150.0 2232.0
ship 1708.0 2041.0 1730.0 2078.0
ship 1687.0 2046.0 1713.0 2083.0
ship 1649.0 2056.0 1672.0 2094.0
ship 1614.0 2119.0 1635.0 2150.0
ship 1632.0 2112.0 1652.0 2146.0
ship 1646.0 2105.0 1669.0 2141.0
ship 1702.0 2088.0 1725.0 2127.0
ship 1746.0 2168.0 1769.0 2207.0
ship 1713.0 2178.0 1733.0 2214.0
ship 1676.0 2192.0 1700.0 2227.0
ship 1583.0 2221.0 1604.0 2253.0
ship 1546.0 2230.0 1567.0 2264.0
ship 1504.0 2148.0 1524.0 2183.0
ship 1539.0 2137.0 1559.0 2172.0
ship 1572.0 2127.0 1595.0 2164.0
ship 1562.0 2088.0 1584.0 2123.0
ship 1528.0 2097.0 1548.0 2130.0
ship 1505.0 2100.0 1530.0 2137.0
ship 1488.0 2107.0 1510.0 2144.0
ship 1517.0 2239.0 1539.0 2276.0
ship 1245.0 2240.0 1285.0 2265.0
ship 1197.0 2225.0 1227.0 2246.0
ship 1128.0 2261.0 1165.0 2284.0
roundabout 144.0 50.0 181.0 87.0
