swimming-pool 1696.0 2022.0 1812.0 2127.0
harbor 2121.0 1597.0 2407.0 2094.0
small-vehicle 311.0 1801.0 346.0 1848.0
small-vehicle 337.0 1663.0 356.0 1702.0
small-vehicle 332.0 1131.0 381.0 1174.0
ship 570.0 348.0 626.0 407.0
swimming-pool 899.0 1766.0 985.0 1830.0
swimming-pool 648.0 1587.0 748.0 1676.0
swimming-pool 597.0 1344.0 669.0 1428.0
swimming-pool 449.0 1160.0 525.0 1281.0
swimming-pool 248.0 1020.0 345.0 1110.0
harbor 1794.0 1434.0 2106.0 1919.0
swimming-pool 65.0 853.0 157.0 941.0
harbor 1644.0 1330.0 1980.0 1839.0
harbor 1452.0 1301.0 1745.0 1734.0
harbor 1300.0 1157.0 1627.0 1651.0
harbor 1082.0 1005.0 1443.0 1529.0
harbor 848.0 912.0 1241.0 1368.0
harbor 663.0 743.0 1051.0 1193.0
harbor 497.0 599.0 930.0 1039.0
harbor 392.0 489.0 795.0 921.0
harbor 209.0 325.0 652.0 793.0
small-vehicle 567.0 1836.0 592.0 1874.0
small-vehicle 536.0 1899.0 576.0 1938.0
small-vehicle 1396.0 2100.0 1435.0 2147.0
small-vehicle 1268.0 2082.0 1311.0 2130.0
swimming-pool 1607.0 1976.0 1667.0 2039.0
small-vehicle 776.0 2050.0 806.0 2096.0 difficult
small-vehicle 702.0 1954.0 735.0 1978.0 difficult
small-vehicle 17.0 1753.0 57.0 1772.0 difficult
small-vehicle 28.0 1778.0 67.0 1809.0 difficult
small-vehicle 447.0 1778.0 492.0 1818.0 difficult
small-vehicle 687.0 1762.0 728.0 1809.0 difficult
ship 1665.0 1445.0 1688.0 1475.0
ship 1613.0 1437.0 1638.0 1467.0
ship 1111.0 985.0 1134.0 1010.0
ship 963.0 751.0 998.0 796.0
ship 728.0 513.0 783.0 571.0
ship 545.0 397.0 573.0 425.0
ship 1358.0 1025.0 1409.0 1083.0
ship 1885.0 1332.0 1941.0 1404.0
ship 1667.0 1303.0 1716.0 1365.0
small-vehicle 1378.0 2086.0 1410.0 2127.0
small-vehicle 1143.0 2021.0 1183.0 2068.0
small-vehicle 1208.0 2056.0 1255.0 2087.0
harbor 39.0 169.0 465.0 602.0
