small-vehicle 849.0 20.0 873.0 59.0 difficult
ship 1920.0 377.0 1938.0 417.0
harbor 269.0 277.0 441.0 711.0
harbor 434.0 328.0 637.0 1029.0
harbor 869.0 430.0 1070.0 1022.0
harbor 1298.0 400.0 1419.0 762.0
harbor 1571.0 535.0 1676.0 931.0
harbor 1830.0 468.0 2030.0 1006.0
harbor 2163.0 554.0 2354.0 1090.0
harbor 2304.0 570.0 2499.0 1150.0
harbor 2498.0 624.0 2742.0 1152.0
swimming-pool 1405.0 188.0 1515.0 280.0
swimming-pool 1876.0 227.0 1959.0 306.0
small-vehicle 942.0 60.0 964.0 103.0
small-vehicle 915.0 71.0 940.0 115.0
ship 873.0 944.0 908.0 1002.0
ship 951.0 925.0 1007.0 1018.0
ship 1918.0 914.0 1969.0 1013.0
small-vehicle 2435.0 68.0 2462.0 112.0
ship 2340.0 1076.0 2378.0 1144.0
swimming-pool 1622.0 227.0 1706.0 289.0
swimming-pool 637.0 189.0 731.0 272.0
swimming-pool 297.0 8.0 418.0 104.0
ship 596.0 415.0 612.0 448.0
ship 560.0 418.0 575.0 451.0
ship 1843.0 927.0 1873.0 990.0
ship 2766.0 585.0 2808.0 618.0
harbor 110.0 225.0 157.0 410.0
