small-vehicle 1259.0 2676.0 1298.0 2707.0 difficult
ship 995.0 3147.0 1012.0 3187.0
harbor 903.0 543.0 1267.0 727.0
harbor 603.0 1331.0 1109.0 1575.0
harbor 486.0 1910.0 967.0 2106.0
harbor 424.0 1656.0 979.0 2017.0
harbor 119.0 2561.0 547.0 2774.0
harbor 163.0 2179.0 606.0 2417.0
harbor 178.0 2977.0 468.0 3227.0
ship 215.0 2258.0 284.0 2295.0
small-vehicle 1279.0 2066.0 1323.0 2116.0
small-vehicle 1319.0 2088.0 1358.0 2130.0
small-vehicle 1266.0 2121.0 1301.0 2150.0
small-vehicle 1116.0 2374.0 1161.0 2398.0
small-vehicle 1260.0 2385.0 1299.0 2409.0
small-vehicle 1024.0 2687.0 1066.0 2712.0
small-vehicle 1027.0 2662.0 1076.0 2694.0
small-vehicle 1160.0 2834.0 1188.0 2873.0
small-vehicle 1166.0 3167.0 1201.0 3203.0
small-vehicle 1182.0 3174.0 1226.0 3216.0
small-vehicle 1207.0 3183.0 1249.0 3227.0
harbor 961.0 126.0 1240.0 338.0
