ship 647.0 104.0 661.0 129.0 difficult
harbor 672.0 24.0 751.0 72.0
harbor 762.0 295.0 841.0 339.0
harbor 494.0 322.0 587.0 408.0
harbor 467.0 356.0 495.0 383.0
harbor 462.0 397.0 603.0 532.0
harbor 401.0 481.0 541.0 605.0
harbor 362.0 570.0 485.0 681.0
small-vehicle 24.0 193.0 46.0 205.0
small-vehicle 38.0 216.0 53.0 236.0
small-vehicle 39.0 242.0 59.0 269.0
small-vehicle 123.0 232.0 146.0 243.0
small-vehicle 32.0 328.0 53.0 338.0
small-vehicle 189.0 336.0 214.0 353.0
small-vehicle 222.0 331.0 245.0 352.0
small-vehicle 224.0 320.0 247.0 338.0
small-vehicle 138.0 622.0 160.0 641.0
small-vehicle 29.0 542.0 44.0 565.0
small-vehicle 392.0 103.0 419.0 128.0
small-vehicle 513.0 24.0 539.0 43.0
small-vehicle 449.0 4.0 463.0 22.0
ship 129.0 554.0 153.0 592.0
ship 468.0 644.0 504.0 685.0
ship 559.0 376.0 588.0 402.0
ship 214.0 345.0 242.0 366.0
harbor 192.0 718.0 420.0 935.0
ship 329.0 511.0 349.0 530.0
ship 767.0 331.0 795.0 350.0
small-vehicle 345.0 447.0 359.0 460.0 difficult
ship 696.0 139.0 722.0 173.0
small-vehicle 382.0 390.0 397.0 409.0
harbor 711.0 131.0 765.0 179.0
