small-vehicle 557.0 1063.0 582.0 1101.0 difficult
ship 1546.0 505.0 1569.0 537.0
swimming-pool 145.0 251.0 191.0 310.0
harbor 152.0 464.0 214.0 519.0
harbor 286.0 354.0 342.0 459.0
harbor 319.0 279.0 441.0 431.0
harbor 473.0 240.0 573.0 359.0
swimming-pool 708.0 22.0 765.0 79.0
harbor 1059.0 79.0 1179.0 189.0
harbor 1312.0 39.0 1380.0 172.0
harbor 1561.0 503.0 1597.0 593.0
harbor 1410.0 505.0 1468.0 585.0
harbor 1287.0 520.0 1343.0 588.0
harbor 1195.0 882.0 1250.0 913.0
harbor 409.0 789.0 516.0 906.0
ship 479.0 299.0 508.0 337.0
ship 369.0 390.0 394.0 419.0
ship 500.0 13.0 528.0 50.0
small-vehicle 143.0 113.0 156.0 138.0
small-vehicle 853.0 843.0 876.0 858.0
small-vehicle 896.0 863.0 909.0 886.0
small-vehicle 892.0 893.0 903.0 914.0
small-vehicle 701.0 1056.0 716.0 1086.0
ship 830.0 853.0 858.0 878.0
ship 1196.0 884.0 1211.0 912.0
swimming-pool 30.0 306.0 60.0 350.0
