small-vehicle 631.0 177.0 648.0 200.0
harbor 758.0 381.0 818.0 461.0
harbor 333.0 123.0 372.0 198.0
harbor 280.0 439.0 327.0 501.0
harbor 433.0 577.0 494.0 659.0
harbor 586.0 659.0 661.0 753.0
harbor 769.0 741.0 818.0 811.0
harbor 965.0 493.0 1033.0 579.0
harbor 1125.0 545.0 1194.0 619.0
harbor 454.0 213.0 523.0 301.0
harbor 556.0 276.0 646.0 375.0
ship 317.0 158.0 339.0 200.0
small-vehicle 1064.0 318.0 1085.0 327.0 difficult
ship 559.0 325.0 594.0 356.0
ship 786.0 721.0 825.0 750.0
ship 950.0 536.0 974.0 572.0
ship 743.0 418.0 769.0 451.0
ship 308.0 453.0 331.0 481.0
ship 782.0 749.0 792.0 770.0
ship 1146.0 564.0 1172.0 589.0
small-vehicle 1060.0 291.0 1080.0 301.0 difficult
small-vehicle 1058.0 304.0 1080.0 313.0 difficult
harbor 157.0 72.0 222.0 146.0
