small-vehicle 1238.0 935.0 1257.0 960.0 difficult
small-vehicle 855.0 450.0 876.0 468.0 difficult
swimming-pool 1221.0 1191.0 1262.0 1236.0
swimming-pool 1163.0 1019.0 1198.0 1049.0
small-vehicle 1056.0 591.0 1069.0 616.0
small-vehicle 805.0 297.0 826.0 317.0
harbor 946.0 1278.0 1131.0 1411.0
harbor 822.0 1033.0 1044.0 1197.0
harbor 869.0 963.0 973.0 1052.0
harbor 651.0 802.0 834.0 938.0
harbor 487.0 526.0 652.0 658.0
swimming-pool 657.0 308.0 716.0 375.0
harbor 271.0 292.0 449.0 455.0
harbor 131.0 165.0 387.0 383.0
