ship 1206.0 1556.0 1215.0 1570.0 difficult
ship 788.0 1169.0 815.0 1197.0
ship 698.0 1148.0 725.0 1180.0
ship 752.0 1137.0 778.0 1166.0
ship 710.0 1158.0 739.0 1187.0
ship 723.0 1169.0 750.0 1199.0
ship 738.0 1182.0 763.0 1208.0
ship 748.0 1191.0 774.0 1221.0
ship 762.0 1203.0 788.0 1232.0
ship 764.0 1148.0 794.0 1179.0
ship 778.0 1159.0 804.0 1189.0
ship 775.0 1212.0 801.0 1242.0
ship 445.0 1512.0 486.0 1556.0
ship 801.0 1183.0 826.0 1210.0
ship 787.0 1223.0 813.0 1251.0
ship 817.0 1194.0 839.0 1220.0
ship 799.0 1232.0 826.0 1262.0
ship 827.0 1200.0 855.0 1230.0
ship 840.0 1211.0 867.0 1241.0
ship 812.0 1243.0 840.0 1273.0
ship 855.0 1222.0 880.0 1251.0
ship 836.0 1266.0 863.0 1298.0
ship 686.0 1139.0 712.0 1169.0
ship 673.0 1125.0 702.0 1158.0
ship 660.0 1113.0 689.0 1145.0
ship 645.0 1103.0 676.0 1137.0
ship 442.0 1057.0 476.0 1093.0
ship 431.0 1046.0 459.0 1080.0
ship 413.0 1033.0 447.0 1070.0
ship 401.0 1026.0 430.0 1057.0
ship 386.0 1014.0 417.0 1047.0
ship 471.0 956.0 500.0 986.0
ship 485.0 968.0 511.0 997.0
ship 496.0 977.0 524.0 1008.0
ship 510.0 991.0 535.0 1020.0
ship 525.0 1002.0 547.0 1028.0
ship 533.0 1011.0 561.0 1040.0
ship 547.0 1020.0 577.0 1048.0
ship 559.0 1029.0 586.0 1060.0
ship 572.0 1042.0 599.0 1070.0
ship 583.0 1051.0 613.0 1084.0
ship 601.0 1066.0 625.0 1091.0
ship 610.0 1073.0 636.0 1103.0
ship 624.0 1083.0 650.0 1112.0
ship 635.0 1095.0 663.0 1125.0
ship 848.0 1276.0 876.0 1307.0
ship 863.0 1286.0 888.0 1313.0
ship 876.0 1243.0 906.0 1274.0
ship 575.0 892.0 603.0 923.0
ship 601.0 913.0 626.0 940.0
ship 615.0 923.0 642.0 952.0
ship 627.0 933.0 654.0 964.0
ship 641.0 949.0 665.0 974.0
ship 652.0 955.0 679.0 987.0
ship 665.0 969.0 689.0 995.0
ship 698.0 962.0 715.0 977.0
ship 717.0 978.0 737.0 997.0
ship 690.0 988.0 717.0 1019.0
ship 702.0 1000.0 728.0 1028.0
ship 714.0 1009.0 741.0 1039.0
ship 727.0 1021.0 752.0 1050.0
ship 740.0 1030.0 766.0 1060.0
ship 735.0 992.0 768.0 1022.0
ship 753.0 1042.0 779.0 1072.0
ship 764.0 1053.0 791.0 1083.0
ship 779.0 1063.0 804.0 1092.0
ship 789.0 1070.0 819.0 1103.0
ship 802.0 1084.0 829.0 1114.0
ship 590.0 903.0 614.0 930.0
ship 563.0 883.0 590.0 913.0
ship 888.0 1256.0 915.0 1286.0
ship 551.0 872.0 575.0 901.0
ship 879.0 1281.0 923.0 1332.0
ship 716.0 1106.0 741.0 1131.0
ship 702.0 1098.0 726.0 1125.0
ship 689.0 1085.0 713.0 1113.0
ship 661.0 1063.0 690.0 1091.0
ship 650.0 1054.0 677.0 1079.0
ship 638.0 1044.0 659.0 1067.0
ship 625.0 1034.0 650.0 1061.0
ship 613.0 1020.0 641.0 1050.0
ship 601.0 1009.0 624.0 1040.0
ship 588.0 999.0 614.0 1027.0
ship 574.0 986.0 602.0 1019.0
ship 561.0 978.0 586.0 1006.0
ship 549.0 968.0 574.0 996.0
ship 536.0 956.0 562.0 986.0
ship 523.0 945.0 552.0 975.0
ship 511.0 936.0 536.0 966.0
ship 500.0 929.0 525.0 956.0
ship 460.0 950.0 485.0 977.0
ship 455.0 1072.0 489.0 1108.0
ship 471.0 1081.0 505.0 1117.0
ship 485.0 1092.0 519.0 1130.0
ship 468.0 1275.0 502.0 1315.0
ship 498.0 1303.0 528.0 1336.0
ship 509.0 1312.0 543.0 1349.0
ship 523.0 1324.0 556.0 1362.0
ship 537.0 1335.0 572.0 1372.0
ship 551.0 1349.0 582.0 1382.0
ship 577.0 1371.0 611.0 1408.0
ship 593.0 1380.0 628.0 1418.0
ship 607.0 1396.0 638.0 1428.0
ship 634.0 1415.0 669.0 1454.0
ship 647.0 1430.0 681.0 1467.0
ship 661.0 1442.0 696.0 1479.0
ship 677.0 1453.0 708.0 1489.0
ship 688.0 1465.0 721.0 1501.0
ship 704.0 1477.0 733.0 1512.0
ship 720.0 1490.0 747.0 1521.0
ship 735.0 1501.0 765.0 1540.0
ship 496.0 1169.0 528.0 1205.0
ship 508.0 1181.0 542.0 1220.0
ship 520.0 1191.0 558.0 1232.0
ship 481.0 1289.0 514.0 1326.0
ship 453.0 1265.0 488.0 1304.0
ship 553.0 1217.0 584.0 1252.0
ship 439.0 1254.0 474.0 1289.0
ship 415.0 1483.0 451.0 1524.0
ship 396.0 1475.0 433.0 1515.0
ship 382.0 1458.0 419.0 1498.0
ship 363.0 1445.0 400.0 1487.0
ship 346.0 1428.0 385.0 1472.0
ship 333.0 1416.0 367.0 1454.0
ship 312.0 1400.0 351.0 1440.0
ship 297.0 1387.0 335.0 1430.0
ship 280.0 1372.0 319.0 1414.0
ship 261.0 1355.0 299.0 1399.0
ship 246.0 1344.0 281.0 1382.0
ship 211.0 1314.0 248.0 1357.0
ship 226.0 1326.0 269.0 1372.0
ship 194.0 1296.0 238.0 1344.0
ship 370.0 1195.0 405.0 1233.0
ship 385.0 1206.0 419.0 1244.0
ship 398.0 1218.0 433.0 1256.0
ship 413.0 1229.0 445.0 1267.0
ship 427.0 1240.0 462.0 1278.0
ship 536.0 1203.0 572.0 1243.0
ship 566.0 1225.0 602.0 1266.0
ship 500.0 1106.0 529.0 1140.0
ship 670.0 1255.0 701.0 1288.0
ship 641.0 1227.0 672.0 1262.0
ship 626.0 1212.0 661.0 1251.0
ship 612.0 1200.0 647.0 1239.0
ship 599.0 1190.0 631.0 1225.0
ship 585.0 1178.0 617.0 1214.0
ship 569.0 1164.0 605.0 1202.0
ship 556.0 1152.0 589.0 1190.0
ship 542.0 1141.0 575.0 1178.0
ship 530.0 1131.0 558.0 1164.0
ship 512.0 1117.0 544.0 1152.0
ship 480.0 1155.0 514.0 1196.0
ship 465.0 1145.0 500.0 1183.0
ship 452.0 1132.0 486.0 1170.0
ship 441.0 1121.0 470.0 1153.0
ship 423.0 1107.0 457.0 1145.0
ship 411.0 1094.0 444.0 1131.0
ship 393.0 1085.0 427.0 1120.0
ship 381.0 1071.0 415.0 1108.0
ship 366.0 1060.0 400.0 1094.0
ship 656.0 1235.0 690.0 1275.0
ship 682.0 1265.0 715.0 1299.0
ship 577.0 1239.0 615.0 1281.0
ship 698.0 1273.0 727.0 1309.0
ship 596.0 1255.0 626.0 1290.0
ship 609.0 1265.0 641.0 1300.0
ship 623.0 1274.0 658.0 1314.0
ship 639.0 1290.0 668.0 1325.0
ship 653.0 1302.0 683.0 1337.0
ship 665.0 1315.0 697.0 1348.0
ship 692.0 1336.0 728.0 1374.0
ship 708.0 1349.0 743.0 1387.0
ship 721.0 1365.0 752.0 1400.0
ship 737.0 1373.0 770.0 1411.0
ship 753.0 1385.0 785.0 1423.0
ship 766.0 1395.0 799.0 1432.0
ship 799.0 1360.0 831.0 1395.0
ship 786.0 1345.0 818.0 1383.0
ship 771.0 1339.0 801.0 1373.0
ship 754.0 1318.0 792.0 1361.0
ship 740.0 1310.0 772.0 1346.0
ship 726.0 1297.0 759.0 1336.0
ship 712.0 1286.0 746.0 1324.0
ship 814.0 1094.0 841.0 1126.0
ship 814.0 1058.0 841.0 1082.0
ship 829.0 1105.0 853.0 1137.0
ship 1036.0 566.0 1065.0 602.0
ship 1063.0 593.0 1093.0 627.0
ship 1076.0 603.0 1110.0 640.0
ship 1090.0 615.0 1126.0 653.0
ship 1106.0 628.0 1140.0 666.0
ship 1120.0 640.0 1154.0 678.0
ship 1136.0 654.0 1168.0 689.0
ship 1157.0 537.0 1192.0 577.0
ship 1144.0 527.0 1178.0 564.0
ship 1132.0 511.0 1167.0 552.0
ship 1119.0 502.0 1153.0 541.0
ship 1104.0 491.0 1140.0 532.0
ship 1092.0 480.0 1126.0 517.0
ship 1076.0 470.0 1111.0 510.0
ship 1064.0 459.0 1098.0 496.0
ship 1051.0 447.0 1084.0 483.0
ship 1037.0 436.0 1071.0 475.0
ship 1025.0 425.0 1058.0 461.0
ship 1011.0 411.0 1046.0 450.0
ship 998.0 403.0 1029.0 439.0
ship 1050.0 577.0 1084.0 617.0
ship 1019.0 554.0 1052.0 590.0
ship 970.0 378.0 1004.0 417.0
ship 1005.0 543.0 1033.0 578.0
ship 1002.0 604.0 1034.0 640.0
ship 989.0 592.0 1020.0 629.0
ship 972.0 578.0 1006.0 617.0
ship 955.0 567.0 991.0 607.0
ship 942.0 555.0 975.0 593.0
ship 931.0 544.0 962.0 578.0
ship 919.0 531.0 942.0 567.0
ship 897.0 517.0 933.0 557.0
ship 882.0 506.0 917.0 543.0
ship 866.0 492.0 903.0 532.0
ship 841.0 472.0 874.0 508.0
ship 876.0 445.0 897.0 469.0
ship 887.0 442.0 922.0 481.0
ship 909.0 459.0 931.0 486.0
ship 931.0 480.0 965.0 517.0
ship 948.0 491.0 977.0 528.0
ship 963.0 499.0 999.0 540.0
ship 976.0 517.0 1006.0 551.0
ship 990.0 530.0 1021.0 566.0
ship 986.0 391.0 1018.0 426.0
ship 960.0 369.0 989.0 402.0
ship 1029.0 629.0 1063.0 666.0
ship 1253.0 361.0 1288.0 400.0
ship 1277.0 386.0 1322.0 437.0
ship 1290.0 400.0 1340.0 456.0
ship 1309.0 417.0 1357.0 471.0
ship 1325.0 430.0 1376.0 487.0
harbor 173.0 1285.0 914.0 1923.0
harbor 1104.0 506.0 1359.0 1166.0
harbor 1088.0 1175.0 1183.0 1470.0
harbor 1166.0 1607.0 1304.0 2043.0
harbor 1141.0 1503.0 1255.0 1601.0
harbor 250.0 1122.0 775.0 1579.0
harbor 359.0 1014.0 839.0 1439.0
harbor 471.0 929.0 925.0 1324.0
harbor 547.0 858.0 964.0 1216.0
harbor 801.0 882.0 972.0 1061.0
harbor 694.0 633.0 1049.0 944.0
harbor 755.0 544.0 1100.0 854.0
harbor 839.0 428.0 1175.0 732.0
harbor 935.0 305.0 1239.0 586.0
harbor 1081.0 207.0 1388.0 486.0
ship 1265.0 373.0 1305.0 418.0
ship 1239.0 348.0 1269.0 387.0
ship 1007.0 335.0 1047.0 379.0
ship 1214.0 332.0 1249.0 375.0
ship 1023.0 348.0 1062.0 390.0
ship 1038.0 363.0 1077.0 409.0
ship 1056.0 379.0 1094.0 421.0
ship 1071.0 392.0 1112.0 437.0
ship 1092.0 409.0 1129.0 449.0
ship 1104.0 419.0 1143.0 466.0
ship 1121.0 437.0 1160.0 479.0
ship 1157.0 462.0 1197.0 507.0
ship 1173.0 482.0 1207.0 521.0
ship 1188.0 490.0 1231.0 538.0
ship 1199.0 504.0 1249.0 562.0
ship 1079.0 218.0 1120.0 266.0
ship 1097.0 229.0 1137.0 276.0
ship 1113.0 244.0 1153.0 290.0
ship 1129.0 260.0 1170.0 306.0
ship 1144.0 274.0 1188.0 322.0
ship 1160.0 287.0 1205.0 336.0
ship 1177.0 302.0 1222.0 351.0
ship 1196.0 315.0 1236.0 362.0
ship 1019.0 618.0 1050.0 652.0
ship 1048.0 643.0 1077.0 679.0
ship 877.0 1111.0 903.0 1136.0
ship 926.0 824.0 953.0 855.0
ship 900.0 804.0 925.0 834.0
ship 912.0 856.0 941.0 882.0
ship 888.0 836.0 910.0 858.0
ship 888.0 793.0 913.0 823.0
ship 875.0 783.0 902.0 812.0
ship 864.0 774.0 889.0 802.0
ship 826.0 783.0 849.0 804.0
ship 839.0 746.0 867.0 779.0
ship 813.0 729.0 840.0 758.0
ship 801.0 717.0 828.0 748.0
ship 787.0 705.0 817.0 737.0
ship 773.0 699.0 799.0 727.0
ship 762.0 688.0 787.0 715.0
ship 749.0 677.0 773.0 701.0
ship 737.0 666.0 762.0 694.0
ship 726.0 656.0 752.0 684.0
ship 715.0 644.0 743.0 674.0
ship 763.0 591.0 787.0 617.0
ship 773.0 594.0 804.0 628.0
ship 913.0 815.0 940.0 845.0
ship 937.0 835.0 964.0 864.0
ship 800.0 616.0 828.0 647.0
ship 952.0 846.0 975.0 875.0
ship 907.0 1137.0 936.0 1162.0
ship 868.0 1139.0 892.0 1165.0
ship 876.0 1144.0 904.0 1177.0
ship 892.0 1159.0 918.0 1188.0
ship 914.0 1178.0 942.0 1209.0
ship 933.0 1159.0 962.0 1184.0
ship 932.0 1187.0 967.0 1224.0
ship 816.0 950.0 868.0 1006.0
ship 859.0 906.0 878.0 925.0
ship 863.0 963.0 919.0 1011.0
ship 913.0 997.0 937.0 1021.0
ship 932.0 964.0 971.0 1003.0
ship 939.0 979.0 981.0 1024.0
ship 1021.0 910.0 1059.0 953.0
ship 1015.0 898.0 1042.0 928.0
ship 988.0 878.0 1017.0 907.0
ship 1000.0 887.0 1028.0 918.0
ship 975.0 866.0 1003.0 897.0
ship 964.0 857.0 990.0 885.0
ship 786.0 607.0 814.0 637.0
ship 814.0 628.0 841.0 658.0
ship 1060.0 653.0 1093.0 692.0
ship 839.0 595.0 867.0 626.0
ship 889.0 637.0 920.0 670.0
ship 902.0 648.0 931.0 681.0
ship 914.0 663.0 942.0 690.0
ship 928.0 670.0 955.0 701.0
ship 942.0 684.0 967.0 710.0
ship 953.0 691.0 979.0 722.0
ship 966.0 706.0 989.0 729.0
ship 977.0 715.0 1004.0 744.0
ship 991.0 725.0 1016.0 754.0
ship 1002.0 733.0 1032.0 765.0
ship 1016.0 744.0 1043.0 776.0
ship 1029.0 752.0 1058.0 786.0
ship 1040.0 770.0 1065.0 797.0
ship 1053.0 776.0 1076.0 806.0
ship 1066.0 789.0 1092.0 818.0
ship 1080.0 800.0 1107.0 831.0
ship 1107.0 691.0 1135.0 728.0
ship 1088.0 677.0 1122.0 717.0
ship 1075.0 666.0 1108.0 703.0
ship 865.0 617.0 892.0 648.0
ship 829.0 588.0 849.0 614.0
ship 824.0 639.0 851.0 669.0
ship 816.0 579.0 837.0 602.0
ship 838.0 651.0 866.0 681.0
ship 851.0 660.0 878.0 688.0
ship 860.0 671.0 890.0 703.0
ship 875.0 681.0 904.0 712.0
ship 887.0 691.0 917.0 724.0
ship 901.0 701.0 929.0 734.0
ship 922.0 725.0 952.0 758.0
ship 937.0 735.0 966.0 766.0
ship 952.0 748.0 977.0 776.0
ship 966.0 757.0 989.0 787.0
ship 977.0 768.0 1002.0 797.0
ship 993.0 780.0 1015.0 805.0
ship 1002.0 790.0 1026.0 816.0
ship 1013.0 798.0 1040.0 827.0
ship 1024.0 808.0 1053.0 838.0
ship 1042.0 819.0 1067.0 849.0
ship 1055.0 825.0 1089.0 864.0
ship 790.0 557.0 816.0 586.0
ship 803.0 564.0 829.0 595.0
ship 428.0 1498.0 467.0 1541.0
ship 458.0 1527.0 501.0 1571.0
ship 1145.0 1504.0 1167.0 1514.0 difficult
small-vehicle 1401.0 607.0 1420.0 632.0
small-vehicle 1224.0 1142.0 1238.0 1164.0
small-vehicle 1246.0 1078.0 1260.0 1099.0
small-vehicle 1251.0 1052.0 1267.0 1076.0
small-vehicle 1316.0 990.0 1332.0 1014.0
small-vehicle 1286.0 945.0 1302.0 969.0
small-vehicle 1311.0 868.0 1329.0 890.0
small-vehicle 1368.0 832.0 1385.0 852.0
small-vehicle 1347.0 845.0 1365.0 867.0
small-vehicle 1330.0 810.0 1345.0 831.0
small-vehicle 177.0 1073.0 197.0 1086.0
ship 479.0 1537.0 518.0 1585.0
small-vehicle 450.0 1652.0 469.0 1673.0
small-vehicle 427.0 1629.0 445.0 1650.0
small-vehicle 372.0 1582.0 391.0 1602.0
small-vehicle 317.0 1539.0 337.0 1561.0
small-vehicle 221.0 1557.0 239.0 1578.0
small-vehicle 211.0 1454.0 227.0 1477.0
small-vehicle 173.0 1181.0 186.0 1203.0
small-vehicle 179.0 1173.0 194.0 1195.0
small-vehicle 203.0 1150.0 218.0 1173.0
small-vehicle 1223.0 1172.0 1233.0 1193.0
small-vehicle 1224.0 1199.0 1236.0 1225.0
small-vehicle 1231.0 1283.0 1241.0 1305.0
small-vehicle 1234.0 1312.0 1246.0 1336.0
small-vehicle 1442.0 1290.0 1467.0 1308.0
small-vehicle 1463.0 1353.0 1479.0 1377.0
small-vehicle 1275.0 1305.0 1288.0 1330.0
small-vehicle 1287.0 1420.0 1299.0 1443.0
small-vehicle 1317.0 1722.0 1329.0 1745.0
small-vehicle 1343.0 1981.0 1358.0 2005.0
small-vehicle 1297.0 1943.0 1311.0 1966.0
small-vehicle 1338.0 1927.0 1349.0 1946.0
small-vehicle 1332.0 1872.0 1344.0 1894.0
small-vehicle 1330.0 1848.0 1342.0 1874.0
small-vehicle 1289.0 1847.0 1300.0 1868.0
small-vehicle 1284.0 1800.0 1294.0 1820.0
small-vehicle 1276.0 1732.0 1289.0 1756.0
small-vehicle 1274.0 1707.0 1286.0 1730.0
small-vehicle 1289.0 1682.0 1299.0 1701.0
small-vehicle 1266.0 1639.0 1279.0 1661.0
small-vehicle 1247.0 1443.0 1258.0 1465.0
small-vehicle 1244.0 1419.0 1257.0 1441.0
small-vehicle 1241.0 1373.0 1251.0 1398.0
small-vehicle 106.0 1080.0 120.0 1101.0
small-vehicle 150.0 1035.0 164.0 1062.0
small-vehicle 164.0 1020.0 179.0 1043.0
small-vehicle 745.0 509.0 766.0 519.0
small-vehicle 816.0 426.0 835.0 438.0
small-vehicle 822.0 417.0 842.0 429.0
small-vehicle 820.0 311.0 842.0 325.0
small-vehicle 830.0 296.0 855.0 307.0
small-vehicle 869.0 253.0 891.0 263.0
small-vehicle 900.0 252.0 916.0 275.0
small-vehicle 895.0 222.0 918.0 233.0
small-vehicle 938.0 171.0 962.0 184.0
small-vehicle 964.0 180.0 979.0 207.0
small-vehicle 1002.0 204.0 1021.0 218.0
small-vehicle 1029.0 173.0 1047.0 184.0
small-vehicle 1033.0 96.0 1049.0 115.0
small-vehicle 953.0 57.0 973.0 76.0
small-vehicle 462.0 3.0 480.0 25.0
small-vehicle 455.0 11.0 471.0 31.0
small-vehicle 447.0 14.0 463.0 34.0
small-vehicle 440.0 20.0 456.0 39.0
small-vehicle 434.0 25.0 449.0 44.0
small-vehicle 427.0 32.0 443.0 49.0
small-vehicle 734.0 517.0 758.0 532.0
small-vehicle 729.0 525.0 749.0 539.0
small-vehicle 171.0 1011.0 185.0 1034.0
small-vehicle 637.0 531.0 658.0 544.0
small-vehicle 259.0 906.0 274.0 930.0
small-vehicle 282.0 879.0 298.0 903.0
small-vehicle 324.0 940.0 342.0 952.0
small-vehicle 328.0 933.0 348.0 943.0
small-vehicle 387.0 864.0 407.0 876.0
small-vehicle 334.0 881.0 358.0 894.0
small-vehicle 390.0 923.0 406.0 949.0
small-vehicle 416.0 890.0 433.0 915.0
small-vehicle 439.0 867.0 456.0 890.0
small-vehicle 401.0 803.0 424.0 817.0
small-vehicle 429.0 813.0 450.0 824.0
small-vehicle 747.0 767.0 764.0 788.0
small-vehicle 695.0 811.0 717.0 832.0
small-vehicle 665.0 755.0 686.0 774.0
small-vehicle 650.0 776.0 672.0 796.0
small-vehicle 616.0 746.0 637.0 765.0
small-vehicle 649.0 678.0 660.0 699.0
small-vehicle 618.0 653.0 630.0 674.0
small-vehicle 504.0 615.0 518.0 636.0
ship 1440.0 1312.0 1462.0 1343.0
small-vehicle 1265.0 1197.0 1277.0 1217.0 difficult
small-vehicle 1268.0 1219.0 1279.0 1241.0 difficult
small-vehicle 164.0 1088.0 185.0 1101.0 difficult
small-vehicle 147.0 1108.0 168.0 1121.0 difficult
small-vehicle 147.0 1150.0 172.0 1162.0 difficult
small-vehicle 139.0 1160.0 159.0 1172.0 difficult
small-vehicle 195.0 1575.0 210.0 1592.0 difficult
small-vehicle 478.0 1675.0 497.0 1697.0 difficult
small-vehicle 230.0 1549.0 248.0 1568.0 difficult
small-vehicle 211.0 1563.0 229.0 1581.0 difficult
small-vehicle 654.0 507.0 677.0 520.0 difficult
small-vehicle 763.0 144.0 785.0 164.0 difficult
small-vehicle 245.0 125.0 269.0 135.0 difficult
ship 794.0 1378.0 851.0 1436.0
ship 1117.0 699.0 1168.0 753.0
ship 1169.0 554.0 1209.0 596.0
ship 977.0 310.0 1030.0 368.0
small-vehicle 157.0 1027.0 172.0 1054.0 difficult
small-vehicle 184.0 1102.0 204.0 1118.0 difficult
small-vehicle 196.0 1086.0 221.0 1100.0 difficult
small-vehicle 210.0 1068.0 232.0 1080.0 difficult
small-vehicle 315.0 907.0 337.0 919.0 difficult
small-vehicle 157.0 1099.0 175.0 1112.0 difficult
small-vehicle 187.0 1063.0 207.0 1076.0 difficult
small-vehicle 445.0 857.0 463.0 879.0 difficult
small-vehicle 209.0 1039.0 230.0 1049.0 difficult
ship 849.0 761.0 877.0 791.0 difficult
ship 307.0 1156.0 320.0 1168.0 difficult
ship 302.0 1158.0 315.0 1171.0 difficult
ship 287.0 1151.0 304.0 1168.0 difficult
ship 294.0 1145.0 307.0 1161.0 difficult
ship 299.0 1140.0 311.0 1156.0 difficult
ship 310.0 1151.0 323.0 1163.0 difficult
ship 729.0 1542.0 741.0 1557.0 difficult
ship 820.0 1253.0 852.0 1288.0 difficult
ship 725.0 1115.0 754.0 1147.0 difficult
ship 737.0 1125.0 767.0 1156.0 difficult
ship 847.0 1084.0 873.0 1109.0 difficult
ship 848.0 1126.0 880.0 1160.0 difficult
small-vehicle 297.0 862.0 311.0 883.0 difficult
small-vehicle 282.0 984.0 308.0 998.0 difficult
small-vehicle 292.0 975.0 317.0 988.0 difficult
small-vehicle 215.0 1020.0 240.0 1031.0 difficult
small-vehicle 170.0 978.0 187.0 997.0 difficult
small-vehicle 179.0 1001.0 193.0 1022.0 difficult
small-vehicle 356.0 963.0 372.0 987.0 difficult
small-vehicle 401.0 843.0 426.0 858.0 difficult
small-vehicle 1273.0 1277.0 1286.0 1301.0 difficult
small-vehicle 1309.0 2024.0 1318.0 2043.0 difficult
small-vehicle 1286.0 1820.0 1298.0 1840.0 difficult
small-vehicle 1290.0 1873.0 1304.0 1894.0 difficult
small-vehicle 1281.0 1763.0 1293.0 1787.0 difficult
small-vehicle 1323.0 1753.0 1333.0 1768.0 difficult
small-vehicle 1316.0 1684.0 1327.0 1704.0 difficult
small-vehicle 1314.0 1657.0 1325.0 1677.0 difficult
small-vehicle 1307.0 1615.0 1319.0 1639.0 difficult
small-vehicle 1266.0 1619.0 1276.0 1639.0 difficult
small-vehicle 1263.0 1588.0 1274.0 1610.0 difficult
small-vehicle 1259.0 1568.0 1273.0 1587.0 difficult
small-vehicle 1257.0 1546.0 1268.0 1566.0 difficult
ship 1457.0 1483.0 1481.0 1509.0
small-vehicle 1346.0 1483.0 1372.0 1496.0 difficult
small-vehicle 1356.0 1498.0 1376.0 1509.0 difficult
small-vehicle 1238.0 1342.0 1249.0 1363.0 difficult
small-vehicle 1286.0 1391.0 1299.0 1411.0 difficult
small-vehicle 1282.0 1365.0 1294.0 1385.0 difficult
small-vehicle 1268.0 1241.0 1282.0 1258.0 difficult
small-vehicle 1281.0 1330.0 1290.0 1347.0 difficult
small-vehicle 1301.0 1969.0 1315.0 1991.0 difficult
small-vehicle 1350.0 2034.0 1360.0 2054.0 difficult
small-vehicle 709.0 792.0 731.0 813.0 difficult
small-vehicle 1294.0 1059.0 1309.0 1081.0 difficult
small-vehicle 697.0 784.0 720.0 804.0 difficult
small-vehicle 661.0 783.0 684.0 801.0 difficult
small-vehicle 723.0 749.0 741.0 773.0 difficult
small-vehicle 708.0 733.0 724.0 757.0 difficult
small-vehicle 625.0 632.0 642.0 652.0 difficult
small-vehicle 695.0 458.0 718.0 470.0 difficult
small-vehicle 708.0 442.0 730.0 454.0 difficult
small-vehicle 727.0 459.0 741.0 483.0 difficult
small-vehicle 798.0 441.0 820.0 454.0 difficult
small-vehicle 743.0 402.0 766.0 414.0 difficult
small-vehicle 766.0 377.0 786.0 390.0 difficult
small-vehicle 776.0 402.0 791.0 426.0 difficult
small-vehicle 797.0 376.0 812.0 398.0 difficult
small-vehicle 811.0 364.0 824.0 384.0 difficult
small-vehicle 835.0 284.0 863.0 299.0 difficult
small-vehicle 925.0 292.0 947.0 306.0 difficult
small-vehicle 925.0 187.0 949.0 199.0 difficult
small-vehicle 975.0 127.0 997.0 142.0 difficult
small-vehicle 987.0 112.0 1010.0 126.0 difficult
small-vehicle 418.0 36.0 433.0 54.0
small-vehicle 308.0 39.0 325.0 58.0
small-vehicle 302.0 46.0 319.0 64.0
ship 1184.0 1755.0 1216.0 1769.0
ship 357.0 1183.0 392.0 1220.0
ship 343.0 1172.0 377.0 1209.0
ship 329.0 1160.0 362.0 1197.0
ship 316.0 1150.0 349.0 1186.0
ship 310.0 1123.0 329.0 1151.0
ship 251.0 1178.0 280.0 1206.0
ship 265.0 1175.0 305.0 1220.0
ship 280.0 1190.0 323.0 1237.0
ship 297.0 1204.0 339.0 1249.0
ship 315.0 1218.0 353.0 1261.0
ship 334.0 1233.0 371.0 1274.0
ship 353.0 1250.0 388.0 1288.0
ship 365.0 1262.0 406.0 1307.0
ship 383.0 1275.0 423.0 1321.0
ship 398.0 1290.0 438.0 1334.0
ship 415.0 1303.0 457.0 1348.0
ship 431.0 1317.0 474.0 1364.0
ship 448.0 1331.0 491.0 1379.0
ship 466.0 1345.0 505.0 1388.0
ship 1190.0 1827.0 1218.0 1839.0
ship 1216.0 1635.0 1228.0 1666.0
ship 500.0 1369.0 534.0 1407.0
ship 1150.0 1593.0 1194.0 1609.0
ship 1106.0 1146.0 1144.0 1168.0
ship 1104.0 1180.0 1146.0 1196.0
ship 1110.0 1199.0 1146.0 1213.0
ship 1109.0 1217.0 1147.0 1233.0
ship 1110.0 1236.0 1151.0 1251.0
ship 1111.0 1254.0 1151.0 1273.0
ship 1113.0 1275.0 1153.0 1285.0
ship 1098.0 1293.0 1156.0 1312.0
ship 1099.0 1317.0 1157.0 1338.0
ship 1105.0 1340.0 1163.0 1362.0
ship 1110.0 1364.0 1162.0 1384.0
ship 1110.0 1388.0 1161.0 1409.0
ship 1115.0 1414.0 1169.0 1434.0
ship 1119.0 1436.0 1171.0 1456.0
ship 1168.0 1501.0 1196.0 1514.0
ship 1151.0 1518.0 1185.0 1531.0
ship 1163.0 1535.0 1189.0 1547.0
ship 1153.0 1551.0 1189.0 1565.0
ship 1160.0 1570.0 1192.0 1588.0
ship 490.0 1357.0 519.0 1390.0
ship 508.0 1382.0 545.0 1424.0
ship 1115.0 1109.0 1156.0 1133.0
ship 821.0 1882.0 839.0 1902.0
ship 779.0 1848.0 801.0 1868.0
ship 787.0 1809.0 818.0 1844.0
ship 773.0 1793.0 808.0 1833.0
ship 756.0 1776.0 794.0 1819.0
ship 738.0 1758.0 782.0 1809.0
ship 725.0 1746.0 763.0 1791.0
ship 706.0 1732.0 745.0 1777.0
ship 690.0 1711.0 738.0 1765.0
ship 676.0 1698.0 719.0 1747.0
ship 655.0 1683.0 702.0 1733.0
ship 637.0 1660.0 690.0 1717.0
ship 619.0 1653.0 666.0 1705.0
ship 603.0 1638.0 648.0 1686.0
ship 579.0 1621.0 626.0 1673.0
ship 564.0 1610.0 608.0 1656.0
ship 547.0 1585.0 596.0 1641.0
ship 531.0 1581.0 571.0 1626.0
ship 511.0 1568.0 551.0 1614.0
ship 495.0 1553.0 536.0 1599.0
ship 798.0 1863.0 822.0 1886.0
ship 835.0 1896.0 860.0 1920.0
ship 527.0 1392.0 563.0 1431.0
ship 867.0 1880.0 898.0 1913.0
ship 543.0 1408.0 572.0 1438.0
ship 620.0 1407.0 652.0 1440.0
ship 555.0 1417.0 591.0 1456.0
ship 569.0 1429.0 605.0 1469.0
ship 588.0 1442.0 618.0 1477.0
ship 599.0 1454.0 632.0 1491.0
ship 613.0 1464.0 647.0 1503.0
ship 627.0 1478.0 658.0 1512.0
ship 643.0 1487.0 671.0 1519.0
ship 655.0 1499.0 683.0 1531.0
ship 668.0 1509.0 695.0 1541.0
ship 683.0 1521.0 708.0 1548.0
ship 695.0 1529.0 722.0 1560.0
ship 709.0 1542.0 735.0 1572.0
ship 799.0 1818.0 835.0 1856.0
ship 815.0 1831.0 845.0 1865.0
ship 829.0 1839.0 861.0 1877.0
ship 840.0 1854.0 872.0 1890.0
ship 853.0 1865.0 887.0 1900.0
ship 1111.0 1127.0 1150.0 1151.0
ship 1117.0 1089.0 1161.0 1117.0
small-vehicle 272.0 58.0 291.0 78.0
ship 1300.0 1245.0 1327.0 1256.0
ship 1290.0 1196.0 1320.0 1225.0
ship 1313.0 1188.0 1329.0 1216.0
ship 1328.0 1201.0 1338.0 1226.0
ship 1351.0 1211.0 1361.0 1239.0
ship 1370.0 1219.0 1383.0 1251.0
ship 1447.0 1241.0 1462.0 1272.0
ship 1437.0 1238.0 1449.0 1270.0
ship 1427.0 1237.0 1438.0 1262.0
ship 1417.0 1234.0 1427.0 1265.0
ship 1404.0 1227.0 1416.0 1254.0
ship 1383.0 1220.0 1394.0 1247.0
ship 1379.0 1394.0 1406.0 1405.0
ship 1377.0 1381.0 1417.0 1395.0
ship 1360.0 1420.0 1387.0 1446.0
ship 1379.0 1420.0 1403.0 1443.0
ship 1397.0 1419.0 1421.0 1444.0
ship 1410.0 1416.0 1438.0 1445.0
ship 1510.0 1430.0 1535.0 1440.0
ship 1501.0 1465.0 1520.0 1488.0
ship 1294.0 1231.0 1323.0 1244.0
ship 1300.0 1255.0 1333.0 1267.0
ship 1465.0 1476.0 1488.0 1503.0
ship 1304.0 1278.0 1331.0 1291.0
small-vehicle 252.0 155.0 275.0 172.0
small-vehicle 265.0 171.0 284.0 190.0
small-vehicle 278.0 199.0 299.0 218.0
small-vehicle 269.0 179.0 290.0 200.0
small-vehicle 214.0 192.0 235.0 213.0
small-vehicle 227.0 215.0 253.0 236.0
small-vehicle 241.0 232.0 262.0 251.0
small-vehicle 247.0 243.0 268.0 261.0
small-vehicle 253.0 250.0 275.0 268.0
small-vehicle 310.0 236.0 332.0 255.0
small-vehicle 304.0 229.0 324.0 247.0
small-vehicle 319.0 383.0 340.0 402.0
small-vehicle 401.0 376.0 425.0 396.0
small-vehicle 373.0 335.0 396.0 355.0
small-vehicle 354.0 313.0 378.0 333.0
small-vehicle 201.0 308.0 221.0 327.0
small-vehicle 298.0 222.0 317.0 238.0
ship 1375.0 1373.0 1397.0 1383.0
ship 1373.0 1327.0 1403.0 1342.0
ship 1492.0 1470.0 1511.0 1492.0
ship 1473.0 1388.0 1530.0 1409.0
ship 1125.0 1073.0 1167.0 1098.0
ship 1254.0 713.0 1286.0 734.0
ship 1245.0 744.0 1275.0 761.0
ship 1241.0 760.0 1269.0 777.0
ship 1231.0 772.0 1265.0 792.0
ship 1228.0 787.0 1259.0 806.0
ship 1224.0 804.0 1254.0 823.0
ship 1218.0 819.0 1249.0 836.0
ship 1211.0 832.0 1246.0 854.0
ship 1209.0 849.0 1241.0 868.0
ship 1205.0 864.0 1235.0 883.0
ship 1199.0 884.0 1230.0 901.0
ship 1193.0 896.0 1223.0 914.0
ship 1184.0 925.0 1216.0 947.0
ship 1176.0 942.0 1211.0 963.0
ship 1162.0 955.0 1206.0 980.0
ship 1150.0 987.0 1195.0 1015.0
ship 1152.0 1006.0 1187.0 1028.0
ship 1143.0 1023.0 1178.0 1042.0
ship 1135.0 1038.0 1179.0 1064.0
ship 1134.0 1056.0 1174.0 1080.0
ship 1247.0 727.0 1280.0 747.0
ship 1255.0 696.0 1289.0 716.0
ship 1476.0 1366.0 1502.0 1376.0
ship 1263.0 683.0 1294.0 701.0
ship 1502.0 1346.0 1534.0 1357.0
ship 1498.0 1327.0 1530.0 1340.0
ship 1473.0 1293.0 1506.0 1309.0
ship 1450.0 1243.0 1476.0 1279.0
ship 1465.0 1270.0 1506.0 1289.0
ship 1474.0 1304.0 1530.0 1327.0
ship 1344.0 472.0 1363.0 492.0
ship 1334.0 507.0 1357.0 523.0
ship 1314.0 516.0 1347.0 534.0
ship 1309.0 532.0 1341.0 550.0
ship 1304.0 546.0 1338.0 564.0
ship 1347.0 534.0 1359.0 558.0
ship 1299.0 562.0 1332.0 579.0
ship 1296.0 578.0 1328.0 594.0
ship 1293.0 591.0 1323.0 610.0
ship 1283.0 605.0 1319.0 626.0
ship 1277.0 636.0 1309.0 655.0
ship 1273.0 652.0 1302.0 670.0
ship 1267.0 668.0 1298.0 685.0
swimming-pool 284.0 1714.0 334.0 1761.0
