ship 1043.0 443.0 1070.0 469.0 difficult
ship 374.0 771.0 412.0 813.0
ship 404.0 800.0 443.0 841.0
ship 414.0 808.0 455.0 850.0
ship 425.0 824.0 458.0 862.0
ship 435.0 832.0 467.0 869.0
ship 444.0 845.0 478.0 882.0
ship 453.0 852.0 490.0 891.0
ship 462.0 862.0 499.0 901.0
ship 473.0 868.0 515.0 910.0
ship 484.0 887.0 514.0 919.0
ship 492.0 892.0 526.0 928.0
ship 501.0 902.0 537.0 940.0
ship 513.0 913.0 545.0 947.0
ship 520.0 924.0 554.0 959.0
ship 530.0 927.0 571.0 970.0
ship 541.0 935.0 583.0 977.0
ship 619.0 869.0 653.0 903.0
ship 609.0 854.0 649.0 894.0
ship 387.0 782.0 422.0 820.0
ship 366.0 763.0 402.0 801.0
ship 226.0 457.0 260.0 493.0
ship 356.0 754.0 392.0 791.0
ship 173.0 565.0 208.0 601.0
ship 184.0 577.0 218.0 612.0
ship 191.0 589.0 223.0 623.0
ship 202.0 606.0 225.0 632.0
ship 213.0 600.0 250.0 641.0
ship 222.0 615.0 256.0 651.0
ship 230.0 621.0 268.0 662.0
ship 241.0 633.0 278.0 671.0
ship 247.0 648.0 281.0 682.0
ship 258.0 654.0 295.0 693.0
ship 268.0 661.0 308.0 704.0
ship 277.0 671.0 320.0 713.0
ship 290.0 681.0 329.0 720.0
ship 298.0 705.0 324.0 731.0
ship 309.0 699.0 361.0 751.0
ship 329.0 722.0 367.0 762.0
ship 347.0 742.0 384.0 781.0
ship 600.0 845.0 637.0 881.0
ship 589.0 834.0 627.0 873.0
ship 579.0 824.0 618.0 861.0
ship 571.0 814.0 609.0 850.0
ship 357.0 595.0 394.0 634.0
ship 786.0 288.0 816.0 316.0
ship 795.0 296.0 823.0 322.0
ship 800.0 309.0 823.0 331.0
ship 809.0 306.0 841.0 337.0
ship 831.0 231.0 858.0 257.0
ship 842.0 238.0 869.0 262.0
ship 846.0 245.0 875.0 271.0
ship 855.0 253.0 884.0 283.0
ship 865.0 260.0 891.0 287.0
ship 867.0 269.0 899.0 300.0
ship 875.0 278.0 907.0 308.0
ship 817.0 317.0 847.0 344.0
ship 823.0 327.0 851.0 352.0
ship 832.0 335.0 859.0 362.0
ship 849.0 348.0 874.0 375.0
ship 855.0 356.0 882.0 384.0
ship 367.0 605.0 404.0 642.0
ship 375.0 616.0 413.0 653.0
ship 380.0 624.0 425.0 671.0
ship 482.0 726.0 520.0 766.0
ship 559.0 807.0 593.0 842.0
ship 550.0 795.0 587.0 833.0
ship 545.0 786.0 577.0 821.0
ship 529.0 775.0 568.0 819.0
ship 524.0 766.0 559.0 801.0
ship 509.0 755.0 548.0 795.0
ship 497.0 734.0 532.0 772.0
ship 472.0 715.0 513.0 754.0
ship 395.0 637.0 431.0 678.0
ship 460.0 704.0 503.0 744.0
ship 456.0 697.0 491.0 729.0
ship 447.0 686.0 483.0 723.0
ship 432.0 677.0 470.0 717.0
ship 426.0 663.0 463.0 705.0
ship 414.0 654.0 453.0 696.0
ship 403.0 644.0 444.0 688.0
ship 210.0 452.0 244.0 484.0
ship 234.0 467.0 269.0 504.0
ship 870.0 377.0 896.0 401.0
ship 500.0 500.0 534.0 533.0
ship 478.0 478.0 515.0 516.0
ship 455.0 459.0 500.0 505.0
ship 446.0 451.0 484.0 491.0
ship 432.0 430.0 465.0 466.0
ship 414.0 420.0 458.0 465.0
ship 407.0 412.0 446.0 450.0
ship 392.0 400.0 437.0 442.0
ship 386.0 391.0 426.0 427.0
ship 383.0 380.0 417.0 413.0
ship 371.0 369.0 408.0 407.0
ship 360.0 359.0 399.0 398.0
ship 347.0 350.0 389.0 391.0
ship 341.0 338.0 380.0 377.0
ship 341.0 331.0 371.0 356.0
ship 274.0 427.0 310.0 466.0
ship 292.0 442.0 332.0 484.0
ship 302.0 458.0 339.0 495.0
ship 488.0 489.0 525.0 528.0
ship 504.0 509.0 544.0 549.0
ship 242.0 478.0 278.0 513.0
ship 515.0 521.0 553.0 559.0
ship 692.0 698.0 729.0 735.0
ship 684.0 687.0 719.0 721.0
ship 660.0 670.0 699.0 709.0
ship 653.0 658.0 692.0 693.0
ship 641.0 648.0 681.0 683.0
ship 636.0 637.0 666.0 669.0
ship 623.0 627.0 659.0 663.0
ship 617.0 618.0 649.0 652.0
ship 603.0 608.0 643.0 644.0
ship 595.0 598.0 632.0 633.0
ship 601.0 589.0 622.0 612.0
ship 576.0 579.0 611.0 616.0
ship 566.0 570.0 602.0 606.0
ship 553.0 558.0 593.0 598.0
ship 549.0 548.0 581.0 583.0
ship 539.0 539.0 572.0 574.0
ship 528.0 532.0 561.0 566.0
ship 313.0 468.0 348.0 503.0
ship 322.0 474.0 363.0 515.0
ship 340.0 500.0 376.0 534.0
ship 351.0 506.0 389.0 545.0
ship 592.0 752.0 633.0 793.0
ship 603.0 764.0 639.0 802.0
ship 611.0 772.0 651.0 812.0
ship 622.0 785.0 658.0 822.0
ship 632.0 795.0 670.0 833.0
ship 642.0 806.0 677.0 842.0
ship 650.0 818.0 684.0 851.0
ship 660.0 822.0 699.0 861.0
ship 340.0 577.0 375.0 613.0
ship 326.0 568.0 365.0 607.0
ship 319.0 557.0 356.0 592.0
ship 314.0 547.0 347.0 580.0
ship 293.0 534.0 337.0 578.0
ship 286.0 518.0 316.0 551.0
ship 276.0 499.0 296.0 519.0
ship 265.0 509.0 308.0 550.0
ship 249.0 487.0 289.0 525.0
ship 584.0 744.0 621.0 782.0
ship 573.0 736.0 611.0 773.0
ship 564.0 728.0 596.0 762.0
ship 447.0 606.0 484.0 642.0
ship 370.0 525.0 407.0 564.0
ship 379.0 529.0 424.0 575.0
ship 389.0 548.0 427.0 585.0
ship 401.0 556.0 440.0 592.0
ship 409.0 573.0 438.0 602.0
ship 429.0 588.0 463.0 622.0
ship 438.0 592.0 479.0 633.0
ship 459.0 619.0 492.0 655.0
ship 555.0 709.0 597.0 750.0
ship 468.0 624.0 505.0 663.0
ship 485.0 645.0 521.0 682.0
ship 496.0 651.0 536.0 692.0
ship 506.0 661.0 548.0 702.0
ship 516.0 674.0 555.0 712.0
ship 525.0 686.0 562.0 723.0
ship 534.0 693.0 575.0 734.0
ship 861.0 366.0 888.0 393.0
ship 831.0 401.0 861.0 431.0
ship 711.0 717.0 748.0 755.0
ship 283.0 768.0 330.0 811.0
ship 261.0 746.0 305.0 793.0
ship 250.0 735.0 295.0 780.0
ship 241.0 724.0 282.0 767.0
ship 224.0 712.0 272.0 762.0
ship 3.0 471.0 53.0 521.0
ship 162.0 558.0 195.0 592.0
ship 151.0 536.0 194.0 585.0
ship 142.0 537.0 174.0 573.0
ship 107.0 465.0 152.0 511.0
ship 618.0 119.0 645.0 146.0
ship 609.0 108.0 641.0 136.0
ship 595.0 93.0 626.0 120.0
ship 587.0 84.0 617.0 112.0
ship 477.0 7.0 526.0 56.0
ship 467.0 20.0 510.0 63.0
ship 453.0 31.0 506.0 86.0
ship 441.0 47.0 478.0 89.0
ship 276.0 755.0 318.0 799.0
ship 291.0 780.0 340.0 828.0
ship 306.0 1062.0 343.0 1098.0
ship 305.0 789.0 350.0 837.0
ship 492.0 981.0 536.0 1026.0
ship 472.0 962.0 513.0 1003.0
ship 481.0 971.0 523.0 1014.0
ship 458.0 947.0 504.0 994.0
ship 446.0 936.0 493.0 986.0
ship 439.0 925.0 482.0 970.0
ship 423.0 914.0 471.0 965.0
ship 417.0 902.0 460.0 944.0
ship 403.0 892.0 448.0 937.0
ship 392.0 881.0 436.0 927.0
ship 383.0 867.0 425.0 909.0
ship 371.0 857.0 414.0 900.0
ship 361.0 845.0 405.0 889.0
ship 350.0 833.0 394.0 880.0
ship 339.0 822.0 383.0 870.0
ship 326.0 811.0 372.0 859.0
ship 314.0 800.0 361.0 849.0
ship 429.0 57.0 469.0 100.0
ship 398.0 82.0 444.0 127.0
ship 387.0 93.0 427.0 133.0
ship 375.0 103.0 425.0 152.0
ship 121.0 354.0 163.0 394.0
ship 108.0 365.0 155.0 411.0
ship 220.0 701.0 260.0 742.0
ship 212.0 689.0 250.0 731.0
ship 194.0 678.0 238.0 728.0
ship 186.0 666.0 227.0 712.0
ship 165.0 656.0 216.0 709.0
ship 160.0 646.0 206.0 692.0
ship 144.0 633.0 196.0 683.0
ship 139.0 622.0 183.0 667.0
ship 125.0 610.0 173.0 658.0
ship 79.0 567.0 128.0 616.0
ship 107.0 588.0 150.0 630.0
harbor 118.0 554.0 542.0 986.0
harbor 241.0 435.0 663.0 866.0
harbor 358.0 320.0 781.0 748.0
harbor 478.0 202.0 908.0 640.0
ship 130.0 340.0 179.0 383.0
ship 141.0 330.0 182.0 369.0
ship 153.0 317.0 204.0 370.0
ship 287.0 192.0 323.0 230.0
ship 361.0 116.0 419.0 173.0
ship 355.0 128.0 378.0 152.0
ship 344.0 134.0 393.0 183.0
ship 333.0 147.0 380.0 196.0
ship 319.0 157.0 369.0 208.0
ship 307.0 169.0 357.0 222.0
ship 298.0 182.0 343.0 228.0
ship 277.0 201.0 312.0 237.0
ship 169.0 309.0 223.0 359.0
ship 269.0 210.0 303.0 245.0
ship 255.0 220.0 308.0 270.0
ship 246.0 232.0 285.0 269.0
ship 225.0 251.0 264.0 291.0
ship 210.0 263.0 255.0 306.0
ship 198.0 278.0 247.0 331.0
ship 185.0 291.0 229.0 334.0
ship 486.0 1029.0 546.0 1086.0
ship 309.0 1054.0 374.0 1120.0
ship 843.0 409.0 870.0 436.0
ship 941.0 437.0 971.0 469.0
ship 954.0 459.0 983.0 487.0
ship 964.0 465.0 991.0 491.0
ship 969.0 474.0 996.0 501.0
ship 942.0 519.0 977.0 552.0
ship 955.0 528.0 986.0 557.0
ship 983.0 489.0 1010.0 516.0
ship 992.0 495.0 1021.0 524.0
ship 1002.0 503.0 1029.0 531.0
ship 919.0 315.0 944.0 338.0
ship 930.0 330.0 959.0 357.0
ship 942.0 340.0 966.0 362.0
ship 951.0 352.0 983.0 385.0
ship 972.0 370.0 996.0 394.0
ship 982.0 384.0 1012.0 412.0
ship 997.0 399.0 1028.0 428.0
ship 1005.0 409.0 1032.0 441.0
ship 1015.0 416.0 1043.0 444.0
ship 946.0 453.0 971.0 478.0
ship 931.0 432.0 959.0 463.0
ship 275.0 1042.0 303.0 1072.0
ship 924.0 425.0 951.0 454.0
ship 846.0 417.0 878.0 451.0
ship 853.0 427.0 886.0 461.0
ship 864.0 436.0 894.0 468.0
ship 875.0 443.0 905.0 471.0
ship 879.0 453.0 910.0 485.0
ship 887.0 461.0 919.0 493.0
ship 896.0 470.0 927.0 500.0
ship 916.0 486.0 943.0 512.0
ship 920.0 494.0 950.0 523.0
ship 928.0 500.0 960.0 532.0
ship 936.0 511.0 968.0 541.0
ship 879.0 384.0 902.0 407.0
ship 885.0 390.0 911.0 416.0
ship 893.0 394.0 924.0 423.0
ship 902.0 407.0 926.0 431.0
ship 908.0 411.0 936.0 439.0
ship 915.0 420.0 943.0 447.0
ship 1034.0 437.0 1063.0 464.0
ship 1046.0 453.0 1078.0 484.0
ship 1062.0 754.0 1104.0 796.0
ship 1049.0 766.0 1101.0 816.0
ship 776.0 1045.0 813.0 1083.0
ship 769.0 979.0 802.0 1013.0
ship 754.0 989.0 792.0 1025.0
ship 807.0 930.0 836.0 960.0
ship 815.0 911.0 854.0 950.0
ship 785.0 902.0 824.0 941.0
ship 754.0 868.0 782.0 898.0
ship 755.0 852.0 795.0 893.0
ship 772.0 886.0 810.0 925.0
ship 673.0 926.0 714.0 971.0
ship 652.0 944.0 697.0 994.0
ship 633.0 959.0 679.0 1013.0
ship 671.0 1043.0 701.0 1067.0
ship 345.0 1131.0 403.0 1175.0
ship 338.0 1115.0 397.0 1161.0
ship 321.0 1085.0 370.0 1131.0
ship 238.0 1106.0 262.0 1131.0
ship 795.0 1077.0 830.0 1099.0
ship 805.0 1094.0 833.0 1122.0
ship 835.0 974.0 895.0 1034.0
ship 952.0 868.0 1008.0 924.0
ship 1039.0 778.0 1085.0 823.0
ship 1034.0 794.0 1078.0 841.0
ship 1016.0 803.0 1071.0 856.0
ship 1001.0 814.0 1052.0 863.0
ship 986.0 825.0 1052.0 888.0
ship 973.0 839.0 1034.0 897.0
ship 964.0 853.0 1013.0 902.0
ship 944.0 884.0 999.0 944.0
ship 838.0 1030.0 884.0 1075.0
ship 926.0 893.0 981.0 952.0
ship 912.0 906.0 964.0 961.0
ship 900.0 918.0 948.0 971.0
ship 885.0 928.0 940.0 983.0
ship 871.0 939.0 923.0 989.0
ship 884.0 1064.0 895.0 1084.0
ship 782.0 1010.0 850.0 1083.0
ship 701.0 708.0 740.0 747.0
ship 717.0 726.0 757.0 768.0
ship 1018.0 422.0 1049.0 458.0 difficult
small-vehicle 1052.0 317.0 1074.0 339.0 difficult
small-vehicle 886.0 149.0 906.0 169.0 difficult
small-vehicle 861.0 121.0 882.0 141.0 difficult
small-vehicle 830.0 89.0 852.0 111.0 difficult
ship 616.0 2.0 635.0 20.0
ship 717.0 1101.0 750.0 1138.0
ship 821.0 1028.0 850.0 1058.0
ship 805.0 998.0 832.0 1019.0
ship 852.0 1019.0 901.0 1065.0
ship 825.0 988.0 851.0 1017.0
ship 789.0 939.0 825.0 975.0
ship 769.0 949.0 830.0 1009.0
ship 717.0 891.0 755.0 933.0
ship 621.0 991.0 664.0 1036.0
ship 254.0 400.0 299.0 445.0
ship 12.0 448.0 71.0 507.0
ship 41.0 433.0 88.0 480.0
small-vehicle 1.0 334.0 20.0 353.0 difficult
small-vehicle 998.0 260.0 1017.0 280.0 difficult
small-vehicle 1041.0 560.0 1062.0 579.0 difficult
small-vehicle 925.0 636.0 943.0 654.0 difficult
small-vehicle 1057.0 579.0 1082.0 603.0 difficult
small-vehicle 939.0 740.0 961.0 758.0 difficult
small-vehicle 922.0 697.0 947.0 723.0 difficult
small-vehicle 954.0 669.0 974.0 689.0 difficult
small-vehicle 959.0 652.0 978.0 670.0 difficult
small-vehicle 980.0 672.0 1000.0 692.0 difficult
small-vehicle 996.0 685.0 1018.0 704.0 difficult
small-vehicle 1023.0 741.0 1045.0 759.0 difficult
small-vehicle 1058.0 690.0 1080.0 708.0 difficult
small-vehicle 1039.0 670.0 1059.0 688.0 difficult
small-vehicle 1034.0 663.0 1051.0 681.0 difficult
small-vehicle 1026.0 654.0 1044.0 674.0 difficult
small-vehicle 1019.0 649.0 1037.0 666.0 difficult
small-vehicle 1006.0 635.0 1026.0 653.0 difficult
small-vehicle 1026.0 629.0 1044.0 647.0 difficult
small-vehicle 1012.0 614.0 1034.0 633.0 difficult
small-vehicle 1005.0 606.0 1025.0 626.0 difficult
small-vehicle 999.0 600.0 1018.0 619.0 difficult
small-vehicle 44.0 295.0 66.0 313.0 difficult
small-vehicle 25.0 315.0 41.0 332.0 difficult
small-vehicle 16.0 320.0 33.0 338.0 difficult
small-vehicle 11.0 327.0 29.0 345.0 difficult
ship 201.0 908.0 244.0 954.0
ship 188.0 898.0 229.0 944.0
ship 175.0 886.0 219.0 932.0
ship 161.0 882.0 199.0 922.0
ship 152.0 870.0 192.0 911.0
ship 141.0 855.0 186.0 899.0
ship 128.0 842.0 175.0 889.0
ship 111.0 837.0 138.0 864.0
ship 99.0 808.0 147.0 856.0
ship 87.0 802.0 130.0 845.0
ship 78.0 786.0 124.0 833.0
ship 65.0 777.0 109.0 821.0
ship 43.0 756.0 89.0 801.0
ship 31.0 746.0 74.0 787.0
ship 11.0 716.0 73.0 777.0
ship 717.0 115.0 748.0 146.0
ship 726.0 122.0 756.0 151.0
ship 206.0 922.0 252.0 968.0
ship 215.0 940.0 254.0 980.0
ship 227.0 941.0 276.0 991.0
ship 1005.0 1125.0 1051.0 1162.0
small-vehicle 186.0 165.0 206.0 185.0 difficult
small-vehicle 206.0 145.0 224.0 163.0 difficult
small-vehicle 241.0 112.0 259.0 129.0 difficult
small-vehicle 214.0 138.0 234.0 158.0 difficult
small-vehicle 336.0 20.0 356.0 41.0 difficult
small-vehicle 291.0 60.0 310.0 80.0 difficult
ship 982.0 1127.0 1041.0 1176.0
ship 999.0 1099.0 1063.0 1149.0
ship 239.0 950.0 292.0 1003.0
ship 1009.0 1084.0 1071.0 1132.0
ship 1027.0 1076.0 1083.0 1119.0
ship 1032.0 1059.0 1093.0 1106.0
ship 1048.0 1050.0 1106.0 1092.0
ship 1054.0 1032.0 1110.0 1074.0
ship 271.0 997.0 312.0 1034.0
ship 252.0 970.0 297.0 1014.0
small-vehicle 879.0 662.0 899.0 678.0 difficult
small-vehicle 938.0 598.0 960.0 621.0 difficult
ship 740.0 140.0 770.0 171.0
small-vehicle 143.0 932.0 162.0 942.0 difficult
small-vehicle 82.0 860.0 99.0 880.0 difficult
small-vehicle 73.0 856.0 93.0 873.0 difficult
small-vehicle 90.0 898.0 111.0 917.0 difficult
small-vehicle 788.0 752.0 807.0 768.0 difficult
small-vehicle 684.0 1106.0 700.0 1121.0 difficult
small-vehicle 679.0 1096.0 696.0 1114.0 difficult
small-vehicle 660.0 1086.0 676.0 1102.0 difficult
small-vehicle 643.0 1076.0 667.0 1098.0 difficult
small-vehicle 634.0 1065.0 651.0 1082.0 difficult
small-vehicle 624.0 1051.0 640.0 1068.0 difficult
small-vehicle 618.0 1045.0 633.0 1061.0 difficult
small-vehicle 612.0 1039.0 628.0 1056.0 difficult
small-vehicle 607.0 1033.0 623.0 1049.0 difficult
small-vehicle 600.0 1025.0 618.0 1042.0 difficult
small-vehicle 594.0 1021.0 610.0 1036.0 difficult
small-vehicle 583.0 954.0 601.0 970.0 difficult
small-vehicle 598.0 939.0 616.0 957.0 difficult
small-vehicle 129.0 914.0 147.0 928.0 difficult
small-vehicle 153.0 942.0 174.0 952.0 difficult
small-vehicle 1069.0 532.0 1089.0 553.0 difficult
small-vehicle 166.0 954.0 184.0 964.0 difficult
ship 724.0 227.0 754.0 254.0 difficult
ship 603.0 105.0 629.0 128.0 difficult
ship 640.0 149.0 663.0 168.0 difficult
small-vehicle 1080.0 684.0 1101.0 703.0 difficult
small-vehicle 1067.0 696.0 1087.0 716.0 difficult
ship 730.0 869.0 771.0 917.0
ship 290.0 1064.0 313.0 1089.0
ship 329.0 1103.0 378.0 1145.0
small-vehicle 99.0 881.0 120.0 896.0 difficult
small-vehicle 182.0 968.0 203.0 981.0
small-vehicle 149.0 967.0 166.0 985.0
ship 766.0 168.0 804.0 205.0
ship 406.0 64.0 460.0 114.0
small-vehicle 14.0 796.0 35.0 813.0 difficult
large-vehicle 24.0 810.0 51.0 824.0
large-vehicle 207.0 998.0 234.0 1011.0
small-vehicle 217.0 1009.0 238.0 1019.0 difficult
small-vehicle 621.0 919.0 637.0 937.0 difficult
small-vehicle 634.0 904.0 653.0 921.0 difficult
small-vehicle 651.0 887.0 669.0 906.0 difficult
small-vehicle 666.0 871.0 685.0 890.0 difficult
small-vehicle 866.0 829.0 884.0 848.0 difficult
small-vehicle 880.0 815.0 897.0 832.0 difficult
small-vehicle 865.0 799.0 885.0 820.0 difficult
small-vehicle 846.0 779.0 865.0 798.0 difficult
small-vehicle 832.0 767.0 851.0 784.0 difficult
small-vehicle 806.0 735.0 828.0 754.0 difficult
small-vehicle 943.0 819.0 962.0 838.0 difficult
small-vehicle 928.0 805.0 952.0 826.0 difficult
small-vehicle 926.0 780.0 949.0 802.0 difficult
small-vehicle 899.0 768.0 918.0 786.0 difficult
small-vehicle 879.0 758.0 898.0 778.0 difficult
small-vehicle 872.0 754.0 889.0 771.0 difficult
small-vehicle 878.0 731.0 898.0 750.0 difficult
small-vehicle 986.0 554.0 1004.0 574.0 difficult
small-vehicle 1006.0 535.0 1025.0 552.0 difficult
small-vehicle 1032.0 512.0 1051.0 530.0 difficult
small-vehicle 1060.0 482.0 1082.0 500.0 difficult
small-vehicle 858.0 820.0 878.0 840.0 difficult
small-vehicle 854.0 815.0 871.0 833.0 difficult
small-vehicle 837.0 801.0 857.0 820.0 difficult
small-vehicle 830.0 849.0 848.0 868.0 difficult
small-vehicle 681.0 857.0 702.0 876.0 difficult
small-vehicle 698.0 843.0 718.0 862.0 difficult
small-vehicle 717.0 824.0 734.0 842.0 difficult
small-vehicle 732.0 809.0 749.0 825.0 difficult
small-vehicle 856.0 879.0 876.0 897.0 difficult
small-vehicle 850.0 870.0 869.0 889.0 difficult
small-vehicle 823.0 841.0 843.0 860.0 difficult
small-vehicle 843.0 863.0 863.0 883.0 difficult
small-vehicle 825.0 788.0 844.0 804.0 difficult
small-vehicle 815.0 835.0 835.0 854.0 difficult
small-vehicle 802.0 822.0 821.0 840.0 difficult
small-vehicle 797.0 815.0 815.0 833.0 difficult
small-vehicle 789.0 806.0 806.0 825.0 difficult
small-vehicle 751.0 790.0 769.0 809.0 difficult
small-vehicle 912.0 848.0 933.0 868.0 difficult
small-vehicle 901.0 862.0 918.0 880.0 difficult
ship 731.0 132.0 762.0 161.0
ship 749.0 147.0 778.0 178.0
ship 730.0 736.0 766.0 769.0
ship 548.0 314.0 584.0 349.0
ship 564.0 257.0 593.0 286.0
ship 557.0 246.0 587.0 277.0
ship 526.0 293.0 563.0 332.0
ship 518.0 286.0 551.0 322.0
ship 508.0 274.0 544.0 313.0
ship 497.0 264.0 534.0 302.0
ship 489.0 255.0 522.0 290.0
ship 479.0 244.0 515.0 280.0
ship 549.0 234.0 581.0 267.0
ship 539.0 228.0 569.0 261.0
ship 524.0 210.0 555.0 241.0
ship 514.0 211.0 538.0 235.0
ship 505.0 192.0 537.0 227.0
ship 499.0 185.0 532.0 216.0
ship 491.0 177.0 524.0 210.0
ship 450.0 215.0 486.0 251.0
ship 371.0 289.0 410.0 328.0
ship 530.0 303.0 574.0 347.0
ship 556.0 325.0 592.0 359.0
ship 759.0 531.0 799.0 571.0
ship 567.0 333.0 601.0 367.0
ship 744.0 511.0 780.0 548.0
ship 732.0 501.0 767.0 535.0
ship 720.0 491.0 759.0 531.0
ship 711.0 482.0 749.0 519.0
ship 705.0 472.0 741.0 508.0
ship 690.0 464.0 726.0 506.0
ship 686.0 453.0 720.0 487.0
ship 671.0 444.0 709.0 486.0
ship 665.0 432.0 700.0 468.0
ship 653.0 423.0 691.0 460.0
ship 635.0 403.0 671.0 440.0
ship 624.0 394.0 659.0 430.0
ship 616.0 383.0 651.0 419.0
ship 602.0 374.0 640.0 413.0
ship 581.0 352.0 623.0 394.0
ship 592.0 363.0 630.0 403.0
ship 576.0 342.0 613.0 378.0
ship 385.0 298.0 420.0 335.0
ship 393.0 308.0 432.0 347.0
ship 402.0 319.0 440.0 358.0
ship 412.0 331.0 449.0 367.0
ship 627.0 547.0 659.0 586.0
ship 636.0 555.0 672.0 594.0
ship 644.0 568.0 680.0 604.0
ship 653.0 576.0 692.0 616.0
ship 665.0 585.0 703.0 624.0
ship 674.0 599.0 711.0 636.0
ship 684.0 604.0 725.0 645.0
ship 704.0 631.0 736.0 664.0
ship 714.0 640.0 746.0 673.0
ship 725.0 645.0 761.0 681.0
ship 733.0 654.0 770.0 692.0
ship 740.0 660.0 782.0 703.0
ship 750.0 673.0 789.0 715.0
ship 761.0 685.0 798.0 724.0
ship 770.0 694.0 809.0 734.0
ship 781.0 702.0 819.0 743.0
ship 732.0 744.0 777.0 788.0
ship 615.0 541.0 650.0 577.0
ship 597.0 516.0 649.0 566.0
ship 594.0 511.0 622.0 539.0
ship 491.0 407.0 526.0 444.0
ship 422.0 343.0 455.0 376.0
ship 431.0 344.0 471.0 385.0
ship 440.0 358.0 475.0 398.0
ship 450.0 373.0 486.0 409.0
ship 459.0 378.0 500.0 418.0
ship 473.0 397.0 498.0 423.0
ship 479.0 398.0 517.0 437.0
ship 499.0 417.0 536.0 456.0
ship 577.0 500.0 613.0 536.0
ship 511.0 435.0 540.0 465.0
ship 519.0 437.0 558.0 478.0
ship 530.0 448.0 567.0 486.0
ship 537.0 459.0 573.0 497.0
ship 546.0 467.0 585.0 507.0
ship 558.0 479.0 592.0 515.0
ship 567.0 485.0 605.0 525.0
ship 753.0 522.0 788.0 557.0
ship 769.0 542.0 808.0 581.0
ship 759.0 154.0 786.0 184.0
ship 741.0 241.0 769.0 267.0
ship 719.0 217.0 750.0 245.0
ship 710.0 210.0 741.0 239.0
ship 703.0 202.0 730.0 229.0
ship 689.0 189.0 714.0 214.0
ship 680.0 179.0 709.0 207.0
ship 665.0 168.0 687.0 192.0
ship 656.0 157.0 685.0 183.0
ship 649.0 148.0 677.0 175.0
ship 634.0 135.0 666.0 161.0
ship 626.0 128.0 655.0 152.0
ship 692.0 261.0 721.0 290.0
ship 684.0 252.0 713.0 281.0
ship 662.0 234.0 699.0 274.0
ship 649.0 218.0 681.0 249.0
ship 641.0 211.0 672.0 240.0
ship 626.0 195.0 659.0 226.0
ship 618.0 186.0 649.0 219.0
ship 733.0 232.0 764.0 262.0
ship 747.0 247.0 778.0 277.0
ship 784.0 551.0 817.0 587.0
ship 755.0 257.0 782.0 283.0
ship 771.0 163.0 794.0 185.0
ship 822.0 391.0 852.0 420.0
ship 805.0 377.0 838.0 408.0
ship 799.0 370.0 828.0 397.0
ship 790.0 360.0 821.0 390.0
ship 783.0 352.0 811.0 382.0
ship 775.0 345.0 802.0 373.0
ship 769.0 337.0 795.0 364.0
ship 755.0 325.0 787.0 358.0
ship 732.0 301.0 763.0 333.0
ship 729.0 294.0 755.0 320.0
ship 717.0 284.0 747.0 313.0
ship 709.0 276.0 738.0 306.0
ship 700.0 268.0 730.0 298.0
ship 781.0 282.0 806.0 307.0
ship 770.0 272.0 800.0 301.0
ship 762.0 261.0 795.0 293.0
ship 609.0 176.0 640.0 210.0
ship 580.0 143.0 607.0 169.0
ship 576.0 133.0 600.0 157.0
ship 550.0 117.0 583.0 150.0
ship 787.0 476.0 819.0 510.0
ship 801.0 498.0 828.0 527.0
ship 810.0 504.0 840.0 535.0
ship 818.0 511.0 850.0 544.0
ship 826.0 525.0 853.0 552.0
ship 842.0 537.0 873.0 569.0
ship 850.0 548.0 878.0 578.0
ship 859.0 550.0 892.0 586.0
ship 867.0 560.0 901.0 595.0
ship 886.0 530.0 915.0 558.0
ship 894.0 587.0 923.0 619.0
ship 849.0 621.0 885.0 658.0
ship 837.0 611.0 876.0 650.0
ship 818.0 591.0 856.0 630.0
ship 817.0 584.0 846.0 611.0
ship 794.0 571.0 837.0 612.0
ship 790.0 561.0 827.0 599.0
ship 777.0 471.0 807.0 503.0
ship 769.0 461.0 799.0 493.0
ship 760.0 455.0 788.0 485.0
ship 646.0 342.0 672.0 370.0
ship 576.0 261.0 607.0 292.0
ship 582.0 270.0 614.0 300.0
ship 589.0 282.0 618.0 311.0
ship 597.0 290.0 628.0 319.0
ship 605.0 294.0 640.0 327.0
ship 614.0 304.0 647.0 335.0
ship 637.0 328.0 669.0 362.0
ship 654.0 343.0 687.0 379.0
ship 753.0 449.0 779.0 478.0
ship 668.0 362.0 704.0 396.0
ship 694.0 385.0 728.0 417.0
ship 703.0 395.0 735.0 428.0
ship 712.0 405.0 742.0 435.0
ship 720.0 413.0 752.0 446.0
ship 735.0 429.0 767.0 461.0
ship 745.0 439.0 774.0 469.0
harbor 573.0 107.0 1003.0 540.0
