ship 1060.0 1187.0 1083.0 1199.0 difficult
ship 997.0 1268.0 1042.0 1332.0
harbor 1.0 1190.0 94.0 1336.0 difficult
harbor 45.0 1395.0 197.0 1515.0
harbor 60.0 1451.0 154.0 1523.0
ship 36.0 1171.0 102.0 1241.0
ship 39.0 1227.0 72.0 1267.0
ship 23.0 1241.0 57.0 1275.0
ship 986.0 1072.0 1057.0 1113.0
harbor 947.0 1395.0 1098.0 1488.0
ship 986.0 1058.0 1026.0 1084.0
ship 986.0 1017.0 1019.0 1039.0
ship 991.0 964.0 1015.0 989.0
ship 900.0 808.0 947.0 859.0
ship 825.0 837.0 844.0 869.0
ship 626.0 689.0 645.0 714.0
harbor 938.0 1521.0 1103.0 1611.0
swimming-pool 1110.0 1428.0 1152.0 1455.0
ship 287.0 637.0 391.0 747.0
harbor 712.0 552.0 1045.0 912.0
harbor 286.0 145.0 479.0 341.0
harbor 355.0 245.0 552.0 407.0
harbor 417.0 334.0 668.0 573.0
harbor 552.0 448.0 758.0 725.0
swimming-pool 747.0 478.0 800.0 522.0
harbor 767.0 576.0 873.0 701.0
harbor 891.0 642.0 1088.0 864.0
harbor 984.0 1245.0 1169.0 1363.0
harbor 935.0 724.0 1162.0 973.0
harbor 991.0 807.0 1195.0 1006.0
harbor 973.0 923.0 1283.0 1095.0
harbor 973.0 1098.0 1293.0 1177.0
harbor 1063.0 1179.0 1293.0 1233.0
harbor 1015.0 1199.0 1234.0 1298.0
ship 583.0 655.0 620.0 696.0
tennis-court 1079.0 1.0 1174.0 96.0
ship 1068.0 1234.0 1084.0 1260.0 difficult
ship 32.0 61.0 47.0 74.0 difficult
small-vehicle 1233.0 596.0 1257.0 612.0
small-vehicle 1183.0 424.0 1200.0 441.0 difficult
small-vehicle 636.0 9.0 651.0 30.0 difficult
ship 612.0 617.0 633.0 643.0
ship 798.0 767.0 823.0 782.0
ship 38.0 73.0 55.0 86.0
ship 1270.0 12.0 1288.0 29.0
small-vehicle 990.0 475.0 1013.0 499.0
ship 1283.0 24.0 1304.0 44.0
ship 1291.0 716.0 1309.0 732.0
ship 1308.0 738.0 1327.0 760.0
ship 966.0 928.0 993.0 955.0 difficult
ship 944.0 899.0 970.0 925.0 difficult
ship 1037.0 1285.0 1058.0 1311.0 difficult
small-vehicle 1026.0 555.0 1045.0 581.0
small-vehicle 983.0 486.0 1003.0 505.0
ship 1.0 51.0 29.0 83.0
small-vehicle 671.0 104.0 685.0 127.0
ship 350.0 1290.0 367.0 1310.0
ship 979.0 1549.0 995.0 1574.0
ship 1002.0 1156.0 1026.0 1170.0
swimming-pool 1179.0 766.0 1205.0 794.0
swimming-pool 1177.0 397.0 1210.0 428.0
swimming-pool 822.0 161.0 890.0 213.0
small-vehicle 658.0 166.0 676.0 193.0
small-vehicle 994.0 429.0 1006.0 449.0
small-vehicle 666.0 225.0 680.0 246.0
small-vehicle 1024.0 32.0 1047.0 57.0
small-vehicle 1287.0 120.0 1305.0 136.0
small-vehicle 1293.0 127.0 1311.0 144.0
small-vehicle 1253.0 269.0 1268.0 288.0
small-vehicle 1282.0 309.0 1300.0 329.0
harbor 180.0 33.0 439.0 289.0
