small-vehicle 127.0 550.0 163.0 579.0 difficult
harbor 1388.0 812.0 1519.0 990.0
ship 878.0 467.0 917.0 516.0
ship 759.0 410.0 820.0 494.0
ship 692.0 344.0 823.0 512.0
ship 624.0 369.0 669.0 426.0
ship 562.0 248.0 664.0 376.0
ship 526.0 267.0 584.0 340.0
ship 508.0 253.0 550.0 308.0
ship 398.0 168.0 476.0 277.0
ship 338.0 200.0 381.0 255.0
ship 215.0 52.0 296.0 153.0
harbor 1472.0 867.0 1622.0 1060.0
harbor 1272.0 748.0 1412.0 931.0
ship 1264.0 736.0 1306.0 794.0
harbor 1164.0 680.0 1305.0 864.0
harbor 1076.0 628.0 1236.0 822.0
harbor 980.0 569.0 1134.0 758.0
harbor 812.0 471.0 977.0 667.0
harbor 738.0 420.0 888.0 608.0
harbor 572.0 326.0 730.0 516.0
harbor 506.0 279.0 646.0 455.0
harbor 394.0 216.0 565.0 408.0
harbor 292.0 143.0 445.0 324.0
harbor 225.0 112.0 359.0 286.0
harbor 145.0 60.0 292.0 248.0
ship 1049.0 630.0 1097.0 688.0
ship 1359.0 808.0 1401.0 862.0
small-vehicle 327.0 674.0 365.0 704.0 difficult
small-vehicle 365.0 616.0 412.0 652.0 difficult
ship 1030.0 631.0 1061.0 669.0
ship 784.0 464.0 831.0 522.0
ship 670.0 422.0 713.0 477.0
swimming-pool 348.0 859.0 413.0 937.0
small-vehicle 107.0 1023.0 138.0 1061.0
small-vehicle 139.0 954.0 168.0 994.0
small-vehicle 588.0 1056.0 618.0 1098.0 difficult
small-vehicle 637.0 1055.0 668.0 1096.0 difficult
small-vehicle 1019.0 1009.0 1064.0 1048.0 difficult
small-vehicle 764.0 934.0 815.0 976.0 difficult
small-vehicle 650.0 787.0 698.0 831.0 difficult
small-vehicle 168.0 575.0 208.0 609.0
ship 1456.0 893.0 1496.0 945.0
small-vehicle 21.0 484.0 66.0 521.0
small-vehicle 845.0 907.0 886.0 940.0
small-vehicle 937.0 961.0 979.0 998.0
small-vehicle 444.0 741.0 486.0 779.0
small-vehicle 562.0 814.0 608.0 852.0
small-vehicle 495.0 774.0 532.0 809.0
small-vehicle 379.0 704.0 421.0 739.0
small-vehicle 493.0 695.0 534.0 729.0
ship 1590.0 935.0 1634.0 987.0
ship 1505.0 892.0 1544.0 944.0
ship 1487.0 853.0 1526.0 904.0
harbor 81.0 25.0 208.0 188.0
