ship 89.0 1157.0 131.0 1207.0
ship 373.0 472.0 417.0 506.0
ship 402.0 412.0 449.0 443.0
ship 396.0 387.0 451.0 427.0
ship 412.0 362.0 465.0 400.0
ship 482.0 197.0 536.0 233.0
ship 475.0 151.0 536.0 193.0
ship 455.0 79.0 594.0 167.0
harbor 78.0 899.0 240.0 1016.0
harbor 113.0 775.0 291.0 922.0
harbor 178.0 665.0 337.0 785.0
harbor 200.0 583.0 363.0 703.0
harbor 238.0 503.0 399.0 610.0
harbor 273.0 427.0 432.0 532.0
harbor 312.0 347.0 464.0 455.0
harbor 334.0 273.0 496.0 381.0
harbor 370.0 224.0 514.0 304.0
ship 378.0 431.0 430.0 468.0
ship 357.0 510.0 405.0 544.0
ship 526.0 34.0 555.0 74.0
ship 327.0 562.0 380.0 598.0
small-vehicle 114.0 149.0 138.0 182.0 difficult
ship 184.0 896.0 255.0 942.0
ship 444.0 321.0 491.0 357.0
swimming-pool 326.0 166.0 382.0 239.0
small-vehicle 32.0 188.0 62.0 233.0 difficult
small-vehicle 51.0 280.0 85.0 331.0 difficult
small-vehicle 105.0 6.0 136.0 48.0 difficult
small-vehicle 66.0 107.0 92.0 144.0
ship 181.0 949.0 233.0 986.0
ship 229.0 825.0 280.0 862.0
ship 241.0 796.0 290.0 831.0
ship 207.0 749.0 260.0 786.0
ship 245.0 718.0 314.0 764.0
ship 253.0 699.0 301.0 732.0
ship 524.0 784.0 563.0 843.0
harbor 399.0 100.0 564.0 223.0
