ship 1244.0 488.0 1283.0 539.0
ship 986.0 336.0 1030.0 402.0
ship 1117.0 751.0 1182.0 791.0
ship 1336.0 494.0 1393.0 602.0
ship 1312.0 433.0 1371.0 521.0
ship 1271.0 402.0 1315.0 468.0
ship 1205.0 395.0 1280.0 510.0
ship 1105.0 402.0 1142.0 459.0
ship 1110.0 348.0 1149.0 404.0
ship 1023.0 324.0 1099.0 456.0
ship 898.0 264.0 1026.0 466.0
ship 829.0 243.0 903.0 365.0
ship 732.0 220.0 771.0 276.0
ship 430.0 151.0 470.0 201.0
ship 245.0 112.0 278.0 159.0
ship 261.0 52.0 294.0 103.0
ship 214.0 36.0 262.0 112.0
ship 104.0 88.0 137.0 140.0
ship 174.0 15.0 201.0 60.0
ship 99.0 9.0 122.0 56.0
ship 41.0 17.0 61.0 68.0
harbor 1305.0 432.0 1438.0 634.0
harbor 1212.0 397.0 1298.0 580.0
harbor 1126.0 367.0 1229.0 555.0
harbor 1037.0 334.0 1168.0 533.0
harbor 868.0 277.0 1036.0 486.0
harbor 784.0 247.0 910.0 438.0
harbor 681.0 211.0 783.0 388.0
harbor 550.0 161.0 719.0 361.0
harbor 484.0 141.0 568.0 317.0
harbor 279.0 64.0 441.0 274.0
ship 1275.0 758.0 1338.0 792.0
ship 1278.0 776.0 1335.0 808.0
ship 1360.0 765.0 1398.0 792.0
small-vehicle 202.0 763.0 232.0 800.0
ship 552.0 154.0 586.0 196.0 difficult
ship 536.0 187.0 563.0 225.0 difficult
ship 1252.0 697.0 1328.0 742.0
ship 1068.0 470.0 1128.0 506.0
ship 1164.0 403.0 1200.0 459.0
ship 387.0 96.0 424.0 150.0
ship 489.0 179.0 523.0 219.0
ship 474.0 130.0 507.0 177.0
small-vehicle 691.0 700.0 736.0 739.0 difficult
small-vehicle 588.0 718.0 633.0 760.0 difficult
small-vehicle 301.0 468.0 341.0 523.0 difficult
small-vehicle 238.0 673.0 266.0 711.0 difficult
small-vehicle 288.0 674.0 321.0 718.0
small-vehicle 167.0 570.0 205.0 599.0
ship 1353.0 782.0 1392.0 808.0
small-vehicle 66.0 534.0 110.0 563.0
small-vehicle 788.0 772.0 828.0 811.0
small-vehicle 621.0 664.0 666.0 700.0
small-vehicle 574.0 641.0 616.0 671.0
small-vehicle 256.0 766.0 288.0 811.0
small-vehicle 357.0 319.0 391.0 368.0
small-vehicle 345.0 362.0 378.0 404.0
small-vehicle 374.0 448.0 403.0 486.0
small-vehicle 230.0 518.0 273.0 547.0
small-vehicle 98.0 470.0 138.0 499.0
ship 1387.0 796.0 1423.0 825.0
ship 1395.0 767.0 1430.0 794.0
ship 1403.0 738.0 1438.0 760.0
harbor 139.0 18.0 283.0 218.0
