small-vehicle 1299.0 76.0 1338.0 99.0 difficult
ship 1.0 213.0 76.0 275.0 difficult
ship 90.0 233.0 130.0 279.0
ship 70.0 261.0 138.0 338.0
ship 63.0 303.0 105.0 347.0
ship 46.0 396.0 115.0 462.0
ship 33.0 450.0 81.0 478.0
ship 16.0 587.0 54.0 644.0
ship 107.0 618.0 137.0 664.0
ship 137.0 617.0 181.0 697.0
ship 193.0 633.0 237.0 660.0
ship 229.0 647.0 259.0 701.0
ship 261.0 649.0 313.0 681.0
ship 333.0 673.0 373.0 701.0
ship 295.0 679.0 318.0 714.0
ship 438.0 712.0 469.0 760.0
ship 524.0 727.0 576.0 761.0
ship 713.0 781.0 771.0 816.0
ship 897.0 850.0 973.0 903.0
ship 977.0 888.0 1016.0 916.0
ship 951.0 899.0 973.0 931.0
ship 1310.0 1015.0 1355.0 1046.0
ship 1388.0 1044.0 1444.0 1080.0
ship 1462.0 1060.0 1512.0 1094.0
ship 1523.0 1078.0 1574.0 1104.0
ship 1132.0 435.0 1174.0 483.0
ship 1024.0 397.0 1110.0 465.0
ship 1.0 256.0 69.0 309.0
ship 82.0 164.0 155.0 251.0
ship 1113.0 471.0 1148.0 506.0
ship 40.0 132.0 87.0 169.0
harbor 556.0 530.0 666.0 627.0
harbor 432.0 490.0 513.0 574.0
harbor 988.0 295.0 1193.0 781.0
harbor 1470.0 867.0 1550.0 938.0
harbor 45.0 601.0 105.0 689.0
harbor 99.0 610.0 181.0 713.0
harbor 169.0 648.0 241.0 731.0
harbor 242.0 667.0 309.0 745.0
harbor 304.0 686.0 369.0 766.0
harbor 374.0 704.0 433.0 784.0
harbor 439.0 723.0 500.0 802.0
harbor 514.0 747.0 568.0 825.0
harbor 637.0 779.0 701.0 861.0
harbor 705.0 803.0 756.0 880.0
harbor 862.0 867.0 959.0 952.0
harbor 954.0 902.0 1026.0 980.0
harbor 1133.0 977.0 1216.0 1065.0
harbor 1291.0 1032.0 1347.0 1111.0
harbor 1375.0 1062.0 1434.0 1135.0
harbor 1449.0 1078.0 1503.0 1153.0
harbor 1573.0 1111.0 1614.0 1171.0
harbor 1513.0 1094.0 1560.0 1164.0
ship 38.0 91.0 87.0 132.0
ship 97.0 122.0 142.0 175.0
ship 124.0 113.0 162.0 153.0
ship 1056.0 441.0 1101.0 480.0
ship 1045.0 488.0 1094.0 529.0
ship 1141.0 971.0 1160.0 998.0 difficult
small-vehicle 1294.0 1322.0 1345.0 1355.0
small-vehicle 1153.0 1199.0 1184.0 1246.0
small-vehicle 1074.0 1245.0 1116.0 1281.0
small-vehicle 815.0 1156.0 856.0 1187.0
small-vehicle 860.0 1175.0 901.0 1203.0
small-vehicle 459.0 1143.0 507.0 1184.0
small-vehicle 524.0 997.0 554.0 1041.0
large-vehicle 303.0 1248.0 355.0 1299.0
small-vehicle 248.0 962.0 288.0 991.0
small-vehicle 80.0 904.0 130.0 935.0 difficult
small-vehicle 124.0 1134.0 169.0 1185.0 difficult
small-vehicle 183.0 1214.0 218.0 1253.0 difficult
small-vehicle 207.0 1249.0 238.0 1289.0 difficult
ship 58.0 343.0 104.0 398.0
ship 598.0 563.0 647.0 593.0
small-vehicle 923.0 12.0 946.0 50.0
small-vehicle 945.0 11.0 968.0 50.0
small-vehicle 1478.0 45.0 1534.0 77.0
small-vehicle 1440.0 26.0 1473.0 48.0
ship 437.0 557.0 481.0 585.0 difficult
ship 1019.0 489.0 1048.0 513.0 difficult
ship 843.0 385.0 867.0 398.0 difficult
ship 840.0 389.0 863.0 406.0 difficult
ship 1475.0 915.0 1524.0 951.0 difficult
ship 1247.0 328.0 1273.0 349.0 difficult
ship 1017.0 275.0 1052.0 282.0 difficult
small-vehicle 1244.0 1305.0 1284.0 1336.0
small-vehicle 557.0 339.0 582.0 379.0
ship 1096.0 497.0 1142.0 547.0
small-vehicle 526.0 346.0 548.0 392.0
ship 999.0 529.0 1091.0 608.0
ship 1104.0 574.0 1148.0 625.0
ship 1076.0 592.0 1132.0 657.0
ship 1021.0 602.0 1064.0 640.0
ship 990.0 631.0 1068.0 700.0
ship 1074.0 633.0 1115.0 688.0
ship 1054.0 680.0 1112.0 759.0
ship 1091.0 684.0 1125.0 724.0
ship 988.0 673.0 1068.0 745.0
ship 518.0 587.0 610.0 642.0
small-vehicle 4.0 876.0 44.0 905.0
small-vehicle 48.0 974.0 86.0 1025.0
small-vehicle 343.0 995.0 388.0 1024.0
small-vehicle 428.0 1025.0 466.0 1053.0
small-vehicle 503.0 986.0 532.0 1025.0
small-vehicle 102.0 1099.0 140.0 1145.0
small-vehicle 50.0 1026.0 87.0 1068.0
small-vehicle 346.0 1230.0 385.0 1265.0
small-vehicle 702.0 1120.0 739.0 1150.0
small-vehicle 598.0 1086.0 636.0 1111.0
small-vehicle 1035.0 1237.0 1072.0 1262.0
small-vehicle 1176.0 1211.0 1205.0 1257.0
small-vehicle 529.0 224.0 569.0 247.0
small-vehicle 516.0 264.0 551.0 287.0
small-vehicle 549.0 162.0 578.0 204.0
harbor 2.0 78.0 157.0 459.0
