ship 1273.0 592.0 1297.0 620.0 difficult
ship 302.0 271.0 350.0 329.0
harbor 1548.0 300.0 1658.0 411.0
harbor 1527.0 725.0 1601.0 783.0
harbor 1563.0 779.0 1635.0 843.0
harbor 238.0 1.0 313.0 68.0
harbor 276.0 48.0 356.0 119.0
harbor 315.0 102.0 396.0 171.0
ship 117.0 4.0 152.0 48.0
ship 264.0 87.0 302.0 133.0
ship 294.0 133.0 339.0 184.0
ship 236.0 219.0 281.0 257.0
ship 298.0 323.0 340.0 359.0
ship 1515.0 691.0 1604.0 764.0
ship 345.0 341.0 379.0 384.0
ship 371.0 440.0 426.0 492.0
ship 412.0 422.0 479.0 497.0
ship 422.0 468.0 448.0 498.0
ship 462.0 496.0 514.0 561.0
ship 848.0 1036.0 901.0 1099.0 difficult
ship 883.0 985.0 942.0 1037.0
ship 1058.0 908.0 1092.0 948.0
harbor 1295.0 667.0 1433.0 768.0
ship 1398.0 677.0 1444.0 716.0
harbor 1474.0 356.0 1562.0 464.0
harbor 1420.0 419.0 1492.0 502.0
harbor 1373.0 451.0 1450.0 537.0
harbor 1319.0 513.0 1377.0 581.0
harbor 78.0 74.0 170.0 154.0
harbor 166.0 183.0 255.0 262.0
harbor 195.0 238.0 292.0 322.0
harbor 253.0 294.0 326.0 354.0
harbor 293.0 348.0 364.0 413.0
harbor 330.0 401.0 403.0 470.0
harbor 370.0 458.0 453.0 533.0
harbor 406.0 508.0 484.0 578.0
harbor 590.0 489.0 664.0 556.0
harbor 635.0 545.0 698.0 598.0
harbor 754.0 724.0 847.0 819.0
harbor 952.0 759.0 1030.0 844.0
harbor 1023.0 713.0 1091.0 790.0
harbor 898.0 1002.0 968.0 1078.0
harbor 966.0 960.0 1029.0 1028.0
harbor 1031.0 920.0 1090.0 986.0
harbor 1081.0 887.0 1137.0 948.0
harbor 1133.0 843.0 1194.0 912.0
harbor 1148.0 625.0 1219.0 703.0
harbor 1220.0 589.0 1276.0 659.0
harbor 1262.0 545.0 1327.0 615.0
ship 1350.0 634.0 1439.0 705.0
ship 1587.0 764.0 1622.0 796.0
ship 1475.0 561.0 1501.0 581.0 difficult
large-vehicle 1248.0 221.0 1302.0 269.0
small-vehicle 1063.0 595.0 1097.0 632.0
small-vehicle 839.0 419.0 871.0 458.0
small-vehicle 98.0 558.0 128.0 594.0
small-vehicle 157.0 965.0 192.0 1006.0
small-vehicle 185.0 1003.0 218.0 1041.0
small-vehicle 212.0 1040.0 246.0 1081.0
small-vehicle 639.0 1013.0 682.0 1061.0
large-vehicle 1266.0 935.0 1309.0 986.0
small-vehicle 1288.0 845.0 1315.0 885.0
small-vehicle 1375.0 998.0 1414.0 1043.0 difficult
small-vehicle 1198.0 268.0 1238.0 306.0
ship 1586.0 803.0 1658.0 869.0
small-vehicle 1080.0 349.0 1123.0 389.0
small-vehicle 849.0 289.0 885.0 333.0
small-vehicle 581.0 50.0 618.0 83.0 difficult
small-vehicle 562.0 24.0 599.0 60.0 difficult
bridge 545.0 573.0 762.0 758.0
basketball-court 576.0 84.0 662.0 159.0
ship 487.0 314.0 523.0 344.0
ship 581.0 350.0 602.0 365.0
ship 543.0 393.0 577.0 420.0 difficult
ship 552.0 403.0 600.0 438.0 difficult
small-vehicle 1036.0 559.0 1065.0 595.0
small-vehicle 985.0 484.0 1015.0 518.0
small-vehicle 834.0 344.0 869.0 383.0
small-vehicle 823.0 256.0 857.0 295.0
ship 1525.0 438.0 1578.0 480.0
ship 1439.0 401.0 1524.0 504.0
ship 1438.0 475.0 1483.0 527.0
ship 1380.0 490.0 1428.0 545.0
ship 1297.0 591.0 1343.0 632.0
ship 1186.0 674.0 1231.0 712.0
ship 1050.0 768.0 1096.0 805.0
ship 619.0 539.0 670.0 581.0
ship 577.0 492.0 621.0 533.0
ship 568.0 418.0 616.0 454.0
ship 473.0 351.0 510.0 380.0
ship 444.0 288.0 500.0 324.0
small-vehicle 51.0 491.0 81.0 529.0
small-vehicle 62.0 594.0 101.0 639.0
small-vehicle 106.0 659.0 144.0 704.0
small-vehicle 140.0 706.0 173.0 745.0
small-vehicle 135.0 934.0 169.0 973.0
small-vehicle 507.0 823.0 541.0 864.0
small-vehicle 566.0 905.0 605.0 951.0
small-vehicle 622.0 986.0 653.0 1022.0
small-vehicle 1543.0 113.0 1577.0 152.0
harbor 36.0 20.0 133.0 100.0
