ship 1513.0 275.0 1533.0 301.0 difficult
ship 1172.0 475.0 1210.0 504.0
ship 1103.0 345.0 1146.0 376.0
ship 1114.0 362.0 1152.0 390.0
ship 1122.0 379.0 1158.0 408.0
ship 1133.0 397.0 1167.0 423.0
ship 1146.0 426.0 1184.0 457.0
ship 1156.0 442.0 1196.0 472.0
ship 1160.0 459.0 1200.0 489.0
ship 1184.0 496.0 1223.0 525.0
ship 920.0 465.0 968.0 501.0
ship 1196.0 511.0 1229.0 535.0
ship 1204.0 526.0 1234.0 548.0
ship 1144.0 544.0 1192.0 580.0
ship 1140.0 528.0 1183.0 556.0
ship 1134.0 509.0 1174.0 539.0
ship 1121.0 488.0 1167.0 521.0
ship 1112.0 474.0 1157.0 506.0
ship 1048.0 332.0 1117.0 379.0
ship 923.0 489.0 978.0 529.0
ship 1076.0 400.0 1119.0 434.0
ship 1025.0 556.0 1053.0 571.0
ship 959.0 417.0 1005.0 450.0
ship 967.0 436.0 1012.0 469.0
ship 977.0 453.0 1020.0 484.0
ship 985.0 471.0 1032.0 504.0
ship 995.0 489.0 1038.0 520.0
ship 1004.0 502.0 1051.0 539.0
ship 1030.0 541.0 1064.0 565.0
ship 1030.0 559.0 1073.0 593.0
ship 935.0 511.0 989.0 549.0
ship 1044.0 578.0 1082.0 608.0
ship 1059.0 597.0 1094.0 623.0
ship 997.0 616.0 1046.0 650.0
ship 990.0 599.0 1024.0 625.0
ship 969.0 576.0 1021.0 615.0
ship 953.0 554.0 1012.0 597.0
ship 940.0 531.0 1003.0 574.0
ship 1104.0 455.0 1147.0 485.0
ship 1068.0 387.0 1109.0 416.0
small-vehicle 1464.0 756.0 1484.0 780.0 difficult
ship 1331.0 312.0 1360.0 333.0
ship 1220.0 367.0 1258.0 399.0
ship 1215.0 352.0 1249.0 379.0
ship 1202.0 338.0 1237.0 365.0
ship 1190.0 317.0 1234.0 349.0
ship 1289.0 208.0 1355.0 253.0
ship 1297.0 248.0 1330.0 273.0
ship 1307.0 261.0 1339.0 286.0
ship 1332.0 326.0 1369.0 352.0
ship 1234.0 402.0 1273.0 431.0
ship 1342.0 339.0 1378.0 367.0
ship 1347.0 355.0 1383.0 383.0
ship 1362.0 373.0 1390.0 394.0
ship 1364.0 385.0 1398.0 409.0
ship 1374.0 401.0 1406.0 424.0
ship 1388.0 429.0 1418.0 452.0
ship 1404.0 373.0 1434.0 418.0
ship 1230.0 384.0 1268.0 412.0
ship 1240.0 415.0 1281.0 447.0
ship 1052.0 369.0 1098.0 400.0
ship 1274.0 372.0 1305.0 396.0
ship 1183.0 302.0 1225.0 331.0
ship 1227.0 284.0 1259.0 307.0
ship 1237.0 296.0 1271.0 322.0
ship 1246.0 316.0 1275.0 339.0
ship 1250.0 330.0 1283.0 353.0
ship 1260.0 344.0 1288.0 367.0
ship 1267.0 357.0 1298.0 382.0
ship 1283.0 388.0 1314.0 411.0
ship 1256.0 433.0 1289.0 458.0
ship 1290.0 399.0 1324.0 425.0
ship 1298.0 416.0 1332.0 441.0
ship 1310.0 434.0 1342.0 458.0
ship 1327.0 460.0 1354.0 483.0
ship 1280.0 483.0 1314.0 507.0
ship 1272.0 466.0 1307.0 492.0
ship 1263.0 446.0 1300.0 474.0
ship 907.0 444.0 960.0 484.0
ship 721.0 550.0 768.0 615.0
ship 743.0 536.0 786.0 597.0
ship 294.0 907.0 339.0 939.0
ship 117.0 329.0 171.0 352.0
ship 128.0 361.0 168.0 375.0
ship 114.0 406.0 132.0 450.0
ship 89.0 414.0 104.0 446.0
ship 78.0 455.0 102.0 504.0
ship 63.0 696.0 97.0 730.0
ship 302.0 923.0 344.0 952.0
ship 273.0 879.0 325.0 925.0
ship 113.0 249.0 169.0 272.0
ship 268.0 848.0 321.0 886.0
ship 258.0 829.0 312.0 867.0
ship 251.0 812.0 298.0 846.0
ship 240.0 791.0 288.0 829.0
ship 339.0 756.0 372.0 805.0
ship 380.0 835.0 433.0 917.0
ship 549.0 825.0 603.0 863.0
ship 122.0 303.0 165.0 321.0
ship 126.0 230.0 164.0 245.0
ship 762.0 524.0 806.0 587.0
harbor 1054.0 342.0 1239.0 588.0
harbor 118.0 859.0 265.0 1078.0
harbor 235.0 781.0 397.0 1016.0
harbor 315.0 756.0 430.0 949.0
harbor 398.0 666.0 610.0 912.0
harbor 606.0 581.0 768.0 807.0
harbor 735.0 495.0 938.0 752.0
harbor 904.0 415.0 1096.0 668.0
harbor 1185.0 281.0 1360.0 521.0
ship 121.0 193.0 177.0 214.0
harbor 1297.0 224.0 1458.0 457.0
harbor 1429.0 143.0 1616.0 390.0
harbor 756.0 107.0 1000.0 267.0
harbor 449.0 235.0 752.0 424.0
harbor 98.0 402.0 413.0 582.0
harbor 91.0 408.0 120.0 549.0
ship 121.0 7.0 181.0 29.0
ship 501.0 869.0 546.0 901.0
ship 488.0 845.0 539.0 885.0
ship 479.0 831.0 520.0 861.0
ship 777.0 583.0 821.0 616.0
ship 717.0 822.0 752.0 873.0
ship 832.0 715.0 872.0 737.0
ship 825.0 693.0 867.0 718.0
ship 830.0 672.0 866.0 697.0
ship 811.0 656.0 855.0 689.0
ship 806.0 638.0 847.0 670.0
ship 798.0 622.0 841.0 653.0
ship 827.0 558.0 870.0 592.0
ship 537.0 803.0 588.0 841.0
ship 835.0 577.0 881.0 611.0
ship 849.0 599.0 892.0 629.0
ship 862.0 618.0 902.0 648.0
ship 867.0 638.0 913.0 671.0
ship 834.0 487.0 874.0 548.0
ship 810.0 494.0 854.0 562.0
ship 788.0 507.0 831.0 573.0
ship 735.0 808.0 769.0 857.0
ship 688.0 758.0 743.0 797.0
ship 674.0 731.0 738.0 777.0
ship 683.0 708.0 733.0 744.0
ship 523.0 777.0 579.0 819.0
ship 468.0 807.0 514.0 843.0
ship 460.0 790.0 502.0 822.0
ship 512.0 760.0 567.0 799.0
ship 506.0 737.0 553.0 773.0
ship 514.0 660.0 562.0 732.0
ship 480.0 668.0 532.0 742.0
ship 455.0 676.0 508.0 754.0
ship 441.0 704.0 483.0 763.0
ship 410.0 712.0 456.0 783.0
ship 616.0 593.0 675.0 635.0
ship 615.0 615.0 685.0 662.0
ship 638.0 637.0 698.0 682.0
ship 647.0 662.0 710.0 706.0
ship 660.0 685.0 717.0 725.0
ship 1375.0 306.0 1408.0 330.0
ship 1366.0 292.0 1397.0 315.0
ship 1357.0 275.0 1386.0 298.0
small-vehicle 1035.0 869.0 1056.0 885.0 difficult
small-vehicle 1218.0 890.0 1235.0 910.0 difficult
small-vehicle 1157.0 919.0 1175.0 941.0 difficult
small-vehicle 967.0 737.0 991.0 756.0 difficult
small-vehicle 977.0 756.0 999.0 774.0 difficult
small-vehicle 987.0 774.0 1009.0 794.0 difficult
small-vehicle 1023.0 846.0 1045.0 865.0 difficult
small-vehicle 1027.0 863.0 1045.0 880.0 difficult
small-vehicle 1041.0 886.0 1061.0 904.0 difficult
small-vehicle 1236.0 879.0 1252.0 900.0 difficult
small-vehicle 1043.0 911.0 1061.0 933.0 difficult
small-vehicle 1050.0 905.0 1070.0 926.0 difficult
small-vehicle 1061.0 900.0 1079.0 923.0 difficult
small-vehicle 969.0 950.0 987.0 971.0 difficult
small-vehicle 955.0 956.0 974.0 981.0 difficult
small-vehicle 933.0 969.0 951.0 990.0 difficult
small-vehicle 924.0 972.0 942.0 996.0 difficult
small-vehicle 1226.0 885.0 1244.0 905.0 difficult
small-vehicle 1243.0 875.0 1262.0 897.0 difficult
small-vehicle 1151.0 830.0 1174.0 845.0 difficult
small-vehicle 1384.0 807.0 1400.0 828.0 difficult
small-vehicle 1080.0 741.0 1101.0 759.0 difficult
small-vehicle 1082.0 751.0 1106.0 768.0 difficult
small-vehicle 1514.0 841.0 1535.0 856.0 difficult
small-vehicle 1444.0 772.0 1464.0 801.0 difficult
small-vehicle 1429.0 787.0 1446.0 811.0 difficult
small-vehicle 1402.0 798.0 1418.0 819.0 difficult
small-vehicle 1393.0 804.0 1411.0 824.0 difficult
small-vehicle 1373.0 811.0 1390.0 832.0 difficult
small-vehicle 1253.0 869.0 1271.0 894.0 difficult
small-vehicle 1364.0 815.0 1381.0 837.0 difficult
small-vehicle 1328.0 835.0 1347.0 856.0 difficult
small-vehicle 1321.0 841.0 1338.0 860.0 difficult
small-vehicle 1296.0 850.0 1316.0 872.0 difficult
small-vehicle 1289.0 856.0 1304.0 876.0 difficult
small-vehicle 1282.0 861.0 1298.0 882.0 difficult
small-vehicle 1272.0 863.0 1289.0 886.0 difficult
small-vehicle 1068.0 958.0 1088.0 982.0 difficult
small-vehicle 1053.0 969.0 1071.0 993.0 difficult
small-vehicle 1041.0 976.0 1060.0 998.0 difficult
ship 231.0 984.0 256.0 1014.0 difficult
ship 1092.0 439.0 1134.0 472.0
ship 1386.0 343.0 1401.0 358.0 difficult
ship 1395.0 357.0 1408.0 374.0
ship 765.0 702.0 784.0 725.0 difficult
ship 774.0 723.0 790.0 741.0 difficult
ship 208.0 936.0 233.0 965.0 difficult
ship 221.0 960.0 240.0 985.0 difficult
ship 795.0 755.0 811.0 769.0 difficult
small-vehicle 1024.0 981.0 1042.0 1005.0 difficult
ship 790.0 743.0 808.0 759.0 difficult
ship 817.0 214.0 832.0 232.0 difficult
ship 817.0 201.0 834.0 215.0 difficult
ship 810.0 196.0 826.0 212.0 difficult
small-vehicle 1141.0 699.0 1165.0 717.0 difficult
small-vehicle 1384.0 575.0 1404.0 599.0 difficult
small-vehicle 1457.0 709.0 1483.0 727.0 difficult
ship 886.0 674.0 933.0 711.0
ship 874.0 652.0 926.0 690.0
ship 452.0 774.0 488.0 799.0
ship 621.0 873.0 658.0 924.0
small-vehicle 987.0 1002.0 1006.0 1023.0 difficult
small-vehicle 979.0 1007.0 996.0 1030.0 difficult
small-vehicle 962.0 1012.0 980.0 1037.0 difficult
small-vehicle 942.0 1020.0 962.0 1046.0 difficult
small-vehicle 935.0 1026.0 950.0 1051.0 difficult
small-vehicle 913.0 1034.0 934.0 1058.0 difficult
small-vehicle 832.0 1024.0 850.0 1046.0 difficult
small-vehicle 813.0 1033.0 832.0 1057.0 difficult
small-vehicle 798.0 1044.0 814.0 1065.0 difficult
small-vehicle 778.0 1051.0 795.0 1075.0 difficult
small-vehicle 767.0 1057.0 787.0 1081.0 difficult
small-vehicle 402.0 1051.0 428.0 1074.0 difficult
ship 81.0 515.0 99.0 547.0
large-vehicle 1427.0 564.0 1495.0 616.0
ship 320.0 965.0 349.0 986.0
small-vehicle 1155.0 840.0 1176.0 856.0 difficult
small-vehicle 1146.0 818.0 1169.0 835.0 difficult
ship 1352.0 261.0 1381.0 284.0
ship 828.0 193.0 854.0 228.0
ship 1563.0 305.0 1606.0 336.0
ship 1576.0 316.0 1624.0 352.0
ship 773.0 213.0 809.0 259.0
ship 794.0 209.0 821.0 244.0
ship 751.0 232.0 783.0 275.0
ship 842.0 184.0 868.0 218.0
ship 865.0 178.0 888.0 209.0
ship 535.0 925.0 568.0 971.0
ship 1503.0 323.0 1539.0 373.0
ship 579.0 908.0 607.0 946.0
ship 573.0 1019.0 615.0 1072.0
ship 603.0 999.0 645.0 1056.0
ship 633.0 979.0 678.0 1042.0
ship 666.0 964.0 709.0 1022.0
ship 684.0 932.0 757.0 1037.0
ship 724.0 928.0 798.0 1033.0
ship 1548.0 286.0 1600.0 323.0
ship 1520.0 303.0 1557.0 356.0
small-vehicle 1141.0 811.0 1162.0 827.0 difficult
ship 1454.0 210.0 1492.0 241.0
ship 1344.0 244.0 1373.0 268.0
ship 1318.0 297.0 1350.0 320.0
ship 1424.0 130.0 1498.0 182.0
ship 1427.0 175.0 1472.0 205.0
ship 1476.0 149.0 1519.0 181.0
ship 1485.0 163.0 1534.0 198.0
ship 1442.0 191.0 1483.0 223.0
ship 1459.0 226.0 1502.0 259.0
ship 1468.0 248.0 1510.0 277.0
ship 1503.0 194.0 1556.0 233.0
ship 1500.0 180.0 1541.0 212.0
ship 1509.0 210.0 1566.0 253.0
ship 1522.0 234.0 1569.0 268.0
ship 1534.0 251.0 1577.0 284.0
ship 1543.0 268.0 1588.0 301.0
ship 1474.0 263.0 1521.0 295.0
ship 767.0 920.0 801.0 968.0
ship 1561.0 426.0 1602.0 455.0
ship 1446.0 499.0 1491.0 562.0
small-vehicle 1100.0 732.0 1118.0 749.0 difficult
small-vehicle 1108.0 629.0 1125.0 652.0 difficult
small-vehicle 1099.0 633.0 1115.0 656.0 difficult
small-vehicle 1058.0 655.0 1076.0 678.0 difficult
small-vehicle 1066.0 650.0 1082.0 671.0 difficult
small-vehicle 1137.0 616.0 1152.0 640.0 difficult
small-vehicle 1085.0 715.0 1110.0 733.0 difficult
small-vehicle 1093.0 725.0 1113.0 741.0 difficult
small-vehicle 1106.0 739.0 1125.0 758.0 difficult
ship 1452.0 566.0 1491.0 597.0
small-vehicle 1116.0 766.0 1139.0 783.0 difficult
small-vehicle 1168.0 754.0 1188.0 771.0 difficult
small-vehicle 1179.0 772.0 1197.0 787.0 difficult
small-vehicle 1182.0 779.0 1205.0 798.0 difficult
small-vehicle 1193.0 817.0 1217.0 835.0 difficult
small-vehicle 1157.0 736.0 1178.0 752.0 difficult
small-vehicle 1152.0 719.0 1171.0 734.0 difficult
small-vehicle 1115.0 624.0 1133.0 646.0 difficult
small-vehicle 1126.0 619.0 1143.0 643.0
small-vehicle 1136.0 690.0 1157.0 707.0
small-vehicle 1371.0 585.0 1392.0 612.0
ship 1526.0 610.0 1561.0 661.0
ship 1450.0 643.0 1486.0 693.0
ship 1420.0 645.0 1464.0 713.0
ship 1504.0 724.0 1551.0 765.0
ship 1606.0 693.0 1634.0 717.0
ship 1604.0 579.0 1631.0 619.0
ship 1330.0 58.0 1368.0 89.0
ship 1189.0 256.0 1250.0 301.0
ship 931.0 384.0 997.0 437.0
ship 884.0 414.0 941.0 463.0
ship 594.0 317.0 616.0 348.0
ship 690.0 264.0 720.0 301.0
ship 1472.0 489.0 1507.0 536.0
small-vehicle 1568.0 447.0 1597.0 471.0
small-vehicle 1354.0 588.0 1377.0 619.0
harbor 104.0 4.0 194.0 389.0
