small-vehicle 502.0 8.0 511.0 28.0 difficult
ship 1101.0 1509.0 1117.0 1549.0
ship 1002.0 1335.0 1018.0 1381.0
ship 976.0 1338.0 992.0 1382.0
ship 951.0 1340.0 970.0 1384.0
ship 953.0 1393.0 969.0 1432.0
ship 976.0 1394.0 991.0 1433.0
ship 998.0 1393.0 1016.0 1435.0
ship 1024.0 1396.0 1038.0 1433.0
ship 1051.0 1394.0 1069.0 1435.0
ship 1073.0 1403.0 1084.0 1433.0
ship 1096.0 1397.0 1114.0 1441.0
ship 1078.0 1509.0 1089.0 1539.0
ship 1051.0 1339.0 1066.0 1381.0
ship 1059.0 1508.0 1074.0 1548.0
ship 1037.0 1502.0 1052.0 1545.0
ship 1017.0 1504.0 1033.0 1545.0
ship 996.0 1506.0 1011.0 1547.0
ship 974.0 1503.0 989.0 1547.0
ship 949.0 1549.0 966.0 1598.0
ship 974.0 1558.0 989.0 1597.0
ship 993.0 1562.0 1006.0 1598.0
ship 1016.0 1560.0 1030.0 1598.0
ship 1037.0 1559.0 1051.0 1597.0
ship 1024.0 1337.0 1042.0 1383.0
ship 1073.0 1338.0 1088.0 1377.0
ship 1079.0 1563.0 1093.0 1599.0
ship 1026.0 1163.0 1043.0 1209.0
ship 683.0 1253.0 738.0 1277.0
ship 633.0 1267.0 674.0 1286.0
ship 635.0 1285.0 675.0 1304.0
ship 696.0 1304.0 744.0 1324.0
ship 637.0 1302.0 681.0 1323.0
ship 642.0 1320.0 684.0 1338.0
ship 643.0 1337.0 685.0 1355.0
ship 694.0 1323.0 750.0 1348.0
ship 949.0 1165.0 972.0 1257.0
ship 978.0 1159.0 994.0 1210.0
ship 1052.0 1179.0 1062.0 1206.0
ship 1098.0 1314.0 1120.0 1380.0
ship 1081.0 1165.0 1097.0 1203.0
ship 1105.0 1160.0 1120.0 1206.0
ship 1129.0 1168.0 1142.0 1199.0
ship 1128.0 1209.0 1140.0 1240.0
ship 1103.0 1221.0 1120.0 1272.0
ship 1076.0 1221.0 1091.0 1267.0
ship 1051.0 1224.0 1064.0 1265.0
ship 1026.0 1221.0 1039.0 1264.0
ship 1002.0 1218.0 1017.0 1265.0
ship 978.0 1218.0 995.0 1260.0
ship 1058.0 1561.0 1073.0 1599.0
ship 1104.0 1569.0 1115.0 1597.0
ship 631.0 1231.0 671.0 1251.0
ship 1007.0 826.0 1028.0 884.0
ship 1080.0 964.0 1099.0 1020.0
ship 1056.0 970.0 1074.0 1021.0
ship 1031.0 962.0 1050.0 1020.0
ship 1007.0 964.0 1025.0 1020.0
ship 983.0 969.0 1001.0 1019.0
ship 953.0 964.0 977.0 1024.0
ship 1109.0 832.0 1125.0 879.0
ship 1085.0 833.0 1101.0 881.0
ship 1061.0 829.0 1075.0 874.0
ship 1033.0 828.0 1052.0 891.0
ship 985.0 830.0 1004.0 883.0
ship 957.0 1028.0 973.0 1076.0
ship 956.0 823.0 979.0 885.0
ship 993.0 728.0 1116.0 761.0
ship 1099.0 668.0 1116.0 719.0
ship 1047.0 673.0 1063.0 711.0
ship 1024.0 677.0 1043.0 719.0
ship 997.0 674.0 1013.0 716.0
ship 974.0 668.0 992.0 719.0
ship 1126.0 557.0 1144.0 599.0
ship 1098.0 557.0 1114.0 598.0
ship 1073.0 557.0 1086.0 597.0
ship 1104.0 973.0 1121.0 1021.0
ship 1029.0 1031.0 1046.0 1079.0
ship 1124.0 1567.0 1133.0 1596.0
ship 1035.0 1666.0 1050.0 1701.0
ship 1116.0 1710.0 1129.0 1742.0
ship 1094.0 1668.0 1111.0 1706.0
ship 1097.0 1717.0 1109.0 1750.0
ship 1074.0 1717.0 1089.0 1756.0
ship 1053.0 1715.0 1067.0 1754.0
ship 1038.0 1718.0 1050.0 1748.0
ship 1016.0 1715.0 1029.0 1746.0
ship 991.0 1709.0 1008.0 1753.0
ship 995.0 1665.0 1009.0 1701.0
ship 1015.0 1664.0 1031.0 1704.0
ship 1057.0 1669.0 1071.0 1702.0
ship 1054.0 1031.0 1069.0 1077.0
ship 1040.0 1807.0 1053.0 1841.0
ship 1061.0 1813.0 1072.0 1846.0
ship 1076.0 1812.0 1089.0 1847.0
ship 1094.0 1809.0 1108.0 1845.0
ship 1058.0 1852.0 1071.0 1886.0
ship 1105.0 1110.0 1122.0 1153.0
ship 1128.0 1068.0 1145.0 1103.0
ship 1130.0 1014.0 1145.0 1050.0
ship 1103.0 1032.0 1120.0 1087.0
ship 1079.0 1032.0 1094.0 1080.0
ship 680.0 1227.0 735.0 1252.0
ship 627.0 1199.0 666.0 1216.0
ship 1027.0 556.0 1042.0 596.0
ship 245.0 1266.0 278.0 1282.0
ship 23.0 998.0 55.0 1020.0
ship 25.0 986.0 50.0 1004.0
ship 14.0 967.0 46.0 989.0
ship 161.0 1135.0 213.0 1157.0
ship 221.0 1109.0 255.0 1124.0
ship 228.0 1144.0 264.0 1160.0
ship 233.0 1178.0 266.0 1195.0
ship 235.0 1196.0 268.0 1213.0
ship 239.0 1214.0 273.0 1229.0
ship 240.0 1232.0 276.0 1247.0
ship 246.0 1300.0 281.0 1316.0
ship 48.0 1058.0 84.0 1083.0
ship 256.0 1336.0 287.0 1350.0
ship 258.0 1353.0 295.0 1369.0
ship 263.0 1387.0 297.0 1404.0
ship 222.0 1407.0 275.0 1440.0
ship 204.0 1390.0 250.0 1410.0
ship 191.0 1365.0 250.0 1389.0
ship 185.0 1320.0 230.0 1341.0
ship 184.0 1296.0 230.0 1318.0
ship 179.0 1270.0 236.0 1295.0
ship 177.0 1228.0 223.0 1249.0
ship 36.0 1028.0 70.0 1051.0
ship 55.0 1073.0 90.0 1096.0
ship 163.0 1153.0 220.0 1178.0
harbor 968.0 1338.0 1128.0 1435.0
harbor 756.0 1.0 804.0 194.0
harbor 744.0 213.0 798.0 631.0
harbor 593.0 658.0 805.0 1023.0
harbor 608.0 1040.0 750.0 1362.0
harbor 451.0 1062.0 573.0 1381.0
harbor 317.0 1080.0 433.0 1398.0
harbor 156.0 1100.0 296.0 1421.0
harbor 1005.0 1665.0 1121.0 1751.0
harbor 1052.0 1810.0 1119.0 1887.0
harbor 966.0 1506.0 1127.0 1599.0
harbor 970.0 1162.0 1132.0 1266.0
ship 64.0 1090.0 96.0 1111.0
harbor 972.0 968.0 1135.0 1080.0
harbor 978.0 818.0 1136.0 886.0
harbor 992.0 671.0 1151.0 730.0
harbor 994.0 497.0 1155.0 599.0
harbor 1000.0 337.0 1160.0 404.0
harbor 1101.0 241.0 1199.0 326.0
harbor 1114.0 33.0 1169.0 204.0
tennis-court 65.0 117.0 136.0 212.0
tennis-court 4.0 141.0 73.0 237.0
ship 67.0 1101.0 108.0 1128.0
ship 170.0 1180.0 221.0 1204.0
ship 315.0 1096.0 352.0 1112.0
ship 672.0 1180.0 737.0 1209.0
ship 469.0 1213.0 506.0 1232.0
ship 525.0 1299.0 569.0 1316.0
ship 529.0 1317.0 572.0 1336.0
ship 530.0 1334.0 574.0 1353.0
ship 537.0 1351.0 580.0 1369.0
ship 485.0 1357.0 526.0 1376.0
ship 483.0 1339.0 522.0 1357.0
ship 479.0 1303.0 516.0 1321.0
ship 475.0 1284.0 514.0 1301.0
ship 475.0 1268.0 511.0 1284.0
ship 472.0 1251.0 508.0 1267.0
ship 469.0 1196.0 505.0 1214.0
ship 518.0 1247.0 559.0 1265.0
ship 465.0 1161.0 498.0 1178.0
ship 660.0 1071.0 717.0 1092.0
ship 659.0 1043.0 718.0 1068.0
ship 604.0 1056.0 651.0 1076.0
ship 619.0 1092.0 654.0 1111.0
ship 667.0 1115.0 720.0 1137.0
ship 667.0 1091.0 714.0 1111.0
ship 624.0 1145.0 653.0 1160.0
ship 620.0 1163.0 661.0 1181.0
ship 625.0 1181.0 667.0 1199.0
ship 522.0 1280.0 565.0 1299.0
ship 515.0 1229.0 557.0 1248.0
ship 363.0 1104.0 399.0 1120.0
ship 345.0 1342.0 384.0 1359.0
ship 367.0 1136.0 401.0 1154.0
ship 370.0 1155.0 407.0 1172.0
ship 373.0 1173.0 407.0 1189.0
ship 375.0 1192.0 407.0 1207.0
ship 381.0 1225.0 415.0 1240.0
ship 388.0 1298.0 422.0 1315.0
ship 392.0 1353.0 428.0 1369.0
ship 397.0 1369.0 432.0 1385.0
ship 361.0 1388.0 412.0 1413.0
ship 355.0 1376.0 388.0 1392.0
ship 343.0 1305.0 380.0 1321.0
ship 513.0 1193.0 550.0 1212.0
ship 333.0 1236.0 370.0 1253.0
ship 324.0 1165.0 361.0 1183.0
ship 325.0 1148.0 360.0 1165.0
ship 502.0 1072.0 540.0 1089.0
ship 501.0 1088.0 541.0 1108.0
ship 452.0 1107.0 493.0 1126.0
ship 459.0 1126.0 493.0 1143.0
ship 505.0 1143.0 549.0 1160.0
ship 510.0 1160.0 548.0 1177.0
ship 509.0 1177.0 551.0 1194.0
ship 1056.0 557.0 1070.0 597.0
ship 1000.0 549.0 1015.0 591.0
small-vehicle 657.0 553.0 666.0 570.0 difficult
small-vehicle 514.0 793.0 540.0 808.0 difficult
small-vehicle 188.0 848.0 199.0 870.0 difficult
small-vehicle 247.0 804.0 256.0 826.0 difficult
small-vehicle 260.0 806.0 271.0 825.0 difficult
small-vehicle 272.0 805.0 281.0 824.0 difficult
small-vehicle 434.0 888.0 447.0 913.0 difficult
small-vehicle 493.0 866.0 512.0 881.0 difficult
small-vehicle 493.0 854.0 515.0 872.0 difficult
small-vehicle 459.0 897.0 471.0 916.0 difficult
small-vehicle 468.0 787.0 488.0 802.0 difficult
small-vehicle 479.0 770.0 497.0 784.0 difficult
small-vehicle 514.0 805.0 541.0 822.0 difficult
small-vehicle 381.0 288.0 389.0 306.0 difficult
small-vehicle 526.0 833.0 549.0 851.0 difficult
small-vehicle 565.0 868.0 588.0 884.0 difficult
small-vehicle 584.0 824.0 604.0 837.0 difficult
small-vehicle 588.0 814.0 609.0 828.0 difficult
small-vehicle 595.0 794.0 617.0 811.0 difficult
small-vehicle 90.0 822.0 110.0 837.0 difficult
small-vehicle 601.0 776.0 621.0 790.0 difficult
small-vehicle 637.0 685.0 659.0 701.0 difficult
small-vehicle 654.0 637.0 678.0 653.0 difficult
small-vehicle 675.0 580.0 699.0 592.0 difficult
small-vehicle 378.0 335.0 389.0 355.0 difficult
small-vehicle 381.0 253.0 391.0 271.0 difficult
small-vehicle 546.0 400.0 558.0 417.0 difficult
ship 1298.0 1045.0 1327.0 1058.0
ship 1282.0 1661.0 1308.0 1673.0
ship 1278.0 1672.0 1306.0 1684.0
ship 1283.0 1683.0 1313.0 1696.0
ship 1280.0 1706.0 1309.0 1717.0
ship 1242.0 1704.0 1269.0 1716.0
ship 1278.0 1793.0 1311.0 1807.0
ship 1283.0 1850.0 1306.0 1861.0
ship 1299.0 951.0 1312.0 979.0
ship 1294.0 991.0 1326.0 1003.0
ship 1291.0 1059.0 1324.0 1071.0
ship 499.0 1376.0 551.0 1405.0
small-vehicle 383.0 234.0 392.0 251.0 difficult
ship 695.0 1346.0 752.0 1383.0
ship 1.0 1622.0 46.0 1704.0
ship 0.0 1678.0 25.0 1713.0
ship 1225.0 261.0 1252.0 276.0
ship 1271.0 1042.0 1282.0 1061.0
ship 1272.0 1880.0 1306.0 1892.0
ship 456.0 1072.0 479.0 1087.0
small-vehicle 326.0 28.0 336.0 46.0 difficult
small-vehicle 387.0 22.0 399.0 42.0 difficult
small-vehicle 387.0 75.0 397.0 93.0 difficult
roundabout 324.0 791.0 405.0 854.0
small-vehicle 550.0 352.0 560.0 370.0 difficult
ship 1284.0 1617.0 1310.0 1628.0
small-vehicle 1235.0 1272.0 1252.0 1280.0 difficult
small-vehicle 1301.0 765.0 1312.0 783.0 difficult
small-vehicle 1245.0 913.0 1256.0 934.0 difficult
small-vehicle 1241.0 996.0 1262.0 1006.0 difficult
small-vehicle 1238.0 1006.0 1259.0 1015.0 difficult
small-vehicle 1241.0 1025.0 1261.0 1036.0 difficult
small-vehicle 1236.0 1087.0 1255.0 1095.0 difficult
small-vehicle 1236.0 1105.0 1254.0 1115.0 difficult
small-vehicle 1236.0 1115.0 1254.0 1125.0 difficult
small-vehicle 1238.0 1135.0 1257.0 1146.0 difficult
small-vehicle 1232.0 1253.0 1248.0 1261.0 difficult
small-vehicle 1233.0 1280.0 1253.0 1292.0 difficult
small-vehicle 1296.0 350.0 1306.0 373.0 difficult
small-vehicle 1234.0 1302.0 1254.0 1311.0 difficult
small-vehicle 1232.0 1323.0 1252.0 1333.0 difficult
small-vehicle 1224.0 1343.0 1248.0 1352.0 difficult
small-vehicle 1224.0 1392.0 1242.0 1402.0 difficult
small-vehicle 176.0 126.0 197.0 144.0 difficult
small-vehicle 491.0 347.0 502.0 368.0 difficult
small-vehicle 503.0 346.0 513.0 367.0 difficult
small-vehicle 513.0 346.0 524.0 367.0 difficult
small-vehicle 176.0 852.0 187.0 875.0 difficult
small-vehicle 577.0 843.0 600.0 857.0 difficult
small-vehicle 1314.0 355.0 1324.0 374.0 difficult
small-vehicle 1245.0 371.0 1264.0 382.0 difficult
small-vehicle 534.0 350.0 545.0 369.0 difficult
ship 641.0 916.0 661.0 931.0 difficult
small-vehicle 526.0 213.0 547.0 224.0 difficult
small-vehicle 495.0 227.0 504.0 244.0 difficult
small-vehicle 507.0 125.0 516.0 146.0 difficult
small-vehicle 520.0 127.0 529.0 144.0 difficult
small-vehicle 528.0 126.0 540.0 147.0 difficult
small-vehicle 547.0 124.0 560.0 144.0 difficult
small-vehicle 512.0 3.0 520.0 25.0 difficult
small-vehicle 522.0 8.0 532.0 27.0 difficult
small-vehicle 542.0 6.0 553.0 30.0 difficult
small-vehicle 530.0 7.0 542.0 30.0 difficult
ship 191.0 1344.0 206.0 1356.0 difficult
small-vehicle 1276.0 352.0 1285.0 371.0 difficult
ship 360.0 1286.0 374.0 1302.0 difficult
ship 1116.0 1749.0 1125.0 1763.0 difficult
small-vehicle 1211.0 1738.0 1235.0 1749.0
ship 746.0 1327.0 754.0 1341.0 difficult
ship 1077.0 1081.0 1091.0 1090.0 difficult
ship 1129.0 1249.0 1138.0 1267.0 difficult
small-vehicle 1211.0 317.0 1220.0 337.0 difficult
small-vehicle 1222.0 315.0 1230.0 336.0 difficult
small-vehicle 1233.0 316.0 1242.0 337.0 difficult
small-vehicle 1265.0 353.0 1274.0 375.0 difficult
ship 1280.0 1638.0 1309.0 1649.0
ship 1283.0 1593.0 1313.0 1605.0
ship 971.0 508.0 996.0 582.0
ship 765.0 319.0 792.0 330.0
ship 775.0 81.0 805.0 93.0
ship 767.0 96.0 799.0 109.0
ship 771.0 113.0 800.0 125.0
ship 764.0 128.0 803.0 141.0
ship 760.0 193.0 795.0 207.0
ship 770.0 218.0 794.0 230.0
ship 768.0 235.0 794.0 247.0
ship 767.0 252.0 795.0 264.0
ship 765.0 267.0 793.0 279.0
ship 765.0 284.0 793.0 295.0
ship 761.0 335.0 792.0 349.0
ship 769.0 13.0 804.0 26.0
ship 756.0 388.0 792.0 403.0
ship 758.0 406.0 792.0 421.0
ship 759.0 428.0 790.0 441.0
ship 758.0 448.0 789.0 460.0
ship 755.0 464.0 789.0 476.0
ship 762.0 496.0 789.0 509.0
ship 758.0 514.0 794.0 527.0
ship 756.0 532.0 788.0 543.0
ship 754.0 562.0 788.0 575.0
ship 753.0 581.0 790.0 594.0
ship 769.0 44.0 803.0 59.0
ship 1117.0 22.0 1153.0 34.0
ship 741.0 627.0 788.0 645.0
ship 1031.0 346.0 1049.0 403.0
ship 1001.0 497.0 1018.0 536.0
ship 1027.0 495.0 1043.0 538.0
ship 1051.0 499.0 1067.0 535.0
ship 1074.0 500.0 1091.0 543.0
ship 1112.0 504.0 1121.0 532.0
ship 1124.0 497.0 1142.0 539.0
ship 1132.0 355.0 1149.0 412.0
ship 1108.0 353.0 1124.0 404.0
ship 1080.0 351.0 1100.0 409.0
ship 1056.0 349.0 1076.0 403.0
ship 1006.0 350.0 1024.0 401.0
ship 1110.0 63.0 1158.0 80.0
ship 980.0 350.0 1001.0 412.0
ship 1073.0 199.0 1198.0 241.0
ship 1209.0 165.0 1267.0 207.0
ship 1221.0 116.0 1264.0 135.0
ship 1229.0 98.0 1260.0 111.0
ship 1223.0 72.0 1262.0 88.0
ship 1104.0 164.0 1156.0 183.0
ship 1109.0 143.0 1155.0 159.0
ship 1111.0 127.0 1156.0 141.0
ship 1110.0 103.0 1159.0 122.0
ship 753.0 613.0 784.0 626.0
ship 736.0 648.0 790.0 684.0
ship 1283.0 1582.0 1313.0 1595.0
ship 1296.0 1399.0 1324.0 1410.0
ship 1301.0 1300.0 1328.0 1314.0
ship 1299.0 1290.0 1325.0 1300.0
ship 1293.0 1311.0 1321.0 1324.0
ship 1290.0 1321.0 1319.0 1334.0
ship 1293.0 1332.0 1322.0 1344.0
ship 1289.0 1342.0 1318.0 1353.0
ship 1292.0 1354.0 1321.0 1366.0
ship 1290.0 1365.0 1321.0 1378.0
ship 1294.0 1377.0 1320.0 1387.0
ship 1299.0 1388.0 1326.0 1401.0
ship 1298.0 1411.0 1324.0 1420.0
ship 1296.0 1246.0 1326.0 1259.0
ship 1294.0 1421.0 1322.0 1433.0
ship 1293.0 1432.0 1321.0 1444.0
ship 1290.0 1441.0 1319.0 1454.0
ship 1286.0 1451.0 1317.0 1464.0
ship 1283.0 1463.0 1317.0 1475.0
ship 1286.0 1506.0 1318.0 1519.0
ship 1285.0 1518.0 1316.0 1529.0
ship 1285.0 1529.0 1315.0 1541.0
ship 1282.0 1557.0 1316.0 1569.0
ship 1287.0 1571.0 1313.0 1583.0
ship 1297.0 1223.0 1326.0 1235.0
ship 1249.0 743.0 1282.0 756.0
ship 718.0 688.0 771.0 722.0
ship 46.0 1790.0 66.0 1820.0
ship 712.0 712.0 764.0 746.0
ship 695.0 756.0 767.0 801.0
ship 676.0 806.0 742.0 847.0
ship 675.0 832.0 734.0 868.0
ship 654.0 851.0 720.0 892.0
ship 643.0 878.0 710.0 920.0
ship 625.0 926.0 693.0 966.0
ship 603.0 971.0 661.0 1010.0
ship 48.0 1752.0 89.0 1818.0
ship 31.0 1750.0 52.0 1786.0
ship 34.0 1791.0 54.0 1825.0
ship 1281.0 551.0 1314.0 564.0
ship 22.0 1798.0 42.0 1830.0
ship 14.0 1808.0 29.0 1833.0
ship 19.0 1757.0 41.0 1790.0
ship 6.0 1764.0 28.0 1797.0
ship 1226.0 522.0 1267.0 536.0
ship 1281.0 522.0 1317.0 537.0
ship 1226.0 473.0 1272.0 488.0
ship 1248.0 446.0 1306.0 465.0
ship 1234.0 421.0 1291.0 440.0
ship 1277.0 476.0 1308.0 490.0
swimming-pool 500.0 54.0 550.0 94.0
