small-vehicle 1266.0 81.0 1304.0 124.0 difficult
ship 732.0 980.0 818.0 1014.0
ship 1189.0 995.0 1278.0 1024.0
ship 1225.0 1042.0 1276.0 1063.0
ship 1069.0 1037.0 1218.0 1079.0
ship 1076.0 994.0 1169.0 1024.0
ship 1075.0 947.0 1168.0 983.0
ship 1069.0 901.0 1168.0 938.0
ship 1078.0 856.0 1170.0 893.0
ship 1077.0 816.0 1167.0 848.0
ship 1090.0 769.0 1173.0 798.0
ship 1079.0 727.0 1172.0 760.0
ship 1084.0 681.0 1178.0 715.0
ship 1089.0 638.0 1180.0 671.0
ship 1091.0 596.0 1173.0 626.0
ship 1092.0 555.0 1174.0 585.0
ship 1445.0 265.0 1482.0 281.0
ship 1582.0 269.0 1614.0 285.0
ship 1448.0 292.0 1560.0 329.0
ship 1458.0 343.0 1560.0 376.0
ship 1468.0 387.0 1561.0 423.0
ship 1187.0 949.0 1281.0 984.0
ship 1189.0 903.0 1276.0 932.0
ship 1194.0 861.0 1269.0 885.0
ship 1203.0 424.0 1298.0 454.0
ship 736.0 894.0 812.0 929.0
ship 736.0 852.0 821.0 881.0
ship 1106.0 285.0 1173.0 314.0
ship 1214.0 284.0 1314.0 325.0
ship 1217.0 331.0 1284.0 359.0
ship 1094.0 327.0 1185.0 365.0
ship 1093.0 375.0 1184.0 410.0
ship 1204.0 375.0 1300.0 409.0
ship 1204.0 507.0 1285.0 539.0
ship 1196.0 817.0 1285.0 849.0
ship 1084.0 461.0 1182.0 496.0
ship 1074.0 505.0 1177.0 537.0
ship 1200.0 555.0 1296.0 585.0
ship 1196.0 596.0 1294.0 630.0
ship 1203.0 639.0 1286.0 669.0
ship 1199.0 683.0 1294.0 717.0
ship 1192.0 729.0 1290.0 763.0
ship 1192.0 769.0 1289.0 807.0
ship 1451.0 435.0 1552.0 469.0
ship 1457.0 479.0 1550.0 513.0
ship 1451.0 523.0 1551.0 560.0
ship 1563.0 1732.0 1672.0 1769.0
ship 1580.0 297.0 1705.0 332.0
ship 1714.0 158.0 1743.0 248.0
ship 1481.0 1381.0 1652.0 1425.0
ship 1569.0 1443.0 1669.0 1471.0
ship 1572.0 1491.0 1673.0 1523.0
ship 1564.0 1586.0 1669.0 1625.0
ship 1563.0 1637.0 1671.0 1672.0
ship 1558.0 1685.0 1672.0 1722.0
ship 1572.0 1788.0 1661.0 1821.0
ship 1579.0 403.0 1712.0 447.0
ship 282.0 1362.0 342.0 1384.0
ship 285.0 1433.0 346.0 1455.0
ship 282.0 1497.0 345.0 1525.0
ship 282.0 1567.0 350.0 1592.0
ship 283.0 1600.0 352.0 1621.0
ship 280.0 1634.0 342.0 1655.0
ship 287.0 1727.0 335.0 1749.0
ship 278.0 1763.0 331.0 1783.0
ship 1584.0 352.0 1705.0 391.0
ship 1576.0 454.0 1713.0 498.0
ship 1458.0 572.0 1553.0 611.0
ship 1462.0 1045.0 1594.0 1101.0
ship 1457.0 619.0 1562.0 656.0
ship 1452.0 668.0 1562.0 705.0
ship 1464.0 762.0 1562.0 801.0
ship 1460.0 811.0 1551.0 837.0
ship 1460.0 856.0 1553.0 890.0
ship 1461.0 906.0 1552.0 941.0
ship 1450.0 950.0 1551.0 986.0
ship 1452.0 995.0 1552.0 1029.0
ship 1567.0 996.0 1687.0 1038.0
ship 1586.0 556.0 1716.0 600.0
ship 1581.0 949.0 1694.0 985.0
ship 1581.0 899.0 1696.0 934.0
ship 1581.0 848.0 1698.0 886.0
ship 1585.0 800.0 1688.0 838.0
ship 1580.0 753.0 1696.0 791.0
ship 1582.0 707.0 1690.0 739.0
ship 1587.0 660.0 1681.0 691.0
ship 1591.0 608.0 1698.0 650.0
ship 735.0 941.0 812.0 969.0
ship 756.0 1026.0 891.0 1069.0
ship 276.0 1823.0 331.0 1841.0
ship 838.0 984.0 917.0 1015.0
ship 543.0 568.0 608.0 595.0
ship 538.0 603.0 607.0 630.0
ship 537.0 642.0 611.0 671.0
ship 537.0 681.0 606.0 708.0
ship 531.0 717.0 603.0 742.0
ship 529.0 757.0 598.0 781.0
ship 533.0 792.0 605.0 819.0
ship 531.0 834.0 598.0 858.0
ship 528.0 866.0 597.0 891.0
ship 531.0 907.0 594.0 932.0
ship 530.0 950.0 592.0 970.0
ship 527.0 979.0 601.0 1006.0
ship 495.0 1021.0 601.0 1052.0
ship 429.0 975.0 505.0 1005.0
ship 432.0 937.0 509.0 967.0
ship 442.0 901.0 505.0 928.0
ship 438.0 862.0 507.0 890.0
ship 444.0 824.0 509.0 855.0
ship 440.0 786.0 510.0 815.0
ship 542.0 534.0 609.0 558.0
ship 542.0 492.0 611.0 517.0
ship 546.0 453.0 612.0 479.0
harbor 1425.0 1421.0 1679.0 2173.0
harbor 736.0 306.0 934.0 1036.0
harbor 1073.0 269.0 1296.0 1042.0
harbor 1452.0 296.0 1709.0 1052.0
swimming-pool 1458.0 101.0 1542.0 134.0
harbor 249.0 1379.0 347.0 2141.0
harbor 434.0 1385.0 625.0 2131.0
harbor 729.0 1399.0 933.0 2140.0
harbor 1052.0 1408.0 1277.0 2135.0
harbor 245.0 1111.0 317.0 1231.0
ship 544.0 414.0 613.0 441.0
ship 467.0 289.0 528.0 312.0
ship 532.0 268.0 581.0 286.0
ship 548.0 306.0 632.0 332.0
ship 466.0 318.0 527.0 342.0
ship 467.0 354.0 517.0 377.0
ship 472.0 383.0 526.0 404.0
ship 543.0 376.0 617.0 405.0
ship 552.0 346.0 617.0 368.0
ship 436.0 750.0 512.0 779.0
ship 450.0 722.0 498.0 744.0
ship 445.0 672.0 511.0 698.0
ship 736.0 686.0 821.0 718.0
ship 849.0 523.0 932.0 554.0
ship 848.0 563.0 932.0 598.0
ship 847.0 608.0 927.0 641.0
ship 750.0 607.0 824.0 638.0
ship 747.0 562.0 821.0 594.0
ship 742.0 646.0 816.0 676.0
ship 844.0 646.0 929.0 685.0
ship 845.0 692.0 922.0 721.0
ship 746.0 730.0 822.0 762.0
ship 757.0 480.0 835.0 510.0
ship 843.0 734.0 924.0 764.0
ship 840.0 775.0 921.0 808.0
ship 850.0 818.0 927.0 851.0
ship 744.0 773.0 820.0 806.0
ship 746.0 815.0 823.0 844.0
ship 846.0 858.0 917.0 885.0
ship 837.0 902.0 922.0 931.0
ship 836.0 945.0 921.0 975.0
ship 750.0 522.0 831.0 554.0
ship 761.0 443.0 827.0 471.0
ship 451.0 649.0 499.0 668.0
ship 609.0 267.0 666.0 287.0
ship 454.0 606.0 514.0 631.0
ship 459.0 575.0 518.0 597.0
ship 461.0 546.0 512.0 565.0
ship 451.0 507.0 517.0 532.0
ship 462.0 478.0 522.0 501.0
ship 463.0 448.0 519.0 469.0
ship 463.0 418.0 522.0 440.0
ship 731.0 260.0 784.0 281.0
ship 864.0 245.0 894.0 261.0
ship 850.0 482.0 934.0 512.0
ship 867.0 272.0 934.0 302.0
ship 858.0 314.0 940.0 345.0
ship 754.0 310.0 825.0 335.0
ship 750.0 357.0 831.0 388.0
ship 854.0 357.0 940.0 388.0
ship 854.0 399.0 931.0 431.0
ship 773.0 397.0 828.0 417.0
ship 850.0 440.0 934.0 472.0
ship 278.0 1791.0 338.0 1811.0
ship 273.0 1880.0 333.0 1899.0
ship 1206.0 2107.0 1245.0 2129.0
ship 1172.0 1692.0 1267.0 1730.0
ship 1448.0 1768.0 1532.0 1793.0
ship 1431.0 1849.0 1522.0 1881.0
ship 1437.0 1937.0 1530.0 1971.0
ship 1423.0 2023.0 1519.0 2058.0
ship 1423.0 2063.0 1524.0 2105.0
ship 1415.0 2111.0 1519.0 2146.0
ship 1423.0 2155.0 1519.0 2185.0
ship 1541.0 2166.0 1643.0 2201.0
ship 1543.0 2115.0 1640.0 2150.0
ship 1544.0 2069.0 1658.0 2108.0
ship 1547.0 2021.0 1660.0 2060.0
ship 1548.0 1922.0 1673.0 1964.0
ship 1548.0 1879.0 1667.0 1915.0
ship 1555.0 1831.0 1665.0 1870.0
small-vehicle 29.0 527.0 52.0 565.0
small-vehicle 49.0 522.0 74.0 560.0
small-vehicle 38.0 607.0 78.0 651.0
small-vehicle 667.0 64.0 699.0 102.0
small-vehicle 25.0 1679.0 57.0 1721.0
ship 1435.0 1671.0 1538.0 1709.0
ship 1486.0 1637.0 1528.0 1663.0
ship 1442.0 1575.0 1540.0 1614.0
ship 1065.0 2142.0 1113.0 2163.0
ship 1173.0 1781.0 1258.0 1810.0
ship 1171.0 1823.0 1262.0 1859.0
ship 1169.0 1871.0 1264.0 1904.0
ship 1176.0 1920.0 1262.0 1949.0
ship 1159.0 2001.0 1264.0 2042.0
ship 1169.0 2088.0 1219.0 2108.0
ship 1185.0 2129.0 1289.0 2170.0
ship 1215.0 2191.0 1249.0 2208.0
ship 1094.0 2130.0 1137.0 2151.0
ship 1446.0 1533.0 1539.0 1568.0
ship 1057.0 2086.0 1142.0 2116.0
ship 1066.0 1869.0 1144.0 1901.0
ship 1073.0 1822.0 1119.0 1841.0
ship 1070.0 1782.0 1147.0 1813.0
ship 1067.0 1735.0 1149.0 1768.0
ship 1064.0 1652.0 1147.0 1680.0
ship 1070.0 1605.0 1153.0 1639.0
ship 1446.0 1439.0 1548.0 1474.0
small-vehicle 14.0 1831.0 48.0 1871.0
small-vehicle 562.0 2367.0 601.0 2398.0
large-vehicle 16.0 140.0 60.0 186.0
ship 1185.0 1952.0 1217.0 1973.0 difficult
small-vehicle 57.0 1585.0 89.0 1626.0 difficult
small-vehicle 715.0 2383.0 765.0 2420.0 difficult
ship 1678.0 139.0 1698.0 169.0
ship 1673.0 90.0 1704.0 114.0
ship 280.0 1538.0 309.0 1568.0 difficult
ship 541.0 1724.0 564.0 1744.0 difficult
ship 1096.0 1699.0 1132.0 1729.0 difficult
ship 1088.0 1689.0 1116.0 1704.0 difficult
ship 786.0 267.0 815.0 285.0 difficult
ship 1058.0 2183.0 1087.0 2204.0
ship 764.0 415.0 794.0 428.0 difficult
ship 920.0 695.0 936.0 718.0 difficult
ship 1609.0 1971.0 1639.0 1993.0 difficult
ship 1672.0 1931.0 1687.0 1962.0 difficult
ship 1662.0 1841.0 1677.0 1873.0 difficult
ship 1670.0 1737.0 1682.0 1767.0 difficult
ship 1446.0 1406.0 1492.0 1427.0 difficult
ship 1066.0 865.0 1082.0 891.0 difficult
ship 770.0 2088.0 811.0 2128.0
ship 1086.0 2184.0 1125.0 2205.0
small-vehicle 616.0 64.0 654.0 108.0
small-vehicle 46.0 1682.0 74.0 1717.0
small-vehicle 8.0 526.0 32.0 564.0
small-vehicle 1.0 650.0 36.0 691.0
small-vehicle 20.0 618.0 59.0 657.0
small-vehicle 46.0 643.0 81.0 678.0
small-vehicle 63.0 605.0 101.0 645.0
small-vehicle 1.0 620.0 34.0 661.0
small-vehicle 78.0 732.0 99.0 774.0
small-vehicle 22.0 1718.0 55.0 1756.0
small-vehicle 352.0 2386.0 390.0 2419.0
ship 831.0 1341.0 942.0 1414.0
small-vehicle 434.0 2368.0 469.0 2402.0
small-vehicle 472.0 2366.0 511.0 2402.0
small-vehicle 1095.0 2369.0 1114.0 2407.0
small-vehicle 1114.0 2367.0 1133.0 2404.0
small-vehicle 1234.0 76.0 1274.0 121.0
small-vehicle 1173.0 71.0 1213.0 115.0
small-vehicle 734.0 68.0 767.0 109.0
small-vehicle 766.0 69.0 793.0 99.0
ship 1172.0 1739.0 1268.0 1770.0
ship 1177.0 1649.0 1266.0 1682.0
ship 271.0 1910.0 332.0 1931.0
ship 1181.0 1606.0 1275.0 1643.0
ship 537.0 1844.0 605.0 1870.0
ship 538.0 1815.0 606.0 1836.0
ship 453.0 1811.0 512.0 1834.0
ship 449.0 1780.0 515.0 1805.0
ship 536.0 1772.0 616.0 1801.0
ship 451.0 1742.0 515.0 1769.0
ship 540.0 1697.0 609.0 1725.0
ship 540.0 1666.0 622.0 1692.0
ship 454.0 1675.0 518.0 1702.0
ship 459.0 1720.0 501.0 1736.0
ship 459.0 1647.0 513.0 1672.0
ship 541.0 1626.0 621.0 1655.0
ship 450.0 1608.0 520.0 1633.0
ship 544.0 1593.0 620.0 1618.0
ship 452.0 1573.0 522.0 1602.0
ship 541.0 1554.0 618.0 1583.0
ship 459.0 1538.0 525.0 1566.0
ship 461.0 1509.0 525.0 1531.0
ship 539.0 1520.0 618.0 1546.0
ship 446.0 1845.0 516.0 1873.0
ship 445.0 1880.0 512.0 1908.0
ship 536.0 1878.0 612.0 1906.0
ship 441.0 2083.0 503.0 2113.0
ship 271.0 1939.0 334.0 1961.0
ship 270.0 1969.0 332.0 1992.0
ship 274.0 2002.0 323.0 2020.0
ship 279.0 2028.0 319.0 2046.0
ship 270.0 2059.0 327.0 2081.0
ship 271.0 2087.0 336.0 2111.0
ship 444.0 2128.0 495.0 2147.0
ship 549.0 2117.0 599.0 2136.0
ship 441.0 2059.0 489.0 2078.0
ship 532.0 1916.0 608.0 1938.0
ship 531.0 2060.0 599.0 2090.0
ship 531.0 2017.0 607.0 2044.0
ship 441.0 2016.0 505.0 2042.0
ship 447.0 1985.0 510.0 2011.0
ship 531.0 1984.0 600.0 2013.0
ship 530.0 1952.0 604.0 1976.0
ship 447.0 1952.0 509.0 1975.0
ship 447.0 1922.0 510.0 1946.0
ship 544.0 1479.0 620.0 1506.0
ship 546.0 1446.0 623.0 1473.0
ship 455.0 1467.0 516.0 1495.0
ship 747.0 1716.0 819.0 1748.0
ship 614.0 2129.0 659.0 2158.0
ship 732.0 2017.0 806.0 2046.0
ship 735.0 1943.0 813.0 1971.0
ship 738.0 1909.0 811.0 1936.0
ship 739.0 1866.0 810.0 1898.0
ship 740.0 1832.0 810.0 1862.0
ship 742.0 1793.0 815.0 1822.0
ship 744.0 1760.0 815.0 1788.0
ship 746.0 1681.0 815.0 1712.0
ship 705.0 2134.0 756.0 2157.0
ship 748.0 1640.0 823.0 1672.0
ship 744.0 1606.0 821.0 1639.0
ship 746.0 1531.0 821.0 1564.0
ship 1093.0 1382.0 1225.0 1411.0
ship 1184.0 1434.0 1278.0 1464.0
ship 1188.0 1476.0 1278.0 1507.0
ship 1076.0 1428.0 1161.0 1462.0
ship 1178.0 1562.0 1271.0 1595.0
ship 660.0 2132.0 701.0 2153.0
ship 829.0 2150.0 866.0 2168.0
ship 460.0 1440.0 528.0 1464.0
ship 839.0 1599.0 931.0 1629.0
ship 555.0 1406.0 635.0 1442.0
ship 498.0 1354.0 625.0 1398.0
ship 758.0 1380.0 834.0 1405.0
ship 848.0 1421.0 931.0 1450.0
ship 851.0 1466.0 934.0 1498.0
ship 751.0 1457.0 828.0 1488.0
ship 851.0 1507.0 942.0 1543.0
ship 840.0 1553.0 930.0 1587.0
ship 846.0 1640.0 937.0 1671.0
ship 829.0 2095.0 910.0 2127.0
ship 840.0 1678.0 930.0 1716.0
ship 845.0 1772.0 922.0 1803.0
ship 834.0 1816.0 914.0 1847.0
ship 837.0 1854.0 910.0 1883.0
ship 832.0 1890.0 913.0 1921.0
ship 834.0 1933.0 904.0 1961.0
ship 829.0 1972.0 913.0 2007.0
ship 827.0 2052.0 908.0 2080.0
harbor 436.0 297.0 622.0 1025.0
