ship 2212.0 176.0 2260.0 198.0
ship 1505.0 1163.0 1596.0 1198.0
ship 1640.0 898.0 1722.0 924.0
ship 1642.0 935.0 1735.0 972.0
ship 1519.0 911.0 1616.0 943.0
ship 1522.0 950.0 1605.0 984.0
ship 1635.0 978.0 1715.0 1007.0
ship 1508.0 989.0 1612.0 1026.0
ship 1516.0 1031.0 1604.0 1067.0
ship 1634.0 1055.0 1708.0 1090.0
ship 1627.0 1099.0 1714.0 1129.0
ship 1622.0 1141.0 1708.0 1172.0
ship 1501.0 1071.0 1602.0 1112.0
ship 1496.0 1122.0 1599.0 1155.0
ship 1495.0 1205.0 1586.0 1242.0
ship 2152.0 977.0 2248.0 1009.0
ship 1621.0 1177.0 1710.0 1210.0
ship 1619.0 1220.0 1705.0 1253.0
ship 1617.0 1262.0 1692.0 1289.0
ship 1616.0 1300.0 1694.0 1330.0
ship 1607.0 1341.0 1694.0 1371.0
ship 1505.0 1288.0 1585.0 1322.0
ship 1494.0 1244.0 1587.0 1281.0
ship 1502.0 1388.0 1550.0 1519.0
ship 1563.0 1397.0 1616.0 1523.0
ship 1616.0 1387.0 1665.0 1516.0
ship 1810.0 1382.0 1849.0 1505.0
ship 1865.0 1387.0 1913.0 1495.0
ship 1529.0 865.0 1617.0 902.0
ship 1535.0 823.0 1620.0 855.0
ship 1645.0 854.0 1724.0 884.0
ship 1646.0 814.0 1734.0 848.0
ship 765.0 767.0 876.0 810.0
ship 905.0 790.0 995.0 830.0
ship 905.0 747.0 1004.0 781.0
ship 764.0 723.0 884.0 764.0
ship 782.0 675.0 886.0 712.0
ship 909.0 701.0 1017.0 738.0
ship 914.0 659.0 1018.0 691.0
ship 919.0 612.0 1013.0 647.0
ship 777.0 621.0 890.0 661.0
ship 777.0 570.0 894.0 613.0
ship 918.0 565.0 1013.0 599.0
ship 920.0 521.0 1021.0 557.0
ship 781.0 518.0 903.0 559.0
ship 926.0 475.0 1017.0 512.0
ship 1551.0 526.0 1639.0 559.0
ship 1669.0 533.0 1745.0 564.0
ship 1667.0 573.0 1747.0 603.0
ship 1545.0 564.0 1638.0 602.0
ship 1540.0 610.0 1639.0 648.0
ship 1545.0 653.0 1626.0 690.0
ship 1658.0 656.0 1741.0 688.0
ship 1656.0 692.0 1749.0 727.0
ship 1652.0 732.0 1736.0 766.0
ship 1529.0 734.0 1628.0 772.0
ship 1537.0 779.0 1623.0 818.0
ship 1957.0 1399.0 2012.0 1518.0
ship 1925.0 1346.0 2004.0 1382.0
ship 1824.0 1338.0 1901.0 1372.0
ship 1982.0 677.0 2065.0 711.0
ship 1991.0 599.0 2079.0 634.0
ship 1991.0 559.0 2061.0 591.0
ship 1881.0 551.0 1976.0 586.0
ship 1876.0 592.0 1964.0 628.0
ship 1875.0 631.0 1966.0 669.0
ship 2199.0 581.0 2273.0 611.0
ship 2298.0 586.0 2362.0 611.0
ship 2291.0 618.0 2364.0 649.0
ship 2291.0 653.0 2360.0 681.0
ship 2286.0 689.0 2364.0 718.0
ship 2284.0 722.0 2360.0 751.0
ship 2282.0 759.0 2366.0 788.0
ship 2279.0 792.0 2359.0 820.0
ship 2194.0 620.0 2272.0 652.0
ship 2191.0 662.0 2268.0 690.0
ship 2187.0 701.0 2268.0 733.0
ship 2181.0 742.0 2262.0 775.0
ship 2175.0 779.0 2257.0 812.0
ship 2171.0 820.0 2253.0 851.0
ship 2174.0 860.0 2256.0 891.0
ship 2167.0 897.0 2252.0 931.0
ship 2164.0 941.0 2246.0 971.0
ship 2274.0 896.0 2346.0 921.0
ship 2270.0 931.0 2346.0 955.0
ship 2271.0 964.0 2345.0 990.0
ship 1989.0 637.0 2071.0 672.0
ship 1869.0 674.0 1960.0 708.0
ship 1824.0 1296.0 1904.0 1330.0
ship 1872.0 715.0 1954.0 750.0
ship 1936.0 1305.0 2013.0 1341.0
ship 1933.0 1267.0 2012.0 1298.0
ship 1824.0 1251.0 1917.0 1289.0
ship 1829.0 1212.0 1911.0 1246.0
ship 1942.0 1233.0 2017.0 1258.0
ship 1935.0 1190.0 2026.0 1224.0
ship 1834.0 1168.0 1919.0 1202.0
ship 1836.0 1128.0 1919.0 1160.0
ship 1940.0 1153.0 2023.0 1178.0
ship 1941.0 1108.0 2027.0 1147.0
ship 1947.0 1072.0 2030.0 1101.0
ship 1950.0 1035.0 2036.0 1066.0
ship 1956.0 994.0 2030.0 1024.0
ship 1839.0 1001.0 1933.0 1038.0
ship 1852.0 965.0 1926.0 999.0
ship 1958.0 955.0 2041.0 986.0
ship 1850.0 925.0 1936.0 959.0
ship 1859.0 883.0 1944.0 920.0
ship 1854.0 840.0 1952.0 875.0
ship 1966.0 878.0 2052.0 909.0
ship 1969.0 836.0 2049.0 871.0
ship 1972.0 799.0 2054.0 830.0
ship 1864.0 798.0 1944.0 831.0
ship 1979.0 759.0 2057.0 792.0
ship 1982.0 722.0 2065.0 752.0
ship 766.0 817.0 871.0 861.0
ship 901.0 836.0 1012.0 875.0
ship 893.0 924.0 1000.0 964.0
ship 1207.0 1414.0 1252.0 1518.0
ship 1299.0 1431.0 1340.0 1528.0
ship 1242.0 1363.0 1329.0 1399.0
ship 1245.0 1318.0 1341.0 1358.0
ship 1266.0 1229.0 1339.0 1267.0
ship 1256.0 1194.0 1353.0 1227.0
ship 1250.0 1149.0 1349.0 1184.0
ship 1269.0 1106.0 1362.0 1140.0
ship 1267.0 1065.0 1370.0 1099.0
ship 1276.0 1022.0 1370.0 1054.0
ship 1271.0 978.0 1364.0 1012.0
ship 1281.0 937.0 1368.0 969.0
ship 1280.0 892.0 1379.0 928.0
ship 1287.0 851.0 1375.0 885.0
ship 1290.0 805.0 1378.0 843.0
ship 1294.0 764.0 1390.0 796.0
ship 1296.0 724.0 1389.0 755.0
ship 1309.0 682.0 1391.0 712.0
ship 1301.0 635.0 1395.0 668.0
ship 1305.0 591.0 1398.0 631.0
ship 1308.0 506.0 1405.0 546.0
ship 328.0 425.0 474.0 480.0
ship 488.0 439.0 586.0 484.0
ship 494.0 489.0 610.0 533.0
ship 491.0 535.0 589.0 575.0
ship 475.0 585.0 585.0 631.0
ship 1254.0 1414.0 1297.0 1522.0
ship 1155.0 1411.0 1204.0 1518.0
ship 321.0 477.0 465.0 523.0
ship 1091.0 1404.0 1149.0 1531.0
harbor 713.0 460.0 1026.0 1386.0
harbor 1112.0 492.0 1407.0 1411.0
harbor 1489.0 523.0 1753.0 1394.0
harbor 1810.0 549.0 2071.0 1508.0
harbor 2116.0 576.0 2364.0 1508.0
harbor 2407.0 584.0 2620.0 1516.0
harbor 2651.0 620.0 2881.0 1498.0
harbor 2872.0 625.0 3130.0 1519.0
ship 1171.0 493.0 1291.0 538.0
ship 1171.0 539.0 1279.0 585.0
ship 1178.0 590.0 1279.0 631.0
ship 1165.0 638.0 1280.0 680.0
ship 1169.0 686.0 1276.0 724.0
ship 1164.0 735.0 1269.0 777.0
ship 1163.0 782.0 1261.0 822.0
ship 1155.0 827.0 1262.0 871.0
ship 1144.0 923.0 1256.0 961.0
ship 1143.0 1016.0 1247.0 1056.0
ship 1136.0 1063.0 1248.0 1112.0
ship 1129.0 1112.0 1238.0 1156.0
ship 1123.0 1159.0 1242.0 1202.0
ship 1120.0 1206.0 1232.0 1254.0
ship 1125.0 1253.0 1224.0 1294.0
ship 1116.0 1300.0 1226.0 1343.0
ship 1115.0 1348.0 1220.0 1389.0
ship 483.0 636.0 576.0 676.0
ship 331.0 527.0 456.0 572.0
ship 897.0 882.0 999.0 919.0
ship 429.0 1304.0 529.0 1338.0
ship 488.0 1413.0 531.0 1530.0
ship 436.0 1414.0 478.0 1533.0
ship 383.0 1410.0 424.0 1535.0
ship 910.0 1406.0 973.0 1534.0
ship 864.0 1390.0 909.0 1500.0
ship 809.0 1384.0 859.0 1534.0
ship 749.0 1378.0 804.0 1518.0
ship 696.0 1372.0 752.0 1529.0
ship 859.0 1333.0 950.0 1374.0
ship 860.0 1289.0 977.0 1331.0
ship 724.0 1269.0 836.0 1312.0
ship 722.0 1321.0 824.0 1361.0
ship 864.0 1243.0 960.0 1278.0
ship 868.0 1201.0 969.0 1240.0
ship 729.0 1219.0 837.0 1260.0
ship 725.0 1172.0 843.0 1212.0
ship 877.0 1155.0 966.0 1189.0
ship 880.0 1111.0 981.0 1145.0
ship 731.0 1119.0 845.0 1163.0
ship 886.0 1064.0 971.0 1099.0
ship 876.0 1020.0 989.0 1052.0
ship 756.0 1019.0 844.0 1052.0
ship 759.0 969.0 855.0 1008.0
ship 746.0 922.0 852.0 962.0
ship 751.0 869.0 868.0 913.0
ship 430.0 1355.0 525.0 1394.0
ship 432.0 1256.0 545.0 1294.0
ship 331.0 572.0 452.0 618.0
ship 335.0 1186.0 412.0 1219.0
ship 337.0 618.0 453.0 661.0
ship 336.0 659.0 449.0 705.0
ship 477.0 680.0 598.0 728.0
ship 478.0 731.0 582.0 772.0
ship 343.0 708.0 454.0 745.0
ship 342.0 749.0 442.0 785.0
ship 473.0 783.0 571.0 821.0
ship 475.0 831.0 568.0 862.0
ship 335.0 788.0 443.0 824.0
ship 353.0 833.0 435.0 866.0
ship 460.0 881.0 580.0 918.0
ship 341.0 870.0 436.0 907.0
ship 346.0 908.0 438.0 946.0
ship 471.0 930.0 571.0 968.0
ship 461.0 968.0 568.0 1011.0
ship 345.0 946.0 431.0 981.0
ship 357.0 982.0 427.0 1010.0
ship 356.0 1016.0 420.0 1044.0
ship 448.0 1018.0 556.0 1058.0
ship 441.0 1066.0 549.0 1106.0
ship 351.0 1053.0 418.0 1078.0
ship 335.0 1114.0 410.0 1142.0
ship 315.0 1148.0 406.0 1181.0
ship 442.0 1161.0 541.0 1199.0
ship 432.0 1207.0 538.0 1251.0
ship 2266.0 1001.0 2328.0 1027.0
ship 2161.0 1015.0 2237.0 1043.0
ship 2010.0 187.0 2053.0 210.0
small-vehicle 2223.0 90.0 2272.0 119.0 difficult
small-vehicle 1475.0 47.0 1518.0 72.0 difficult
small-vehicle 1520.0 73.0 1568.0 92.0 difficult
small-vehicle 1472.0 88.0 1527.0 109.0 difficult
small-vehicle 1464.0 112.0 1518.0 132.0 difficult
small-vehicle 1512.0 153.0 1567.0 185.0 difficult
small-vehicle 1509.0 197.0 1559.0 230.0 difficult
small-vehicle 2209.0 199.0 2255.0 223.0 difficult
small-vehicle 2260.0 207.0 2308.0 228.0 difficult
small-vehicle 2262.0 180.0 2312.0 205.0 difficult
small-vehicle 2252.0 264.0 2310.0 293.0 difficult
small-vehicle 2253.0 293.0 2302.0 314.0 difficult
small-vehicle 2217.0 152.0 2265.0 178.0 difficult
small-vehicle 2229.0 52.0 2277.0 73.0 difficult
ship 2257.0 1064.0 2326.0 1094.0
small-vehicle 2239.0 28.0 2278.0 49.0 difficult
small-vehicle 2372.0 100.0 2423.0 128.0 difficult
small-vehicle 2370.0 127.0 2419.0 149.0 difficult
small-vehicle 2428.0 22.0 2489.0 49.0 difficult
small-vehicle 2362.0 234.0 2414.0 259.0 difficult
small-vehicle 2400.0 259.0 2447.0 283.0 difficult
small-vehicle 2357.0 274.0 2408.0 297.0 difficult
small-vehicle 2358.0 299.0 2404.0 319.0 difficult
small-vehicle 2408.0 302.0 2453.0 323.0 difficult
small-vehicle 2407.0 325.0 2450.0 350.0 difficult
small-vehicle 2518.0 225.0 2560.0 247.0 difficult
small-vehicle 2562.0 252.0 2608.0 275.0 difficult
small-vehicle 1528.0 7.0 1570.0 30.0 difficult
small-vehicle 1480.0 3.0 1532.0 27.0 difficult
small-vehicle 1348.0 217.0 1402.0 242.0 difficult
small-vehicle 1347.0 238.0 1394.0 265.0 difficult
small-vehicle 1162.0 162.0 1202.0 180.0 difficult
small-vehicle 1160.0 138.0 1207.0 160.0 difficult
small-vehicle 1162.0 117.0 1208.0 140.0 difficult
small-vehicle 1162.0 94.0 1210.0 123.0 difficult
small-vehicle 1163.0 72.0 1208.0 97.0 difficult
small-vehicle 1167.0 50.0 1209.0 78.0 difficult
small-vehicle 1168.0 28.0 1212.0 52.0 difficult
small-vehicle 1323.0 44.0 1364.0 65.0 difficult
small-vehicle 1365.0 49.0 1412.0 75.0 difficult
small-vehicle 1369.0 24.0 1413.0 49.0 difficult
small-vehicle 1329.0 69.0 1375.0 89.0 difficult
small-vehicle 1364.0 89.0 1404.0 117.0 difficult
small-vehicle 1314.0 110.0 1357.0 130.0 difficult
small-vehicle 1358.0 113.0 1403.0 138.0 difficult
small-vehicle 1313.0 130.0 1357.0 154.0 difficult
small-vehicle 1360.0 137.0 1400.0 157.0 difficult
small-vehicle 1310.0 153.0 1357.0 175.0 difficult
small-vehicle 1359.0 157.0 1400.0 182.0 difficult
small-vehicle 1309.0 177.0 1359.0 195.0 difficult
small-vehicle 1359.0 179.0 1402.0 202.0 difficult
small-vehicle 1307.0 190.0 1357.0 218.0 difficult
small-vehicle 1349.0 199.0 1395.0 222.0 difficult
small-vehicle 1303.0 215.0 1352.0 237.0 difficult
small-vehicle 1305.0 238.0 1345.0 257.0 difficult
small-vehicle 1300.0 254.0 1343.0 285.0 difficult
small-vehicle 2558.0 292.0 2617.0 314.0 difficult
small-vehicle 2680.0 133.0 2734.0 155.0 difficult
small-vehicle 2678.0 174.0 2724.0 195.0 difficult
ship 1696.0 502.0 1731.0 519.0 difficult
ship 341.0 1254.0 413.0 1287.0 difficult
ship 1027.0 449.0 1071.0 476.0 difficult
ship 1249.0 467.0 1283.0 488.0 difficult
ship 1217.0 467.0 1249.0 483.0 difficult
ship 1180.0 465.0 1208.0 481.0 difficult
ship 1144.0 461.0 1176.0 480.0 difficult
ship 350.0 396.0 387.0 417.0 difficult
ship 405.0 402.0 440.0 422.0 difficult
ship 438.0 405.0 470.0 424.0 difficult
small-vehicle 1468.0 155.0 1505.0 174.0 difficult
small-vehicle 2273.0 98.0 2317.0 117.0 difficult
small-vehicle 2278.0 31.0 2318.0 53.0 difficult
small-vehicle 2275.0 9.0 2322.0 34.0 difficult
small-vehicle 2355.0 320.0 2405.0 339.0 difficult
small-vehicle 2230.0 133.0 2268.0 156.0 difficult
ship 2796.0 630.0 2843.0 647.0
ship 1478.0 1327.0 1583.0 1364.0
ship 2111.0 213.0 2156.0 236.0
ship 2096.0 299.0 2148.0 319.0
ship 2095.0 319.0 2143.0 341.0
ship 2092.0 341.0 2139.0 363.0
ship 2212.0 242.0 2256.0 264.0
ship 2211.0 220.0 2255.0 245.0
ship 2259.0 223.0 2308.0 248.0
ship 2368.0 172.0 2416.0 193.0
ship 1742.0 509.0 1777.0 524.0 difficult
ship 2799.0 651.0 2839.0 672.0 difficult
small-vehicle 2679.0 198.0 2720.0 218.0 difficult
ship 2925.0 603.0 2956.0 620.0 difficult
small-vehicle 2720.0 220.0 2778.0 247.0 difficult
small-vehicle 2670.0 244.0 2723.0 262.0 difficult
small-vehicle 2717.0 263.0 2759.0 287.0 difficult
small-vehicle 2667.0 302.0 2710.0 324.0 difficult
small-vehicle 2709.0 309.0 2757.0 329.0 difficult
small-vehicle 2714.0 324.0 2758.0 352.0 difficult
small-vehicle 2869.0 153.0 2893.0 198.0 difficult
small-vehicle 2869.0 204.0 2892.0 244.0 difficult
small-vehicle 2954.0 208.0 2977.0 250.0 difficult
small-vehicle 3038.0 214.0 3062.0 255.0 difficult
small-vehicle 2994.0 159.0 3034.0 209.0 difficult
small-vehicle 2713.0 388.0 2754.0 409.0 difficult
small-vehicle 3237.0 189.0 3289.0 225.0 difficult
small-vehicle 2515.0 313.0 2555.0 342.0 difficult
small-vehicle 425.0 73.0 471.0 98.0 difficult
small-vehicle 2.0 170.0 40.0 192.0 difficult
small-vehicle 1458.0 215.0 1506.0 237.0 difficult
small-vehicle 1049.0 171.0 1094.0 192.0 difficult
small-vehicle 1052.0 149.0 1097.0 170.0 difficult
small-vehicle 1056.0 108.0 1100.0 124.0 difficult
small-vehicle 1202.0 189.0 1242.0 208.0 difficult
small-vehicle 3290.0 1210.0 3349.0 1239.0
small-vehicle 3219.0 115.0 3272.0 143.0
small-vehicle 3218.0 80.0 3263.0 102.0
ship 2361.0 552.0 2404.0 575.0 difficult
small-vehicle 1203.0 209.0 1245.0 233.0 difficult
small-vehicle 1157.0 179.0 1200.0 198.0 difficult
small-vehicle 1204.0 162.0 1245.0 188.0 difficult
ship 2527.0 1153.0 2594.0 1176.0
ship 2434.0 1117.0 2508.0 1147.0
ship 2442.0 1081.0 2505.0 1107.0
ship 2529.0 1087.0 2586.0 1111.0
ship 2538.0 1021.0 2602.0 1047.0
ship 2534.0 992.0 2597.0 1015.0
ship 2434.0 1005.0 2514.0 1035.0
ship 2446.0 932.0 2519.0 963.0
ship 2450.0 895.0 2528.0 927.0
ship 2455.0 862.0 2522.0 890.0
ship 2541.0 860.0 2612.0 888.0
ship 2555.0 797.0 2610.0 826.0
ship 2454.0 822.0 2524.0 853.0
ship 2462.0 786.0 2531.0 813.0
ship 2562.0 767.0 2610.0 790.0
ship 2465.0 752.0 2537.0 779.0
ship 2465.0 712.0 2539.0 740.0
ship 2468.0 635.0 2544.0 668.0
ship 2465.0 599.0 2545.0 626.0
ship 2562.0 608.0 2631.0 634.0
ship 2715.0 647.0 2772.0 677.0
ship 2705.0 679.0 2768.0 708.0
ship 2787.0 735.0 2854.0 766.0
ship 2784.0 770.0 2848.0 798.0
ship 2781.0 802.0 2844.0 833.0
ship 2782.0 840.0 2843.0 862.0
ship 2523.0 1119.0 2596.0 1144.0
ship 2428.0 1151.0 2506.0 1181.0
ship 2778.0 906.0 2843.0 932.0
ship 2428.0 1189.0 2499.0 1220.0
ship 2154.0 1056.0 2233.0 1085.0
ship 2155.0 1092.0 2231.0 1124.0
ship 2256.0 1100.0 2332.0 1131.0
ship 2251.0 1133.0 2322.0 1162.0
ship 2250.0 1173.0 2324.0 1199.0
ship 2246.0 1202.0 2324.0 1234.0
ship 2245.0 1239.0 2317.0 1265.0
ship 2245.0 1274.0 2316.0 1296.0
ship 2238.0 1306.0 2313.0 1333.0
ship 2236.0 1339.0 2306.0 1369.0
ship 2144.0 1171.0 2226.0 1204.0
ship 2140.0 1210.0 2220.0 1241.0
ship 2137.0 1248.0 2219.0 1282.0
ship 2131.0 1289.0 2217.0 1319.0
ship 2128.0 1326.0 2211.0 1361.0
ship 2171.0 1392.0 2214.0 1488.0
ship 2105.0 1368.0 2177.0 1509.0
ship 2215.0 1382.0 2263.0 1515.0
ship 2266.0 1382.0 2317.0 1506.0
ship 2521.0 1381.0 2573.0 1506.0
ship 2406.0 1378.0 2474.0 1513.0
ship 2506.0 1340.0 2569.0 1371.0
ship 2514.0 1246.0 2582.0 1272.0
ship 2423.0 1265.0 2489.0 1290.0
ship 2420.0 1227.0 2497.0 1258.0
ship 2697.0 838.0 2760.0 862.0
ship 2774.0 942.0 2846.0 969.0
small-vehicle 1207.0 142.0 1245.0 167.0 difficult
ship 314.0 1290.0 405.0 1400.0
small-vehicle 658.0 117.0 702.0 157.0 difficult
small-vehicle 700.0 105.0 748.0 145.0 difficult
small-vehicle 748.0 89.0 794.0 133.0 difficult
small-vehicle 798.0 80.0 835.0 120.0 difficult
small-vehicle 820.0 68.0 867.0 113.0 difficult
small-vehicle 848.0 62.0 883.0 105.0 difficult
small-vehicle 863.0 49.0 904.0 93.0 difficult
small-vehicle 923.0 14.0 959.0 59.0 difficult
small-vehicle 940.0 5.0 979.0 48.0 difficult
small-vehicle 910.0 148.0 953.0 192.0 difficult
small-vehicle 930.0 134.0 973.0 178.0 difficult
small-vehicle 953.0 119.0 990.0 164.0 difficult
small-vehicle 972.0 113.0 1009.0 158.0 difficult
small-vehicle 983.0 98.0 1028.0 144.0 difficult
small-vehicle 1010.0 87.0 1049.0 129.0 difficult
small-vehicle 1058.0 64.0 1103.0 84.0 difficult
small-vehicle 1060.0 88.0 1100.0 107.0 difficult
small-vehicle 1053.0 127.0 1105.0 152.0 difficult
small-vehicle 1048.0 187.0 1095.0 215.0 difficult
small-vehicle 1045.0 208.0 1094.0 232.0 difficult
small-vehicle 1047.0 228.0 1090.0 255.0 difficult
small-vehicle 1215.0 12.0 1262.0 37.0 difficult
small-vehicle 1215.0 55.0 1260.0 80.0 difficult
small-vehicle 1209.0 99.0 1254.0 119.0 difficult
small-vehicle 1207.0 123.0 1253.0 145.0 difficult
small-vehicle 632.0 124.0 674.0 168.0 difficult
ship 2737.0 1378.0 2798.0 1487.0
ship 2774.0 978.0 2848.0 1005.0
ship 2918.0 635.0 2971.0 668.0
ship 2771.0 1018.0 2843.0 1045.0
ship 2765.0 1098.0 2840.0 1131.0
ship 2765.0 1141.0 2848.0 1174.0
ship 2674.0 1115.0 2739.0 1143.0
ship 2758.0 1180.0 2842.0 1215.0
ship 2749.0 1271.0 2855.0 1308.0
ship 2661.0 1241.0 2725.0 1264.0
ship 2657.0 1299.0 2724.0 1327.0
ship 2652.0 1331.0 2728.0 1361.0
ship 2739.0 1321.0 2850.0 1360.0
ship 2642.0 1375.0 2704.0 1505.0
ship 3055.0 1356.0 3118.0 1491.0
ship 2987.0 1363.0 3055.0 1498.0
ship 2971.0 1301.0 3082.0 1355.0
ship 2966.0 1204.0 3058.0 1256.0
ship 2964.0 1167.0 3058.0 1212.0
ship 2951.0 1120.0 3055.0 1169.0
ship 2953.0 1079.0 3049.0 1125.0
ship 2958.0 1041.0 3042.0 1083.0
ship 2958.0 1003.0 3028.0 1042.0
ship 2956.0 969.0 3029.0 1006.0
ship 2939.0 889.0 3017.0 931.0
ship 2946.0 855.0 3008.0 891.0
ship 2936.0 823.0 3001.0 861.0
ship 2929.0 725.0 2987.0 759.0
harbor 235.0 433.0 612.0 1417.0
