ship 967.0 909.0 982.0 936.0
ship 1129.0 510.0 1162.0 589.0
ship 978.0 499.0 999.0 542.0
ship 980.0 562.0 998.0 603.0
ship 1000.0 559.0 1016.0 604.0
ship 1032.0 551.0 1055.0 598.0
ship 1058.0 555.0 1075.0 598.0
ship 1053.0 498.0 1073.0 544.0
ship 1069.0 495.0 1093.0 544.0
ship 1074.0 551.0 1095.0 602.0
ship 1114.0 548.0 1133.0 599.0
ship 689.0 576.0 707.0 619.0
ship 1113.0 498.0 1133.0 541.0
ship 1092.0 494.0 1112.0 543.0
ship 1032.0 496.0 1053.0 542.0
ship 1014.0 501.0 1034.0 545.0
ship 1008.0 287.0 1031.0 344.0
ship 982.0 295.0 1008.0 349.0
ship 964.0 298.0 984.0 348.0
ship 944.0 301.0 965.0 349.0
ship 958.0 504.0 977.0 546.0
ship 935.0 504.0 955.0 547.0
ship 917.0 559.0 939.0 605.0
ship 900.0 554.0 920.0 608.0
ship 707.0 525.0 721.0 554.0
ship 724.0 517.0 744.0 558.0
ship 785.0 518.0 802.0 557.0
ship 762.0 506.0 780.0 553.0
ship 708.0 571.0 727.0 611.0
ship 727.0 567.0 745.0 618.0
ship 750.0 567.0 765.0 614.0
ship 765.0 568.0 783.0 614.0
ship 828.0 542.0 853.0 555.0
ship 802.0 510.0 819.0 554.0
ship 786.0 567.0 804.0 616.0
ship 825.0 562.0 844.0 614.0
ship 860.0 510.0 877.0 546.0
ship 875.0 504.0 897.0 552.0
ship 898.0 503.0 920.0 550.0
ship 918.0 505.0 935.0 549.0
ship 877.0 559.0 898.0 606.0
ship 944.0 359.0 968.0 407.0
ship 926.0 359.0 946.0 408.0
ship 924.0 301.0 943.0 351.0
ship 580.0 378.0 597.0 425.0
ship 644.0 373.0 664.0 427.0
ship 617.0 375.0 643.0 428.0
ship 645.0 323.0 660.0 361.0
ship 618.0 308.0 641.0 365.0
ship 598.0 313.0 617.0 366.0
ship 569.0 313.0 595.0 369.0
ship 558.0 193.0 631.0 223.0
ship 476.0 198.0 531.0 218.0
ship 385.0 201.0 464.0 230.0
ship 650.0 1022.0 668.0 1059.0
ship 612.0 1021.0 635.0 1059.0
ship 600.0 1027.0 617.0 1060.0
ship 581.0 1023.0 598.0 1064.0
ship 565.0 1024.0 583.0 1061.0
ship 548.0 1025.0 566.0 1062.0
ship 533.0 1026.0 549.0 1062.0
ship 517.0 1030.0 532.0 1065.0
ship 682.0 373.0 705.0 425.0
ship 601.0 376.0 619.0 432.0
ship 897.0 297.0 920.0 353.0
ship 561.0 382.0 578.0 432.0
ship 878.0 302.0 896.0 341.0
ship 834.0 302.0 858.0 355.0
ship 809.0 305.0 834.0 359.0
ship 792.0 307.0 812.0 351.0
ship 772.0 315.0 792.0 356.0
ship 747.0 300.0 771.0 359.0
ship 722.0 300.0 748.0 356.0
ship 904.0 363.0 923.0 410.0
ship 862.0 366.0 881.0 414.0
ship 835.0 364.0 862.0 422.0
ship 814.0 367.0 838.0 423.0
ship 796.0 370.0 816.0 417.0
ship 774.0 368.0 795.0 416.0
ship 754.0 372.0 773.0 419.0
ship 732.0 371.0 750.0 418.0
ship 681.0 309.0 703.0 363.0
ship 659.0 308.0 684.0 364.0
ship 681.0 512.0 703.0 562.0
ship 669.0 576.0 685.0 617.0
ship 639.0 1072.0 654.0 1111.0
ship 1044.0 680.0 1062.0 724.0
ship 1050.0 741.0 1065.0 773.0
ship 1068.0 736.0 1083.0 774.0
ship 1084.0 735.0 1101.0 773.0
ship 1123.0 731.0 1142.0 771.0
ship 1105.0 737.0 1123.0 776.0
ship 1118.0 680.0 1139.0 720.0
ship 1082.0 677.0 1099.0 723.0
ship 1064.0 680.0 1083.0 724.0
ship 1005.0 684.0 1025.0 727.0
ship 649.0 577.0 665.0 618.0
ship 988.0 683.0 1004.0 727.0
ship 963.0 687.0 984.0 729.0
ship 884.0 688.0 907.0 731.0
ship 868.0 690.0 885.0 728.0
ship 850.0 691.0 865.0 732.0
ship 832.0 690.0 848.0 735.0
ship 810.0 695.0 829.0 737.0
ship 947.0 685.0 962.0 730.0
ship 1029.0 735.0 1044.0 774.0
ship 1006.0 734.0 1026.0 780.0
ship 1052.0 899.0 1065.0 932.0
ship 1102.0 895.0 1116.0 933.0
ship 916.0 906.0 934.0 945.0
ship 950.0 903.0 966.0 941.0
ship 913.0 855.0 930.0 892.0
ship 949.0 852.0 964.0 887.0
ship 965.0 851.0 981.0 889.0
ship 982.0 852.0 996.0 891.0
ship 996.0 850.0 1012.0 889.0
ship 1013.0 849.0 1029.0 888.0
ship 983.0 907.0 998.0 944.0
ship 1016.0 901.0 1033.0 941.0
ship 1031.0 850.0 1047.0 889.0
ship 1048.0 854.0 1064.0 886.0
ship 1063.0 850.0 1083.0 889.0
ship 1099.0 847.0 1116.0 885.0
ship 1115.0 847.0 1132.0 885.0
ship 1137.0 849.0 1162.0 904.0
ship 1122.0 895.0 1135.0 933.0
ship 923.0 689.0 942.0 730.0
ship 907.0 688.0 923.0 731.0
ship 990.0 737.0 1005.0 780.0
ship 639.0 754.0 654.0 796.0
ship 675.0 701.0 692.0 741.0
ship 656.0 703.0 673.0 741.0
ship 634.0 703.0 653.0 745.0
ship 530.0 525.0 548.0 563.0
ship 549.0 514.0 568.0 564.0
ship 568.0 521.0 585.0 564.0
ship 588.0 517.0 605.0 565.0
ship 607.0 519.0 628.0 560.0
ship 626.0 518.0 644.0 558.0
ship 643.0 518.0 662.0 560.0
ship 608.0 575.0 626.0 620.0
ship 591.0 573.0 607.0 620.0
ship 570.0 574.0 588.0 621.0
ship 552.0 580.0 570.0 623.0
ship 532.0 583.0 551.0 623.0
ship 515.0 584.0 531.0 630.0
ship 629.0 574.0 649.0 619.0
ship 695.0 703.0 712.0 742.0
ship 656.0 753.0 674.0 795.0
ship 972.0 743.0 988.0 781.0
ship 679.0 754.0 694.0 800.0
ship 949.0 746.0 964.0 781.0
ship 928.0 740.0 944.0 781.0
ship 910.0 744.0 926.0 783.0
ship 890.0 743.0 907.0 783.0
ship 873.0 746.0 888.0 785.0
ship 853.0 742.0 869.0 784.0
ship 832.0 747.0 849.0 787.0
ship 814.0 746.0 830.0 787.0
ship 796.0 750.0 810.0 787.0
ship 775.0 752.0 791.0 789.0
ship 757.0 749.0 774.0 790.0
ship 772.0 695.0 789.0 738.0
ship 750.0 696.0 771.0 740.0
ship 738.0 752.0 755.0 796.0
ship 718.0 750.0 735.0 796.0
ship 716.0 698.0 733.0 740.0
ship 699.0 753.0 716.0 797.0
ship 476.0 1029.0 499.0 1066.0
ship 620.0 1070.0 635.0 1110.0
ship 254.0 874.0 277.0 926.0
ship 475.0 586.0 490.0 625.0
ship 307.0 725.0 323.0 759.0
ship 286.0 724.0 302.0 760.0
ship 264.0 737.0 276.0 760.0
ship 248.0 726.0 261.0 756.0
ship 506.0 528.0 528.0 567.0
ship 488.0 529.0 509.0 569.0
ship 473.0 530.0 489.0 564.0
ship 492.0 580.0 510.0 625.0
ship 454.0 582.0 472.0 628.0
ship 480.0 705.0 500.0 753.0
ship 437.0 586.0 455.0 632.0
ship 414.0 587.0 435.0 634.0
ship 397.0 586.0 415.0 630.0
ship 378.0 589.0 396.0 632.0
ship 355.0 587.0 376.0 631.0
ship 336.0 586.0 355.0 632.0
ship 451.0 526.0 471.0 571.0
ship 435.0 529.0 451.0 568.0
ship 325.0 721.0 341.0 760.0
ship 344.0 713.0 361.0 755.0
ship 364.0 717.0 379.0 756.0
ship 384.0 712.0 402.0 756.0
ship 581.0 757.0 597.0 797.0
ship 562.0 760.0 578.0 801.0
ship 543.0 761.0 559.0 798.0
ship 523.0 760.0 539.0 801.0
ship 503.0 761.0 521.0 809.0
ship 483.0 764.0 501.0 810.0
ship 462.0 762.0 482.0 802.0
ship 446.0 767.0 461.0 806.0
ship 424.0 766.0 443.0 807.0
ship 250.0 771.0 267.0 814.0
ship 288.0 767.0 305.0 805.0
ship 305.0 769.0 326.0 810.0
ship 406.0 769.0 425.0 810.0
ship 389.0 769.0 406.0 812.0
ship 365.0 769.0 384.0 809.0
ship 348.0 770.0 364.0 810.0
ship 405.0 716.0 423.0 757.0
ship 397.0 527.0 413.0 572.0
ship 376.0 536.0 394.0 574.0
ship 354.0 531.0 371.0 574.0
ship 494.0 384.0 511.0 436.0
ship 404.0 388.0 428.0 445.0
ship 427.0 388.0 446.0 435.0
ship 340.0 388.0 361.0 439.0
ship 317.0 392.0 336.0 434.0
ship 297.0 394.0 315.0 436.0
ship 274.0 398.0 294.0 442.0
ship 250.0 335.0 269.0 379.0
ship 234.0 398.0 247.0 442.0
ship 227.0 322.0 246.0 382.0
harbor 278.0 1427.0 956.0 1490.0
harbor 280.0 1288.0 1022.0 1406.0
harbor 282.0 1146.0 1141.0 1266.0
harbor 266.0 996.0 1157.0 1126.0
harbor 273.0 840.0 1148.0 975.0
harbor 260.0 673.0 1153.0 815.0
harbor 247.0 488.0 1146.0 639.0
harbor 238.0 283.0 1151.0 439.0
ship 452.0 386.0 469.0 429.0
ship 422.0 320.0 447.0 373.0
ship 334.0 532.0 354.0 572.0
ship 445.0 326.0 464.0 365.0
ship 316.0 534.0 331.0 577.0
ship 279.0 592.0 298.0 634.0
ship 263.0 551.0 276.0 580.0
ship 234.0 447.0 247.0 476.0
ship 237.0 480.0 250.0 510.0
ship 489.0 315.0 512.0 371.0
ship 548.0 310.0 573.0 366.0
ship 528.0 316.0 553.0 369.0
ship 509.0 318.0 531.0 370.0
ship 517.0 389.0 534.0 423.0
ship 535.0 382.0 555.0 424.0
ship 315.0 328.0 335.0 378.0
ship 336.0 327.0 356.0 376.0
ship 353.0 326.0 377.0 375.0
ship 379.0 324.0 400.0 372.0
ship 398.0 322.0 424.0 376.0
ship 468.0 319.0 487.0 367.0
ship 460.0 711.0 479.0 754.0
ship 503.0 708.0 517.0 750.0
ship 604.0 1080.0 616.0 1108.0
ship 540.0 874.0 559.0 913.0
ship 346.0 1034.0 364.0 1071.0
ship 364.0 1035.0 382.0 1072.0
ship 379.0 1034.0 400.0 1073.0
ship 446.0 1031.0 465.0 1067.0
ship 431.0 1031.0 447.0 1069.0
ship 397.0 1033.0 415.0 1070.0
ship 413.0 1032.0 429.0 1069.0
ship 524.0 875.0 542.0 912.0
ship 627.0 868.0 644.0 907.0
ship 520.0 708.0 536.0 750.0
ship 676.0 869.0 692.0 904.0
ship 659.0 872.0 675.0 906.0
ship 642.0 869.0 661.0 909.0
ship 678.0 916.0 694.0 951.0
ship 660.0 914.0 678.0 952.0
ship 641.0 917.0 662.0 960.0
ship 595.0 877.0 609.0 910.0
ship 575.0 875.0 592.0 911.0
ship 331.0 1036.0 347.0 1075.0
ship 314.0 1038.0 330.0 1075.0
ship 297.0 1042.0 313.0 1076.0
ship 279.0 1039.0 296.0 1074.0
ship 586.0 1072.0 603.0 1109.0
ship 570.0 1074.0 585.0 1109.0
ship 551.0 1073.0 567.0 1113.0
ship 516.0 1077.0 534.0 1115.0
ship 482.0 1078.0 500.0 1111.0
ship 468.0 1080.0 483.0 1118.0
ship 450.0 1080.0 465.0 1122.0
ship 434.0 1080.0 451.0 1117.0
ship 415.0 1081.0 431.0 1118.0
ship 382.0 1085.0 401.0 1124.0
ship 367.0 1084.0 383.0 1123.0
ship 349.0 1081.0 368.0 1126.0
ship 334.0 1082.0 350.0 1121.0
ship 316.0 1084.0 333.0 1118.0
ship 300.0 1086.0 315.0 1122.0
ship 282.0 1084.0 300.0 1121.0
ship 265.0 1089.0 281.0 1127.0
ship 560.0 873.0 576.0 912.0
ship 613.0 921.0 629.0 955.0
ship 595.0 922.0 612.0 959.0
ship 344.0 930.0 358.0 968.0
ship 376.0 928.0 392.0 969.0
ship 341.0 885.0 357.0 920.0
ship 357.0 882.0 376.0 921.0
ship 373.0 882.0 391.0 921.0
ship 391.0 881.0 407.0 919.0
ship 407.0 882.0 422.0 918.0
ship 508.0 881.0 524.0 913.0
ship 492.0 876.0 508.0 915.0
ship 473.0 878.0 491.0 916.0
ship 457.0 878.0 473.0 916.0
ship 421.0 882.0 440.0 921.0
ship 616.0 756.0 636.0 797.0
ship 599.0 757.0 617.0 798.0
ship 614.0 703.0 635.0 747.0
ship 597.0 703.0 613.0 747.0
ship 577.0 705.0 595.0 748.0
ship 559.0 707.0 575.0 747.0
ship 361.0 930.0 377.0 970.0
ship 327.0 932.0 344.0 967.0
ship 574.0 921.0 595.0 963.0
ship 307.0 933.0 324.0 969.0
ship 561.0 923.0 577.0 961.0
ship 543.0 922.0 561.0 960.0
ship 528.0 924.0 543.0 961.0
ship 510.0 925.0 526.0 964.0
ship 494.0 926.0 510.0 966.0
ship 476.0 926.0 492.0 961.0
ship 459.0 926.0 476.0 962.0
ship 442.0 928.0 459.0 972.0
ship 428.0 929.0 443.0 963.0
ship 409.0 930.0 424.0 967.0
ship 394.0 933.0 410.0 970.0
ship 324.0 889.0 338.0 921.0
ship 306.0 889.0 321.0 924.0
ship 290.0 890.0 308.0 924.0
ship 260.0 937.0 274.0 978.0
ship 276.0 936.0 291.0 971.0
ship 294.0 935.0 307.0 965.0
ship 934.0 904.0 950.0 944.0
ship 898.0 904.0 916.0 944.0
ship 880.0 903.0 900.0 944.0
ship 413.0 1183.0 427.0 1219.0
ship 339.0 1235.0 349.0 1260.0
ship 352.0 1231.0 367.0 1263.0
ship 369.0 1229.0 384.0 1262.0
ship 401.0 1231.0 415.0 1266.0
ship 387.0 1233.0 398.0 1262.0
ship 366.0 1186.0 382.0 1223.0
ship 382.0 1186.0 396.0 1220.0
ship 398.0 1184.0 413.0 1219.0
ship 429.0 1182.0 443.0 1215.0
small-vehicle 306.0 44.0 326.0 62.0 difficult
ship 417.0 1238.0 431.0 1266.0
ship 432.0 1231.0 443.0 1259.0
ship 446.0 1184.0 461.0 1216.0
ship 473.0 1181.0 492.0 1217.0
ship 494.0 1181.0 508.0 1214.0
ship 510.0 1181.0 524.0 1216.0
ship 463.0 1225.0 479.0 1259.0
ship 445.0 1225.0 461.0 1259.0
ship 348.0 1186.0 363.0 1221.0
ship 337.0 1193.0 349.0 1223.0
ship 320.0 1193.0 333.0 1223.0
ship 303.0 1194.0 316.0 1223.0
small-vehicle 266.0 47.0 285.0 65.0 difficult
small-vehicle 251.0 45.0 270.0 64.0 difficult
small-vehicle 239.0 47.0 256.0 65.0 difficult
small-vehicle 222.0 46.0 242.0 66.0 difficult
small-vehicle 17.0 336.0 32.0 354.0 difficult
small-vehicle 6.0 326.0 20.0 347.0 difficult
small-vehicle 31.0 287.0 46.0 307.0 difficult
small-vehicle 39.0 207.0 53.0 226.0 difficult
small-vehicle 52.0 133.0 65.0 152.0 difficult
small-vehicle 44.0 103.0 58.0 125.0 difficult
small-vehicle 69.0 54.0 81.0 73.0 difficult
ship 274.0 1236.0 286.0 1271.0
ship 271.0 1192.0 284.0 1221.0
ship 286.0 1196.0 301.0 1224.0
ship 293.0 1235.0 305.0 1263.0
ship 318.0 1231.0 335.0 1266.0
ship 306.0 1234.0 318.0 1264.0
ship 478.0 1225.0 494.0 1258.0
ship 1179.0 24.0 1204.0 73.0
ship 739.0 1350.0 754.0 1383.0
ship 468.0 1318.0 483.0 1353.0
ship 455.0 1361.0 469.0 1395.0
ship 485.0 1359.0 499.0 1395.0
ship 503.0 1361.0 516.0 1393.0
ship 482.0 1319.0 498.0 1351.0
ship 513.0 1317.0 530.0 1349.0
ship 531.0 1356.0 550.0 1391.0
ship 516.0 1359.0 531.0 1392.0
ship 661.0 1353.0 675.0 1386.0
ship 646.0 1357.0 660.0 1386.0
ship 629.0 1354.0 644.0 1386.0
ship 596.0 1356.0 613.0 1392.0
ship 735.0 1308.0 751.0 1341.0
ship 721.0 1309.0 736.0 1341.0
ship 707.0 1309.0 721.0 1341.0
ship 691.0 1306.0 705.0 1340.0
ship 673.0 1309.0 688.0 1343.0
ship 660.0 1312.0 671.0 1340.0
ship 452.0 1319.0 467.0 1352.0
ship 436.0 1319.0 452.0 1355.0
ship 724.0 1347.0 739.0 1378.0
ship 419.0 1362.0 437.0 1400.0
ship 709.0 1351.0 723.0 1382.0
ship 314.0 1370.0 325.0 1395.0
ship 281.0 1370.0 292.0 1398.0
ship 296.0 1369.0 311.0 1402.0
ship 279.0 1335.0 289.0 1361.0
ship 296.0 1330.0 309.0 1357.0
ship 310.0 1330.0 324.0 1358.0
ship 326.0 1328.0 342.0 1357.0
ship 342.0 1327.0 355.0 1357.0
ship 386.0 1320.0 402.0 1356.0
ship 354.0 1320.0 371.0 1358.0
ship 418.0 1320.0 434.0 1355.0
ship 403.0 1321.0 419.0 1357.0
ship 358.0 1368.0 372.0 1403.0
ship 374.0 1367.0 388.0 1402.0
ship 392.0 1370.0 405.0 1399.0
ship 407.0 1365.0 421.0 1398.0
small-vehicle 281.0 45.0 300.0 62.0 difficult
small-vehicle 245.0 80.0 264.0 101.0 difficult
ship 896.0 856.0 914.0 895.0
small-vehicle 62.0 729.0 81.0 741.0 difficult
ship 484.0 179.0 513.0 191.0
ship 319.0 177.0 330.0 197.0
ship 328.0 178.0 340.0 195.0
ship 321.0 203.0 347.0 220.0
small-vehicle 14.0 719.0 33.0 729.0 difficult
small-vehicle 14.0 739.0 35.0 749.0 difficult
small-vehicle 13.0 750.0 37.0 761.0 difficult
small-vehicle 13.0 761.0 37.0 770.0 difficult
small-vehicle 62.0 741.0 82.0 751.0 difficult
small-vehicle 270.0 80.0 292.0 101.0 difficult
small-vehicle 64.0 787.0 84.0 797.0 difficult
small-vehicle 63.0 752.0 81.0 762.0 difficult
small-vehicle 15.0 781.0 33.0 791.0 difficult
small-vehicle 17.0 790.0 36.0 800.0 difficult
small-vehicle 16.0 803.0 38.0 812.0 difficult
small-vehicle 68.0 880.0 86.0 891.0 difficult
small-vehicle 70.0 891.0 88.0 903.0 difficult
small-vehicle 69.0 903.0 89.0 913.0 difficult
ship 526.0 178.0 547.0 190.0
ship 551.0 178.0 572.0 189.0
ship 587.0 173.0 613.0 187.0
ship 754.0 166.0 780.0 178.0
ship 274.0 895.0 288.0 923.0
ship 363.0 399.0 377.0 434.0
small-vehicle 143.0 1305.0 155.0 1325.0
ship 341.0 1370.0 357.0 1394.0
ship 582.0 1359.0 595.0 1389.0
ship 736.0 1013.0 750.0 1049.0
ship 631.0 921.0 644.0 953.0
ship 1142.0 683.0 1167.0 746.0
ship 272.0 774.0 289.0 808.0
ship 271.0 726.0 289.0 756.0
ship 246.0 692.0 259.0 720.0
ship 243.0 624.0 257.0 649.0
ship 237.0 548.0 251.0 575.0
ship 222.0 481.0 232.0 498.0 difficult
ship 219.0 401.0 228.0 425.0
ship 903.0 285.0 917.0 295.0 difficult
ship 863.0 161.0 895.0 174.0
small-vehicle 73.0 913.0 90.0 923.0 difficult
small-vehicle 22.0 890.0 39.0 899.0 difficult
small-vehicle 23.0 928.0 42.0 937.0 difficult
small-vehicle 104.0 1084.0 125.0 1093.0 difficult
small-vehicle 105.0 1102.0 126.0 1112.0 difficult
small-vehicle 108.0 1112.0 126.0 1122.0 difficult
small-vehicle 16.0 1071.0 36.0 1090.0 difficult
small-vehicle 31.0 1085.0 47.0 1102.0 difficult
small-vehicle 46.0 1099.0 66.0 1119.0 difficult
small-vehicle 64.0 1117.0 82.0 1137.0 difficult
small-vehicle 103.0 1164.0 123.0 1174.0 difficult
small-vehicle 105.0 1174.0 121.0 1183.0 difficult
small-vehicle 111.0 1270.0 132.0 1280.0 difficult
small-vehicle 367.0 132.0 383.0 151.0 difficult
small-vehicle 311.0 137.0 331.0 157.0 difficult
small-vehicle 279.0 136.0 302.0 157.0 difficult
small-vehicle 267.0 138.0 286.0 158.0 difficult
small-vehicle 250.0 138.0 270.0 159.0 difficult
small-vehicle 235.0 140.0 256.0 159.0 difficult
small-vehicle 268.0 101.0 287.0 120.0 difficult
small-vehicle 253.0 100.0 273.0 120.0 difficult
small-vehicle 106.0 1092.0 126.0 1102.0 difficult
small-vehicle 104.0 1074.0 123.0 1083.0 difficult
small-vehicle 1.0 931.0 17.0 940.0 difficult
small-vehicle 77.0 1075.0 99.0 1085.0 difficult
small-vehicle 148.0 929.0 166.0 939.0 difficult
small-vehicle 146.0 939.0 168.0 949.0 difficult
small-vehicle 147.0 950.0 169.0 959.0 difficult
small-vehicle 73.0 972.0 95.0 982.0 difficult
small-vehicle 100.0 971.0 120.0 979.0 difficult
small-vehicle 101.0 981.0 120.0 989.0 difficult
small-vehicle 72.0 989.0 93.0 999.0 difficult
small-vehicle 75.0 1009.0 94.0 1018.0 difficult
small-vehicle 101.0 997.0 122.0 1008.0 difficult
small-vehicle 101.0 1009.0 122.0 1016.0 difficult
small-vehicle 101.0 1017.0 121.0 1027.0 difficult
small-vehicle 104.0 1064.0 123.0 1075.0 difficult
small-vehicle 105.0 1054.0 124.0 1064.0 difficult
small-vehicle 103.0 1046.0 125.0 1055.0 difficult
small-vehicle 104.0 1035.0 125.0 1046.0 difficult
small-vehicle 73.0 1047.0 99.0 1058.0 difficult
small-vehicle 77.0 1064.0 98.0 1074.0 difficult
ship 626.0 1310.0 641.0 1342.0
ship 608.0 1312.0 624.0 1344.0
ship 578.0 1314.0 594.0 1348.0
ship 699.0 1020.0 717.0 1058.0
ship 1091.0 1049.0 1106.0 1089.0
ship 1075.0 1051.0 1090.0 1089.0
ship 655.0 1070.0 670.0 1104.0
ship 671.0 1070.0 687.0 1105.0
ship 1054.0 1004.0 1071.0 1039.0
ship 1037.0 1004.0 1054.0 1041.0
ship 668.0 1020.0 684.0 1060.0
ship 683.0 1018.0 699.0 1056.0
ship 688.0 1071.0 702.0 1112.0
ship 562.0 1315.0 577.0 1348.0
ship 704.0 1068.0 719.0 1109.0
ship 721.0 1066.0 736.0 1103.0
ship 738.0 1068.0 753.0 1109.0
ship 719.0 1015.0 735.0 1056.0
ship 749.0 1014.0 766.0 1051.0
ship 769.0 1015.0 783.0 1051.0
ship 786.0 1015.0 800.0 1052.0
ship 802.0 1017.0 819.0 1054.0
ship 1073.0 1000.0 1087.0 1037.0
ship 1089.0 1002.0 1106.0 1035.0
ship 1122.0 1001.0 1140.0 1039.0
ship 1142.0 1003.0 1168.0 1075.0
ship 1000.0 1156.0 1015.0 1187.0
ship 1017.0 1156.0 1031.0 1188.0
ship 1020.0 1197.0 1033.0 1231.0
ship 1035.0 1198.0 1050.0 1232.0
ship 1052.0 1198.0 1066.0 1230.0
ship 1033.0 1158.0 1046.0 1188.0
ship 1047.0 1154.0 1063.0 1188.0
ship 1065.0 1154.0 1077.0 1186.0
ship 1067.0 1198.0 1082.0 1236.0
ship 1083.0 1197.0 1095.0 1230.0
ship 1080.0 1154.0 1095.0 1187.0
ship 1098.0 1157.0 1108.0 1183.0
ship 1114.0 1195.0 1130.0 1229.0
ship 1112.0 1149.0 1128.0 1184.0
ship 1130.0 1157.0 1154.0 1218.0
ship 1108.0 1043.0 1125.0 1088.0
ship 1129.0 1048.0 1141.0 1080.0
ship 819.0 1016.0 836.0 1048.0
ship 836.0 1015.0 851.0 1050.0
ship 754.0 1063.0 770.0 1103.0
ship 855.0 1015.0 869.0 1051.0
ship 714.0 914.0 728.0 950.0
ship 732.0 915.0 744.0 946.0
ship 747.0 910.0 763.0 948.0
ship 727.0 864.0 744.0 904.0
ship 762.0 865.0 779.0 901.0
ship 764.0 912.0 779.0 952.0
ship 780.0 911.0 796.0 952.0
ship 797.0 861.0 812.0 897.0
ship 811.0 859.0 828.0 901.0
ship 797.0 910.0 814.0 951.0
ship 813.0 908.0 832.0 947.0
ship 831.0 864.0 843.0 895.0
ship 845.0 859.0 863.0 897.0
ship 833.0 906.0 847.0 947.0
ship 849.0 909.0 864.0 946.0
ship 865.0 859.0 879.0 897.0
ship 877.0 858.0 895.0 896.0
ship 693.0 870.0 707.0 903.0
ship 886.0 1012.0 903.0 1047.0
ship 772.0 1065.0 786.0 1100.0
ship 904.0 1011.0 921.0 1048.0
ship 789.0 1064.0 803.0 1100.0
ship 805.0 1064.0 822.0 1105.0
ship 838.0 1062.0 855.0 1103.0
ship 873.0 1062.0 887.0 1096.0
ship 1043.0 1053.0 1055.0 1087.0
ship 1023.0 1052.0 1039.0 1091.0
ship 1006.0 1051.0 1021.0 1088.0
ship 991.0 1059.0 1005.0 1090.0
ship 976.0 1055.0 991.0 1090.0
ship 956.0 1052.0 973.0 1091.0
ship 920.0 1054.0 939.0 1097.0
ship 906.0 1062.0 923.0 1102.0
ship 888.0 1057.0 904.0 1094.0
ship 940.0 1053.0 958.0 1096.0
ship 955.0 1007.0 971.0 1043.0
ship 938.0 1012.0 955.0 1047.0
ship 920.0 1010.0 937.0 1047.0
ship 984.0 1156.0 1000.0 1190.0
ship 1004.0 1199.0 1019.0 1234.0
ship 989.0 1199.0 1003.0 1231.0
ship 656.0 1217.0 669.0 1252.0
ship 686.0 1214.0 701.0 1252.0
ship 702.0 1178.0 715.0 1204.0
ship 701.0 1214.0 716.0 1247.0
ship 719.0 1213.0 732.0 1247.0
ship 715.0 1170.0 731.0 1204.0
ship 730.0 1170.0 746.0 1203.0
ship 747.0 1168.0 762.0 1201.0
ship 748.0 1213.0 764.0 1244.0
ship 762.0 1210.0 779.0 1243.0
ship 798.0 1210.0 811.0 1244.0
ship 781.0 1212.0 794.0 1243.0
ship 762.0 1169.0 779.0 1201.0
ship 780.0 1167.0 795.0 1201.0
ship 793.0 1168.0 807.0 1200.0
ship 810.0 1168.0 824.0 1199.0
ship 825.0 1166.0 840.0 1198.0
ship 843.0 1165.0 859.0 1197.0
ship 671.0 1215.0 684.0 1247.0
ship 667.0 1172.0 684.0 1206.0
ship 813.0 1211.0 828.0 1244.0
ship 637.0 1220.0 652.0 1256.0
ship 530.0 1317.0 545.0 1349.0
ship 496.0 1222.0 511.0 1261.0
ship 524.0 1177.0 541.0 1211.0
ship 571.0 1172.0 586.0 1211.0
ship 558.0 1182.0 570.0 1210.0
ship 527.0 1221.0 542.0 1257.0
ship 542.0 1223.0 558.0 1258.0
ship 560.0 1224.0 571.0 1251.0
ship 575.0 1220.0 590.0 1256.0
ship 591.0 1220.0 606.0 1253.0
ship 605.0 1218.0 622.0 1253.0
ship 602.0 1177.0 618.0 1209.0
ship 589.0 1173.0 603.0 1209.0
ship 686.0 1175.0 697.0 1205.0
ship 652.0 1171.0 666.0 1207.0
ship 620.0 1172.0 635.0 1208.0
ship 622.0 1218.0 636.0 1252.0
ship 828.0 1209.0 843.0 1245.0
ship 755.0 1306.0 768.0 1337.0
ship 972.0 1203.0 986.0 1232.0
ship 996.0 1336.0 1009.0 1370.0
ship 962.0 1337.0 975.0 1372.0
ship 944.0 1295.0 958.0 1327.0
ship 844.0 1209.0 858.0 1241.0
ship 861.0 1204.0 875.0 1239.0
ship 858.0 1161.0 873.0 1196.0
ship 874.0 1164.0 888.0 1195.0
ship 888.0 1164.0 903.0 1197.0
ship 875.0 1206.0 890.0 1237.0
ship 891.0 1205.0 906.0 1237.0
ship 908.0 1203.0 923.0 1236.0
ship 924.0 1204.0 937.0 1233.0
ship 921.0 1162.0 936.0 1194.0
ship 939.0 1163.0 951.0 1193.0
ship 951.0 1159.0 967.0 1192.0
ship 940.0 1203.0 953.0 1236.0
ship 956.0 1202.0 971.0 1236.0
ship 970.0 1159.0 985.0 1193.0
ship 977.0 1336.0 991.0 1366.0
ship 928.0 1338.0 944.0 1372.0
ship 769.0 1306.0 783.0 1337.0
ship 916.0 1344.0 926.0 1373.0
ship 759.0 1348.0 771.0 1380.0
ship 802.0 1347.0 817.0 1383.0
ship 837.0 1349.0 849.0 1377.0
ship 821.0 1346.0 834.0 1378.0
ship 816.0 1301.0 832.0 1336.0
ship 801.0 1303.0 816.0 1337.0
ship 831.0 1300.0 848.0 1334.0
ship 849.0 1304.0 864.0 1334.0
ship 865.0 1297.0 879.0 1331.0
ship 852.0 1341.0 865.0 1378.0
ship 865.0 1340.0 882.0 1374.0
ship 885.0 1342.0 897.0 1378.0
ship 881.0 1298.0 893.0 1329.0
ship 895.0 1298.0 910.0 1330.0
ship 912.0 1297.0 926.0 1330.0
ship 929.0 1299.0 944.0 1330.0
ship 898.0 1344.0 912.0 1375.0
harbor 263.0 159.0 921.0 219.0
