ship 896.0 2584.0 921.0 2614.0
ship 782.0 1550.0 820.0 1632.0
ship 1022.0 1357.0 1065.0 1440.0
ship 772.0 1186.0 819.0 1285.0
ship 813.0 1191.0 866.0 1295.0
ship 865.0 1203.0 914.0 1292.0
ship 956.0 1224.0 1000.0 1314.0
ship 910.0 1220.0 956.0 1310.0
ship 903.0 1322.0 951.0 1421.0
ship 864.0 1318.0 909.0 1407.0
ship 784.0 1303.0 836.0 1407.0
ship 748.0 1296.0 797.0 1389.0
ship 638.0 1273.0 679.0 1367.0
ship 719.0 1294.0 755.0 1373.0
ship 725.0 1174.0 773.0 1269.0
ship 675.0 1166.0 720.0 1263.0
ship 627.0 1159.0 673.0 1254.0
ship 581.0 1150.0 629.0 1247.0
ship 114.0 1064.0 146.0 1126.0
ship 137.0 1067.0 177.0 1143.0
ship 116.0 1191.0 154.0 1265.0
ship 152.0 1206.0 183.0 1262.0
ship 177.0 1190.0 225.0 1290.0
ship 601.0 1271.0 639.0 1350.0
ship 562.0 1262.0 607.0 1354.0
ship 255.0 1199.0 300.0 1291.0
ship 291.0 1215.0 335.0 1307.0
ship 332.0 1217.0 378.0 1301.0
ship 370.0 1223.0 415.0 1312.0
ship 1057.0 1357.0 1100.0 1441.0
ship 1098.0 1374.0 1133.0 1452.0
ship 1141.0 1388.0 1169.0 1454.0
ship 1034.0 1704.0 1071.0 1778.0
ship 788.0 1651.0 829.0 1731.0
ship 896.0 1565.0 940.0 1655.0
ship 859.0 1565.0 899.0 1651.0
ship 855.0 1664.0 898.0 1750.0
ship 933.0 1580.0 976.0 1665.0
ship 893.0 1669.0 932.0 1750.0
ship 920.0 1678.0 968.0 1764.0
ship 964.0 1690.0 1002.0 1763.0
ship 974.0 1589.0 1017.0 1672.0
ship 1010.0 1586.0 1060.0 1680.0
ship 1049.0 1603.0 1094.0 1688.0
ship 994.0 1694.0 1039.0 1772.0
ship 1072.0 1709.0 1103.0 1774.0
ship 1148.0 1267.0 1187.0 1349.0
ship 1094.0 1615.0 1135.0 1688.0
ship 1131.0 1613.0 1176.0 1699.0
ship 1099.0 1714.0 1142.0 1790.0
ship 1137.0 1727.0 1175.0 1791.0
ship 1167.0 1613.0 1216.0 1710.0
ship 1209.0 1626.0 1256.0 1715.0
ship 1172.0 1736.0 1211.0 1807.0
ship 1204.0 1732.0 1245.0 1816.0
ship 1242.0 1738.0 1278.0 1818.0
ship 1247.0 1629.0 1294.0 1724.0
ship 1056.0 1248.0 1095.0 1331.0
ship 1093.0 1245.0 1142.0 1346.0
ship 408.0 1233.0 451.0 1317.0
ship 488.0 1251.0 526.0 1337.0
ship 491.0 1116.0 542.0 1221.0
ship 528.0 393.0 583.0 509.0
ship 1089.0 931.0 1140.0 1034.0
ship 1035.0 878.0 1108.0 1035.0
ship 1020.0 808.0 1062.0 900.0
ship 1085.0 515.0 1134.0 613.0
ship 1041.0 494.0 1095.0 604.0
ship 991.0 479.0 1043.0 593.0
ship 938.0 471.0 990.0 581.0
ship 799.0 454.0 836.0 532.0
ship 743.0 440.0 785.0 528.0
ship 681.0 420.0 737.0 530.0
ship 633.0 405.0 682.0 518.0
ship 580.0 400.0 633.0 507.0
ship 479.0 378.0 529.0 481.0
ship 962.0 797.0 1017.0 906.0
ship 424.0 362.0 481.0 478.0
ship 379.0 360.0 424.0 458.0
ship 330.0 358.0 372.0 448.0
ship 268.0 331.0 324.0 458.0
ship 150.0 367.0 176.0 406.0
ship 164.0 353.0 203.0 422.0
harbor 845.0 2515.0 1399.0 2720.0 difficult
harbor 779.0 2182.0 1508.0 2491.0
harbor 270.0 1772.0 1428.0 2163.0
harbor 155.0 1424.0 1315.0 1822.0
harbor 70.0 1052.0 1262.0 1475.0
harbor 153.0 639.0 1150.0 1058.0
ship 931.0 910.0 989.0 1030.0
ship 909.0 765.0 968.0 888.0
ship 442.0 1114.0 496.0 1222.0
ship 538.0 714.0 592.0 819.0
ship 397.0 1115.0 443.0 1211.0
ship 352.0 1113.0 397.0 1204.0
ship 306.0 1097.0 353.0 1192.0
ship 260.0 1089.0 311.0 1186.0
ship 253.0 795.0 295.0 889.0
ship 336.0 661.0 391.0 779.0
ship 390.0 668.0 440.0 786.0
ship 317.0 794.0 364.0 900.0
ship 438.0 702.0 475.0 778.0
ship 362.0 804.0 410.0 911.0
ship 413.0 807.0 467.0 924.0
ship 466.0 824.0 519.0 935.0
ship 592.0 721.0 642.0 823.0
ship 851.0 770.0 904.0 878.0
ship 514.0 832.0 571.0 944.0
ship 572.0 850.0 619.0 943.0
ship 649.0 733.0 696.0 840.0
ship 699.0 732.0 748.0 852.0
ship 629.0 860.0 674.0 952.0
ship 677.0 875.0 730.0 969.0
ship 731.0 876.0 776.0 988.0
ship 765.0 758.0 806.0 849.0
ship 808.0 751.0 860.0 870.0
ship 780.0 883.0 830.0 991.0
ship 826.0 892.0 886.0 1010.0
ship 885.0 913.0 935.0 1004.0
ship 755.0 1645.0 792.0 1719.0
ship 736.0 1537.0 782.0 1627.0
ship 388.0 1884.0 430.0 1954.0
ship 682.0 1629.0 725.0 1715.0
ship 1083.0 2340.0 1117.0 2420.0
ship 1044.0 2332.0 1088.0 2417.0
ship 976.0 2314.0 1017.0 2404.0
ship 946.0 2310.0 982.0 2386.0
ship 912.0 2304.0 950.0 2382.0
ship 839.0 2291.0 880.0 2371.0
ship 693.0 2176.0 719.0 2230.0
ship 720.0 2172.0 758.0 2251.0
ship 1066.0 2241.0 1107.0 2323.0
ship 1000.0 2223.0 1037.0 2300.0
ship 962.0 2220.0 998.0 2298.0
ship 856.0 2194.0 898.0 2281.0
ship 785.0 1868.0 825.0 1949.0
ship 823.0 1878.0 861.0 1956.0
ship 857.0 1879.0 896.0 1961.0
ship 897.0 1892.0 930.0 1964.0
ship 925.0 1895.0 964.0 1978.0
ship 966.0 1909.0 997.0 1974.0
ship 995.0 1905.0 1035.0 1991.0
ship 1031.0 1922.0 1068.0 1995.0
ship 1064.0 1925.0 1105.0 2007.0
ship 1101.0 1927.0 1141.0 2010.0
ship 1204.0 1948.0 1245.0 2034.0
ship 1246.0 1966.0 1278.0 2033.0
ship 1312.0 1985.0 1344.0 2053.0
ship 1350.0 1988.0 1380.0 2055.0
ship 1379.0 1994.0 1412.0 2061.0
ship 1118.0 2350.0 1158.0 2425.0
ship 1152.0 2355.0 1190.0 2434.0
ship 1185.0 2367.0 1227.0 2439.0
ship 1218.0 2656.0 1253.0 2711.0
small-vehicle 498.0 2629.0 544.0 2654.0
ship 1285.0 1685.0 1344.0 1800.0
ship 136.0 1427.0 161.0 1470.0
ship 945.0 1336.0 1023.0 1435.0
ship 441.0 1237.0 494.0 1338.0
ship 183.0 768.0 209.0 802.0
ship 916.0 2558.0 971.0 2646.0
ship 956.0 2549.0 1024.0 2659.0
ship 1001.0 2583.0 1059.0 2679.0
ship 1083.0 2633.0 1142.0 2720.0
ship 1151.0 2628.0 1183.0 2681.0
ship 1170.0 2636.0 1202.0 2687.0
ship 1469.0 2344.0 1547.0 2497.0
ship 1221.0 2365.0 1256.0 2448.0
ship 1345.0 2291.0 1386.0 2375.0
ship 1380.0 2304.0 1419.0 2381.0
ship 1450.0 2315.0 1488.0 2389.0
ship 1430.0 2410.0 1471.0 2495.0
ship 1369.0 2400.0 1401.0 2470.0
ship 1137.0 2252.0 1172.0 2330.0
ship 1180.0 2259.0 1236.0 2345.0
ship 1275.0 2284.0 1312.0 2364.0
ship 1312.0 2284.0 1348.0 2364.0
ship 1329.0 2397.0 1362.0 2467.0
ship 1291.0 2379.0 1329.0 2463.0
ship 1255.0 2367.0 1297.0 2452.0
ship 1402.0 2087.0 1422.0 2146.0
ship 1363.0 2075.0 1398.0 2160.0
ship 1330.0 2077.0 1366.0 2155.0
ship 503.0 1495.0 547.0 1578.0
ship 442.0 1804.0 476.0 1884.0
ship 339.0 1784.0 375.0 1860.0
ship 303.0 1782.0 343.0 1849.0
ship 156.0 1426.0 199.0 1509.0
ship 234.0 1450.0 263.0 1522.0
ship 305.0 1443.0 355.0 1547.0
ship 353.0 1476.0 386.0 1543.0
ship 269.0 1548.0 304.0 1629.0
ship 301.0 1560.0 340.0 1634.0
ship 339.0 1580.0 368.0 1633.0
ship 384.0 1463.0 432.0 1556.0
ship 462.0 1486.0 505.0 1574.0
ship 539.0 1493.0 587.0 1586.0
ship 512.0 1816.0 548.0 1889.0
ship 370.0 1573.0 411.0 1647.0
ship 404.0 1575.0 444.0 1651.0
ship 436.0 1583.0 478.0 1669.0
ship 475.0 1595.0 511.0 1667.0
ship 513.0 1609.0 543.0 1673.0
ship 545.0 1609.0 582.0 1681.0
ship 618.0 1511.0 667.0 1609.0
ship 660.0 1521.0 706.0 1611.0
ship 701.0 1526.0 742.0 1612.0
ship 542.0 1702.0 598.0 1739.0
ship 614.0 1620.0 655.0 1696.0
ship 647.0 1622.0 688.0 1701.0
ship 473.0 1803.0 513.0 1889.0
ship 464.0 1914.0 491.0 1979.0
ship 1293.0 2065.0 1328.0 2142.0
ship 834.0 1983.0 871.0 2052.0
ship 1258.0 2070.0 1288.0 2132.0
ship 1219.0 2056.0 1260.0 2134.0
ship 1186.0 2062.0 1220.0 2124.0
ship 1149.0 2037.0 1188.0 2117.0
ship 1118.0 2038.0 1151.0 2106.0
ship 1081.0 2023.0 1120.0 2100.0
ship 1048.0 2027.0 1082.0 2095.0
ship 1007.0 2008.0 1047.0 2097.0
ship 977.0 2010.0 1016.0 2083.0
ship 880.0 1994.0 905.0 2060.0
ship 942.0 2004.0 978.0 2077.0
ship 908.0 1991.0 944.0 2071.0
ship 803.0 1972.0 840.0 2046.0
ship 493.0 1909.0 526.0 1987.0
ship 544.0 1822.0 585.0 1898.0
ship 579.0 1834.0 616.0 1909.0
ship 618.0 1846.0 648.0 1911.0
ship 650.0 1849.0 684.0 1921.0
ship 719.0 1856.0 754.0 1935.0
ship 769.0 1964.0 809.0 2050.0
ship 736.0 1969.0 768.0 2034.0
ship 699.0 1948.0 738.0 2030.0
ship 669.0 1955.0 698.0 2011.0
ship 629.0 1940.0 665.0 2016.0
ship 593.0 1933.0 629.0 2008.0
ship 562.0 1931.0 597.0 1994.0
harbor 166.0 285.0 1121.0 608.0
