small-vehicle 1817.0 2269.0 1840.0 2320.0
ship 712.0 1347.0 784.0 1434.0
ship 691.0 1189.0 772.0 1272.0
ship 621.0 1272.0 698.0 1354.0
ship 715.0 1204.0 804.0 1299.0
ship 749.0 1230.0 834.0 1325.0
ship 656.0 1293.0 732.0 1370.0
ship 681.0 1319.0 760.0 1399.0
ship 755.0 1369.0 816.0 1432.0
ship 952.0 1431.0 1013.0 1497.0
ship 762.0 1402.0 842.0 1494.0
ship 807.0 1282.0 897.0 1374.0
ship 836.0 1325.0 906.0 1401.0
ship 865.0 1337.0 951.0 1429.0
ship 856.0 1444.0 912.0 1506.0
ship 904.0 1388.0 961.0 1451.0
ship 598.0 1242.0 669.0 1323.0
ship 548.0 1218.0 640.0 1315.0
ship 657.0 1177.0 726.0 1246.0
ship 631.0 1134.0 713.0 1222.0
ship 531.0 1121.0 658.0 1261.0
ship 575.0 1676.0 662.0 1794.0
ship 548.0 1651.0 620.0 1760.0
ship 487.0 1630.0 590.0 1756.0
ship 566.0 1518.0 657.0 1635.0
ship 607.0 1544.0 692.0 1662.0
ship 643.0 1574.0 723.0 1682.0
ship 684.0 1608.0 755.0 1704.0
ship 620.0 1698.0 699.0 1800.0
ship 667.0 1720.0 730.0 1812.0
ship 735.0 1760.0 801.0 1851.0
ship 772.0 1780.0 831.0 1859.0
ship 753.0 1656.0 816.0 1741.0
ship 925.0 1416.0 977.0 1473.0
ship 984.0 1448.0 1045.0 1510.0
ship 237.0 2254.0 269.0 2291.0
ship 1169.0 1221.0 1232.0 1278.0
ship 1091.0 1273.0 1167.0 1348.0
ship 1128.0 1296.0 1190.0 1363.0
ship 1152.0 1329.0 1219.0 1393.0
ship 1185.0 1353.0 1237.0 1406.0
ship 1221.0 1283.0 1276.0 1335.0
ship 1188.0 1249.0 1248.0 1304.0
ship 1139.0 1190.0 1203.0 1245.0
ship 907.0 1492.0 961.0 1555.0
ship 1119.0 1146.0 1200.0 1223.0
ship 1096.0 1121.0 1166.0 1190.0
ship 1063.0 1106.0 1132.0 1169.0
ship 1040.0 1060.0 1118.0 1137.0
ship 1013.0 1030.0 1095.0 1110.0
ship 988.0 1003.0 1075.0 1080.0
ship 1118.0 1258.0 1153.0 1295.0
ship 1076.0 1244.0 1139.0 1307.0
ship 1061.0 1226.0 1124.0 1275.0
ship 1017.0 1186.0 1093.0 1262.0
ship 956.0 1128.0 1040.0 1207.0
ship 943.0 1099.0 1019.0 1172.0
ship 904.0 1070.0 989.0 1150.0
ship 880.0 1041.0 968.0 1119.0
ship 961.0 971.0 1051.0 1049.0
ship 862.0 1011.0 940.0 1084.0
ship 936.0 944.0 1031.0 1024.0
ship 823.0 988.0 909.0 1070.0
ship 787.0 952.0 895.0 1055.0
ship 884.0 883.0 965.0 966.0
ship 1013.0 1472.0 1073.0 1532.0
ship 957.0 1536.0 1015.0 1601.0
ship 933.0 1513.0 981.0 1568.0
ship 785.0 1666.0 856.0 1761.0
ship 820.0 1705.0 882.0 1782.0
ship 855.0 1720.0 918.0 1805.0
ship 856.0 2513.0 929.0 2622.0
ship 632.0 2385.0 711.0 2500.0
ship 671.0 2411.0 750.0 2517.0
ship 707.0 2438.0 777.0 2538.0
ship 746.0 2435.0 833.0 2557.0
ship 777.0 2458.0 861.0 2580.0
ship 814.0 2521.0 867.0 2597.0
ship 884.0 2526.0 974.0 2638.0
ship 804.0 1803.0 868.0 1887.0
ship 899.0 2246.0 959.0 2323.0
ship 860.0 2224.0 926.0 2303.0
ship 834.0 2206.0 894.0 2281.0
ship 803.0 2183.0 852.0 2246.0
ship 745.0 2166.0 823.0 2269.0
ship 724.0 2150.0 783.0 2232.0
ship 565.0 2367.0 635.0 2459.0
ship 529.0 2311.0 619.0 2443.0
ship 493.0 2307.0 571.0 2414.0
ship 417.0 2262.0 498.0 2376.0
ship 383.0 2257.0 458.0 2360.0
ship 340.0 2213.0 433.0 2338.0
ship 314.0 2200.0 395.0 2311.0
harbor 1630.0 177.0 1787.0 483.0
harbor 1285.0 243.0 1554.0 422.0
harbor 644.0 65.0 762.0 179.0
harbor 1515.0 417.0 1983.0 1006.0
harbor 1317.0 558.0 1784.0 1143.0
harbor 1082.0 701.0 1552.0 1246.0
harbor 796.0 891.0 1316.0 1440.0
harbor 568.0 1149.0 1129.0 1665.0
harbor 504.0 1521.0 1093.0 1965.0
harbor 163.0 1737.0 1020.0 2341.0
ship 687.0 2129.0 754.0 2220.0
ship 660.0 2111.0 722.0 2195.0
ship 635.0 2099.0 684.0 2166.0
ship 641.0 1980.0 708.0 2066.0
ship 844.0 1821.0 894.0 1885.0
ship 875.0 1840.0 937.0 1917.0
ship 921.0 1781.0 967.0 1832.0
ship 943.0 1793.0 992.0 1848.0
ship 904.0 1861.0 958.0 1943.0
ship 951.0 2195.0 990.0 2246.0
ship 909.0 2153.0 958.0 2216.0
ship 886.0 2128.0 940.0 2197.0
ship 846.0 2105.0 906.0 2177.0
ship 810.0 2058.0 882.0 2162.0
ship 781.0 2043.0 853.0 2140.0
ship 746.0 2027.0 813.0 2126.0
ship 712.0 2011.0 779.0 2107.0
ship 678.0 1993.0 744.0 2086.0
ship 604.0 1939.0 689.0 2045.0
ship 581.0 2066.0 657.0 2167.0
ship 575.0 1947.0 636.0 2027.0
ship 544.0 1913.0 611.0 2005.0
ship 507.0 1920.0 553.0 1982.0
ship 474.0 1887.0 536.0 1970.0
ship 439.0 1847.0 517.0 1949.0
ship 206.0 1705.0 283.0 1811.0
ship 239.0 1733.0 309.0 1826.0
ship 279.0 1782.0 329.0 1850.0
ship 375.0 1825.0 438.0 1904.0
ship 235.0 1843.0 381.0 1960.0
ship 366.0 1929.0 422.0 2001.0
ship 463.0 1988.0 514.0 2052.0
ship 484.0 2007.0 553.0 2106.0
ship 557.0 2045.0 623.0 2137.0
ship 1058.0 671.0 1193.0 789.0
ship 1189.0 741.0 1252.0 793.0
ship 1208.0 764.0 1273.0 820.0
ship 119.0 1928.0 319.0 2081.0
ship 1551.0 514.0 1626.0 584.0
ship 1646.0 510.0 1696.0 555.0
ship 1579.0 546.0 1645.0 605.0
ship 1658.0 536.0 1711.0 582.0
ship 1599.0 571.0 1654.0 627.0
ship 717.0 140.0 783.0 206.0
small-vehicle 85.0 2609.0 135.0 2646.0
ship 1398.0 311.0 1440.0 362.0
small-vehicle 363.0 2512.0 395.0 2550.0
small-vehicle 286.0 2541.0 321.0 2581.0
small-vehicle 11.0 2708.0 44.0 2749.0
small-vehicle 193.0 2664.0 232.0 2699.0
small-vehicle 263.0 2704.0 300.0 2737.0
small-vehicle 285.0 2715.0 321.0 2748.0
ship 1534.0 489.0 1604.0 549.0
ship 1620.0 475.0 1679.0 526.0
ship 1604.0 456.0 1655.0 500.0
ship 1518.0 458.0 1588.0 520.0
ship 1582.0 423.0 1635.0 469.0
ship 1500.0 396.0 1604.0 483.0
ship 1774.0 464.0 1832.0 501.0
ship 1732.0 408.0 1770.0 467.0
ship 1716.0 388.0 1754.0 413.0
ship 1698.0 355.0 1745.0 382.0
ship 1683.0 322.0 1731.0 352.0
ship 1657.0 256.0 1713.0 293.0
ship 1641.0 222.0 1691.0 258.0
ship 1632.0 192.0 1686.0 228.0
ship 1525.0 249.0 1563.0 303.0
ship 1498.0 259.0 1536.0 308.0
ship 1442.0 286.0 1486.0 344.0
small-vehicle 294.0 2727.0 342.0 2764.0
small-vehicle 1088.0 2522.0 1115.0 2559.0
small-vehicle 1103.0 2454.0 1127.0 2489.0
small-vehicle 1487.0 1253.0 1523.0 1284.0
ship 1025.0 1508.0 1073.0 1554.0
ship 798.0 585.0 839.0 622.0
small-vehicle 1886.0 167.0 1915.0 204.0
small-vehicle 1836.0 340.0 1867.0 389.0
small-vehicle 2037.0 745.0 2075.0 789.0
small-vehicle 2048.0 1077.0 2089.0 1114.0
small-vehicle 1986.0 1245.0 2037.0 1271.0
small-vehicle 1937.0 1249.0 1980.0 1269.0
small-vehicle 1837.0 1095.0 1875.0 1129.0
small-vehicle 1798.0 1125.0 1836.0 1160.0
small-vehicle 1696.0 1172.0 1751.0 1200.0
small-vehicle 1639.0 1188.0 1681.0 1212.0
small-vehicle 1586.0 1200.0 1632.0 1228.0
small-vehicle 1545.0 1215.0 1585.0 1248.0
small-vehicle 1447.0 1274.0 1489.0 1311.0
small-vehicle 1105.0 2389.0 1121.0 2424.0
small-vehicle 1398.0 1311.0 1436.0 1347.0
small-vehicle 1344.0 1361.0 1386.0 1401.0
small-vehicle 1209.0 1482.0 1248.0 1522.0
small-vehicle 1210.0 1726.0 1243.0 1750.0
small-vehicle 1221.0 1683.0 1263.0 1714.0
small-vehicle 1247.0 1645.0 1293.0 1669.0
small-vehicle 1085.0 1638.0 1114.0 1682.0
small-vehicle 1200.0 1746.0 1240.0 1768.0
small-vehicle 1072.0 1855.0 1093.0 1901.0
small-vehicle 1074.0 1954.0 1093.0 1987.0
small-vehicle 1081.0 2086.0 1103.0 2134.0
small-vehicle 1086.0 2144.0 1106.0 2191.0
small-vehicle 1088.0 2198.0 1111.0 2248.0
small-vehicle 1105.0 2334.0 1124.0 2368.0
ship 1424.0 301.0 1466.0 354.0
ship 1295.0 355.0 1364.0 410.0
ship 1235.0 801.0 1295.0 853.0
ship 1303.0 615.0 1363.0 669.0
ship 1348.0 1104.0 1427.0 1175.0
ship 1369.0 1137.0 1445.0 1203.0
ship 1412.0 1167.0 1458.0 1210.0
ship 1454.0 1092.0 1515.0 1144.0
ship 1466.0 1125.0 1523.0 1169.0
ship 1307.0 542.0 1406.0 625.0
ship 1377.0 562.0 1440.0 620.0
ship 1614.0 599.0 1683.0 664.0
ship 1400.0 597.0 1462.0 646.0
ship 1331.0 646.0 1394.0 697.0
ship 1348.0 667.0 1411.0 723.0
ship 1414.0 622.0 1482.0 677.0
ship 1443.0 648.0 1505.0 702.0
ship 1452.0 680.0 1516.0 737.0
ship 1420.0 1070.0 1471.0 1116.0
ship 1401.0 1029.0 1474.0 1087.0
ship 1314.0 1046.0 1383.0 1110.0
ship 1378.0 1006.0 1436.0 1057.0
ship 1354.0 983.0 1419.0 1031.0
ship 1258.0 989.0 1339.0 1059.0
ship 1254.0 963.0 1320.0 1021.0
ship 1337.0 943.0 1398.0 994.0
ship 1318.0 914.0 1383.0 969.0
ship 1226.0 930.0 1289.0 984.0
ship 1290.0 883.0 1361.0 944.0
ship 1206.0 899.0 1275.0 961.0
ship 1277.0 860.0 1338.0 914.0
ship 1254.0 823.0 1317.0 878.0
ship 1164.0 843.0 1234.0 901.0
ship 1113.0 779.0 1188.0 847.0
ship 1089.0 752.0 1171.0 823.0
ship 1375.0 727.0 1451.0 790.0
ship 1421.0 751.0 1478.0 804.0
ship 1475.0 717.0 1527.0 761.0
ship 1791.0 949.0 1835.0 999.0
ship 1681.0 559.0 1745.0 610.0
ship 1672.0 662.0 1726.0 705.0
ship 1686.0 684.0 1736.0 734.0
ship 1721.0 628.0 1771.0 668.0
ship 1696.0 717.0 1766.0 771.0
ship 1762.0 681.0 1817.0 721.0
ship 1713.0 742.0 1785.0 799.0
ship 1742.0 771.0 1800.0 824.0
ship 1757.0 794.0 1819.0 849.0
ship 1806.0 734.0 1860.0 777.0
ship 1857.0 820.0 1904.0 859.0
ship 1779.0 824.0 1843.0 882.0
ship 1840.0 931.0 1883.0 970.0
ship 1811.0 887.0 1877.0 944.0
ship 1758.0 959.0 1819.0 1020.0
ship 1494.0 732.0 1558.0 784.0
ship 1693.0 1019.0 1748.0 1062.0
ship 1624.0 1033.0 1679.0 1081.0
ship 1659.0 955.0 1723.0 1001.0
ship 1640.0 935.0 1697.0 984.0
ship 1614.0 902.0 1672.0 950.0
ship 1550.0 947.0 1620.0 1002.0
ship 1599.0 883.0 1649.0 926.0
ship 1575.0 853.0 1631.0 894.0
ship 1556.0 825.0 1612.0 874.0
ship 1466.0 832.0 1540.0 896.0
ship 1532.0 781.0 1613.0 844.0
ship 1459.0 806.0 1518.0 859.0
ship 1514.0 768.0 1572.0 817.0
ship 1422.0 780.0 1491.0 842.0
harbor 254.0 2182.0 958.0 2647.0
