small-vehicle 1454.0 4090.0 1476.0 4101.0 difficult
ship 2009.0 1824.0 2038.0 1864.0
ship 2138.0 1818.0 2163.0 1856.0
ship 2129.0 1877.0 2158.0 1918.0
ship 2116.0 1869.0 2140.0 1906.0
ship 2096.0 1856.0 2126.0 1899.0
ship 2082.0 1849.0 2107.0 1888.0
ship 2064.0 1844.0 2087.0 1879.0
ship 2027.0 1828.0 2056.0 1871.0
ship 1994.0 1812.0 2023.0 1856.0
ship 1824.0 1741.0 1850.0 1779.0
ship 1977.0 1803.0 2004.0 1848.0
ship 1959.0 1800.0 1985.0 1838.0
ship 1946.0 1791.0 1969.0 1829.0
ship 1926.0 1783.0 1956.0 1821.0
ship 1909.0 1774.0 1935.0 1816.0
ship 1892.0 1770.0 1915.0 1808.0
ship 1875.0 1759.0 1901.0 1800.0
ship 2165.0 1870.0 2184.0 1900.0
ship 2119.0 1805.0 2147.0 1847.0
ship 2103.0 1799.0 2129.0 1841.0
ship 2083.0 1802.0 2107.0 1835.0
ship 2127.0 1655.0 2149.0 1688.0
ship 2162.0 1671.0 2181.0 1707.0
ship 2156.0 1724.0 2173.0 1760.0
ship 1878.0 1707.0 1902.0 1743.0
ship 1896.0 1712.0 1922.0 1754.0
ship 1914.0 1719.0 1938.0 1758.0
ship 1929.0 1728.0 1956.0 1767.0
ship 1948.0 1734.0 1971.0 1773.0
ship 1964.0 1742.0 1991.0 1782.0
ship 1981.0 1748.0 2005.0 1789.0
ship 1998.0 1758.0 2024.0 1797.0
ship 2018.0 1764.0 2042.0 1801.0
ship 2033.0 1771.0 2059.0 1813.0
ship 2052.0 1780.0 2075.0 1817.0
ship 2070.0 1787.0 2093.0 1825.0
ship 1856.0 1753.0 1884.0 1795.0
ship 1863.0 1697.0 1889.0 1736.0
ship 1730.0 1807.0 1760.0 1850.0
ship 1554.0 1562.0 1581.0 1603.0
ship 1640.0 1602.0 1664.0 1640.0
ship 1598.0 1642.0 1627.0 1685.0
ship 1584.0 1633.0 1609.0 1672.0
ship 1623.0 1592.0 1648.0 1633.0
ship 1607.0 1585.0 1630.0 1623.0
ship 1588.0 1580.0 1612.0 1618.0
ship 1569.0 1573.0 1595.0 1610.0
ship 1548.0 1619.0 1574.0 1661.0
ship 1845.0 1688.0 1870.0 1728.0
ship 1513.0 1603.0 1544.0 1648.0
ship 1536.0 1559.0 1559.0 1596.0
ship 1482.0 1548.0 1538.0 1637.0
ship 1631.0 1767.0 1655.0 1804.0
ship 1645.0 1773.0 1670.0 1812.0
ship 1662.0 1779.0 1689.0 1823.0
ship 1682.0 1787.0 1706.0 1823.0
ship 1659.0 1608.0 1683.0 1646.0
ship 1672.0 1615.0 1699.0 1656.0
ship 1638.0 1661.0 1660.0 1695.0
ship 1650.0 1662.0 1678.0 1705.0
ship 1827.0 1684.0 1852.0 1722.0
ship 1794.0 1668.0 1819.0 1707.0
ship 1772.0 1716.0 1797.0 1757.0
ship 1756.0 1710.0 1780.0 1748.0
ship 1736.0 1702.0 1763.0 1745.0
ship 1719.0 1695.0 1745.0 1735.0
ship 1776.0 1660.0 1802.0 1702.0
ship 1761.0 1653.0 1785.0 1690.0
ship 1742.0 1645.0 1767.0 1684.0
ship 1725.0 1638.0 1751.0 1678.0
ship 1706.0 1685.0 1730.0 1724.0
ship 1688.0 1676.0 1714.0 1716.0
ship 1708.0 1632.0 1733.0 1670.0
ship 1691.0 1627.0 1715.0 1663.0
ship 1670.0 1672.0 1695.0 1712.0
ship 599.0 4412.0 630.0 4462.0
ship 637.0 4420.0 652.0 4456.0
ship 750.0 4428.0 763.0 4459.0
ship 466.0 4208.0 500.0 4265.0
ship 591.0 4269.0 623.0 4319.0
ship 572.0 4259.0 604.0 4309.0
ship 549.0 4244.0 584.0 4300.0
ship 530.0 4243.0 562.0 4290.0
ship 507.0 4227.0 542.0 4282.0
ship 558.0 4183.0 588.0 4229.0
ship 520.0 4166.0 549.0 4212.0
ship 497.0 4153.0 529.0 4204.0
ship 721.0 4472.0 747.0 4484.0
ship 459.0 4138.0 489.0 4186.0
ship 403.0 4184.0 438.0 4238.0
ship 382.0 4177.0 415.0 4231.0
ship 364.0 4166.0 397.0 4221.0
ship 441.0 4130.0 469.0 4177.0
ship 419.0 4120.0 451.0 4172.0
ship 379.0 4106.0 412.0 4155.0
ship 599.0 4201.0 629.0 4245.0
ship 619.0 4206.0 649.0 4256.0
ship 636.0 4212.0 670.0 4265.0
ship 656.0 4227.0 686.0 4276.0
ship 802.0 4353.0 823.0 4385.0
ship 784.0 4345.0 810.0 4381.0
ship 835.0 4306.0 863.0 4352.0
ship 813.0 4291.0 848.0 4345.0
ship 794.0 4287.0 825.0 4336.0
ship 774.0 4273.0 808.0 4327.0
ship 753.0 4267.0 785.0 4317.0
ship 733.0 4261.0 765.0 4308.0
ship 715.0 4249.0 748.0 4298.0
ship 741.0 4333.0 768.0 4376.0
ship 695.0 4308.0 729.0 4362.0
ship 654.0 4290.0 688.0 4344.0
ship 633.0 4283.0 666.0 4338.0
ship 610.0 4277.0 645.0 4336.0
ship 679.0 4234.0 706.0 4282.0
ship 341.0 4155.0 377.0 4211.0
ship 324.0 4147.0 355.0 4198.0
ship 302.0 4136.0 337.0 4187.0
ship 430.0 4339.0 467.0 4394.0
ship 473.0 4356.0 508.0 4410.0
ship 495.0 4366.0 529.0 4417.0
ship 516.0 4372.0 551.0 4427.0
ship 536.0 4383.0 570.0 4437.0
ship 557.0 4394.0 591.0 4445.0
ship 558.0 4457.0 591.0 4479.0
ship 600.0 4469.0 626.0 4481.0
ship 785.0 4483.0 817.0 4505.0
ship 833.0 4503.0 860.0 4523.0
ship 872.0 4475.0 896.0 4509.0
ship 858.0 4471.0 880.0 4501.0
ship 843.0 4459.0 866.0 4497.0
ship 813.0 4447.0 836.0 4485.0
ship 797.0 4445.0 819.0 4476.0
ship 782.0 4433.0 806.0 4472.0
ship 453.0 4347.0 487.0 4403.0
ship 411.0 4328.0 447.0 4385.0
ship 357.0 4097.0 392.0 4144.0
ship 390.0 4324.0 422.0 4372.0
ship 340.0 4086.0 372.0 4134.0
ship 323.0 4082.0 350.0 4127.0
ship 300.0 4067.0 335.0 4120.0
ship 282.0 4064.0 311.0 4112.0
ship 262.0 4053.0 290.0 4100.0
ship 241.0 4046.0 272.0 4094.0
ship 205.0 4031.0 232.0 4076.0
ship 184.0 4020.0 213.0 4065.0
ship 175.0 4014.0 196.0 4044.0
ship 162.0 4005.0 179.0 4054.0
ship 205.0 4087.0 253.0 4120.0
ship 154.0 4065.0 204.0 4100.0
ship 321.0 4293.0 360.0 4356.0
ship 347.0 4302.0 383.0 4356.0
ship 370.0 4314.0 404.0 4365.0
ship 1696.0 1795.0 1724.0 1838.0
ship 1763.0 1826.0 1792.0 1869.0
ship 1227.0 3799.0 1242.0 3827.0
ship 1791.0 2004.0 1819.0 2048.0
ship 1737.0 2042.0 1766.0 2086.0
ship 1754.0 2051.0 1784.0 2095.0
ship 1773.0 2058.0 1804.0 2103.0
ship 1791.0 2066.0 1820.0 2110.0
ship 1809.0 2074.0 1839.0 2119.0
ship 1827.0 2082.0 1857.0 2126.0
ship 1849.0 2088.0 1875.0 2131.0
ship 1809.0 2015.0 1836.0 2055.0
ship 1900.0 2111.0 1933.0 2156.0
ship 1824.0 2022.0 1853.0 2064.0
ship 1841.0 2028.0 1870.0 2071.0
ship 1859.0 2035.0 1888.0 2080.0
ship 1878.0 2044.0 1904.0 2084.0
ship 1895.0 2051.0 1922.0 2090.0
ship 1909.0 2058.0 1938.0 2102.0
ship 1886.0 2103.0 1913.0 2144.0
ship 1778.0 1999.0 1801.0 2037.0
ship 1759.0 1992.0 1782.0 2027.0
ship 1720.0 2033.0 1748.0 2079.0
ship 1701.0 2028.0 1728.0 2070.0
ship 1567.0 1906.0 1598.0 1952.0
ship 1585.0 1917.0 1614.0 1959.0
ship 1603.0 1927.0 1628.0 1967.0
ship 1592.0 1982.0 1619.0 2024.0
ship 1608.0 1987.0 1637.0 2032.0
ship 1629.0 1996.0 1657.0 2039.0
ship 1645.0 2001.0 1678.0 2048.0
ship 1663.0 2012.0 1693.0 2058.0
ship 1620.0 1933.0 1647.0 1975.0
ship 1636.0 1938.0 1664.0 1981.0
ship 1654.0 1945.0 1681.0 1988.0
ship 1670.0 1952.0 1698.0 1996.0
ship 1689.0 1961.0 1716.0 2004.0
ship 1706.0 1970.0 1733.0 2011.0
ship 1683.0 2020.0 1711.0 2064.0
ship 1928.0 2068.0 1954.0 2107.0
ship 1947.0 2074.0 1972.0 2111.0
ship 1784.0 1832.0 1808.0 1871.0
ship 1418.0 3096.0 1442.0 3128.0
ship 1361.0 3067.0 1389.0 3110.0
ship 1607.0 3074.0 1660.0 3119.0
ship 1543.0 3057.0 1581.0 3091.0
ship 1389.0 3078.0 1419.0 3120.0
ship 1406.0 3041.0 1434.0 3084.0
ship 1426.0 3053.0 1450.0 3085.0
ship 1410.0 3092.0 1432.0 3125.0
ship 1451.0 3062.0 1473.0 3095.0
ship 1922.0 2122.0 1949.0 2161.0
ship 1460.0 3067.0 1481.0 3100.0
ship 1434.0 3101.0 1455.0 3135.0
ship 1443.0 3102.0 1465.0 3136.0
ship 1460.0 3113.0 1479.0 3142.0
ship 1473.0 3073.0 1498.0 3111.0
ship 1511.0 3072.0 1542.0 3119.0
ship 1483.0 3123.0 1505.0 3157.0
ship 1378.0 3030.0 1406.0 3071.0
ship 1356.0 3024.0 1385.0 3067.0
ship 1347.0 3064.0 1368.0 3096.0
ship 1322.0 3059.0 1347.0 3089.0
ship 2040.0 2197.0 2061.0 2227.0
ship 2054.0 2169.0 2073.0 2196.0
ship 1998.0 2095.0 2026.0 2138.0
ship 2012.0 2100.0 2041.0 2146.0
ship 1959.0 2134.0 1983.0 2178.0
ship 1972.0 2143.0 2004.0 2189.0
ship 1992.0 2151.0 2022.0 2195.0
ship 1266.0 3037.0 1285.0 3066.0
ship 1276.0 3041.0 1294.0 3070.0
ship 1279.0 2989.0 1312.0 3040.0
ship 1288.0 3047.0 1308.0 3077.0
ship 1298.0 3050.0 1318.0 3079.0
ship 1316.0 3008.0 1335.0 3037.0
ship 1328.0 3012.0 1358.0 3054.0
ship 1314.0 3053.0 1337.0 3084.0
ship 1553.0 1902.0 1578.0 1941.0
ship 1573.0 1973.0 1601.0 2016.0
ship 1519.0 1946.0 1548.0 1991.0
ship 1896.0 1941.0 1924.0 1985.0
ship 2034.0 2001.0 2061.0 2044.0
ship 2000.0 1985.0 2028.0 2029.0
ship 1983.0 1978.0 2011.0 2021.0
ship 1966.0 1971.0 1992.0 2012.0
ship 1947.0 1963.0 1975.0 2005.0
ship 1934.0 1956.0 1958.0 1996.0
ship 1915.0 1947.0 1942.0 1991.0
ship 1877.0 1933.0 1905.0 1978.0
ship 1532.0 1892.0 1562.0 1936.0
ship 1844.0 1918.0 1872.0 1963.0
ship 1829.0 1912.0 1856.0 1955.0
ship 1814.0 1904.0 1837.0 1942.0
ship 1791.0 1898.0 1823.0 1943.0
ship 1779.0 1889.0 1804.0 1929.0
ship 1759.0 1881.0 1787.0 1927.0
ship 1740.0 1872.0 1771.0 1919.0
ship 2052.0 2007.0 2079.0 2052.0
ship 2094.0 1969.0 2119.0 2008.0
ship 2076.0 1961.0 2101.0 2001.0
ship 2057.0 1949.0 2084.0 1993.0
ship 1797.0 1839.0 1825.0 1883.0
ship 1817.0 1845.0 1844.0 1887.0
ship 1832.0 1851.0 1862.0 1894.0
ship 1855.0 1863.0 1876.0 1895.0
ship 1870.0 1868.0 1897.0 1906.0
ship 1885.0 1875.0 1912.0 1917.0
ship 1900.0 1885.0 1930.0 1928.0
ship 1921.0 1893.0 1944.0 1929.0
ship 1937.0 1900.0 1963.0 1942.0
ship 1955.0 1905.0 1982.0 1948.0
ship 1972.0 1915.0 1998.0 1957.0
ship 1991.0 1923.0 2013.0 1959.0
ship 1999.0 1930.0 2032.0 1969.0
ship 2021.0 1937.0 2049.0 1977.0
ship 2039.0 1944.0 2066.0 1986.0
ship 1707.0 1861.0 1734.0 1905.0
ship 1694.0 1851.0 1718.0 1891.0
ship 1658.0 1839.0 1683.0 1879.0
ship 1491.0 1707.0 1516.0 1748.0
ship 1376.0 1688.0 1406.0 1730.0
ship 1418.0 1684.0 1479.0 1782.0
ship 1428.0 1907.0 1457.0 1952.0
ship 1410.0 1899.0 1440.0 1944.0
ship 1392.0 1895.0 1417.0 1935.0
ship 1358.0 1826.0 1420.0 1923.0
ship 1413.0 1844.0 1442.0 1884.0
ship 1431.0 1849.0 1458.0 1891.0
ship 1449.0 1860.0 1475.0 1898.0
ship 1467.0 1864.0 1493.0 1904.0
ship 1484.0 1874.0 1508.0 1913.0
ship 1447.0 1915.0 1475.0 1962.0
ship 1464.0 1923.0 1493.0 1970.0
ship 1482.0 1929.0 1512.0 1974.0
ship 1518.0 1886.0 1544.0 1925.0
ship 1473.0 1700.0 1499.0 1741.0
ship 1525.0 1720.0 1552.0 1764.0
ship 1676.0 1847.0 1700.0 1884.0
ship 1453.0 1749.0 1478.0 1789.0
ship 1625.0 1823.0 1649.0 1861.0
ship 1608.0 1816.0 1632.0 1855.0
ship 1588.0 1808.0 1615.0 1853.0
ship 1575.0 1801.0 1599.0 1839.0
ship 1553.0 1797.0 1579.0 1836.0
ship 1538.0 1788.0 1563.0 1827.0
ship 1520.0 1775.0 1547.0 1818.0
ship 1614.0 1754.0 1639.0 1795.0
ship 1593.0 1750.0 1620.0 1794.0
ship 1577.0 1743.0 1604.0 1785.0
ship 1558.0 1735.0 1585.0 1777.0
ship 1541.0 1729.0 1568.0 1771.0
ship 1504.0 1773.0 1530.0 1811.0
ship 1487.0 1761.0 1514.0 1803.0
ship 1471.0 1753.0 1497.0 1796.0
ship 814.0 4358.0 839.0 4397.0
ship 1185.0 3790.0 1223.0 3852.0
ship 1916.0 1564.0 1938.0 1597.0
ship 2040.0 1527.0 2061.0 1558.0
ship 1995.0 1455.0 2020.0 1492.0
ship 2013.0 1462.0 2035.0 1497.0
ship 1965.0 1494.0 1984.0 1523.0
ship 1977.0 1499.0 2002.0 1534.0
ship 1995.0 1504.0 2016.0 1538.0
ship 2009.0 1514.0 2030.0 1546.0
ship 2025.0 1519.0 2048.0 1553.0
ship 2053.0 1531.0 2078.0 1567.0
ship 2044.0 1475.0 2065.0 1509.0
ship 2069.0 1536.0 2091.0 1572.0
ship 2084.0 1545.0 2105.0 1576.0
ship 2099.0 1548.0 2120.0 1584.0
ship 2115.0 1558.0 2138.0 1591.0
ship 2133.0 1564.0 2150.0 1596.0
ship 2146.0 1571.0 2165.0 1603.0
ship 2175.0 1586.0 2191.0 1624.0
ship 1983.0 1448.0 2005.0 1482.0
ship 1966.0 1442.0 1991.0 1478.0
ship 1952.0 1436.0 1976.0 1471.0
ship 1938.0 1430.0 1961.0 1462.0
ship 1826.0 1434.0 1850.0 1468.0
ship 1841.0 1441.0 1865.0 1477.0
ship 1857.0 1446.0 1881.0 1481.0
ship 1872.0 1456.0 1897.0 1491.0
ship 1846.0 1394.0 1867.0 1427.0
ship 1861.0 1396.0 1887.0 1432.0
ship 1879.0 1405.0 1900.0 1434.0
ship 1892.0 1409.0 1913.0 1442.0
ship 1908.0 1418.0 1929.0 1452.0
ship 1887.0 1455.0 1912.0 1494.0
ship 1923.0 1422.0 1946.0 1455.0
ship 1903.0 1467.0 1926.0 1500.0
ship 1916.0 1470.0 1942.0 1507.0
ship 1934.0 1476.0 1959.0 1513.0
ship 1948.0 1485.0 1970.0 1519.0
ship 2026.0 1465.0 2051.0 1504.0
ship 2057.0 1481.0 2080.0 1516.0
ship 1809.0 1000.0 1827.0 1028.0
ship 1872.0 1115.0 1893.0 1145.0
ship 1821.0 1145.0 1843.0 1179.0
ship 1825.0 1092.0 1849.0 1129.0
ship 1841.0 1097.0 1866.0 1135.0
ship 1858.0 1107.0 1878.0 1141.0
ship 1836.0 1153.0 1859.0 1187.0
ship 1851.0 1158.0 1873.0 1193.0
ship 1867.0 1162.0 1890.0 1200.0
ship 1886.0 1118.0 1909.0 1154.0
ship 2072.0 1490.0 2094.0 1522.0
ship 1897.0 1176.0 1920.0 1211.0
ship 1926.0 1189.0 1950.0 1225.0
ship 1913.0 1181.0 1936.0 1216.0
ship 1917.0 1129.0 1940.0 1165.0
ship 1948.0 1146.0 1970.0 1177.0
ship 1854.0 1014.0 1877.0 1050.0
ship 1839.0 1011.0 1862.0 1044.0
ship 1805.0 1135.0 1830.0 1172.0
ship 1791.0 1129.0 1816.0 1166.0
ship 1777.0 1130.0 1797.0 1157.0
ship 1811.0 1087.0 1831.0 1120.0
ship 2086.0 1495.0 2111.0 1531.0
ship 2102.0 1502.0 2126.0 1538.0
ship 2116.0 1508.0 2140.0 1544.0
ship 2133.0 1514.0 2156.0 1550.0
ship 2148.0 1522.0 2170.0 1556.0
ship 2163.0 1528.0 2187.0 1563.0
ship 2187.0 1538.0 2200.0 1569.0
ship 2204.0 1539.0 2217.0 1566.0
ship 1708.0 1051.0 1754.0 1129.0
ship 1731.0 1103.0 1756.0 1136.0
ship 1747.0 1110.0 1769.0 1143.0
ship 1750.0 1063.0 1772.0 1094.0
ship 1764.0 1067.0 1787.0 1104.0
ship 1760.0 1117.0 1784.0 1153.0
ship 1797.0 1082.0 1817.0 1110.0
ship 1815.0 1428.0 1834.0 1457.0
ship 1797.0 1419.0 1820.0 1455.0
ship 1783.0 1414.0 1806.0 1448.0
ship 1835.0 1585.0 1860.0 1622.0
ship 1973.0 1639.0 1999.0 1681.0
ship 1954.0 1637.0 1979.0 1676.0
ship 1921.0 1621.0 1945.0 1657.0
ship 1903.0 1612.0 1929.0 1651.0
ship 1887.0 1605.0 1912.0 1642.0
ship 1871.0 1597.0 1896.0 1637.0
ship 1852.0 1588.0 1880.0 1630.0
ship 1818.0 1575.0 1844.0 1614.0
ship 1765.0 1406.0 1791.0 1445.0
ship 1811.0 1519.0 1831.0 1546.0
ship 1784.0 1559.0 1809.0 1596.0
ship 1768.0 1553.0 1793.0 1589.0
ship 1750.0 1546.0 1774.0 1582.0
ship 1794.0 1511.0 1818.0 1547.0
ship 1749.0 1493.0 1772.0 1528.0
ship 1764.0 1499.0 1786.0 1533.0
ship 1991.0 1649.0 2016.0 1687.0
ship 2025.0 1662.0 2051.0 1700.0
ship 2042.0 1670.0 2067.0 1709.0
ship 2056.0 1679.0 2083.0 1720.0
ship 1945.0 1576.0 1967.0 1612.0
ship 1962.0 1582.0 1985.0 1620.0
ship 1975.0 1589.0 1997.0 1625.0
ship 1991.0 1595.0 2015.0 1630.0
ship 2007.0 1602.0 2029.0 1635.0
ship 2022.0 1606.0 2045.0 1641.0
ship 2052.0 1620.0 2074.0 1653.0
ship 2064.0 1627.0 2088.0 1664.0
ship 2081.0 1635.0 2103.0 1670.0
ship 2095.0 1642.0 2118.0 1676.0
ship 2110.0 1649.0 2135.0 1683.0
ship 2127.0 1709.0 2152.0 1747.0
ship 2092.0 1691.0 2119.0 1730.0
ship 2111.0 1700.0 2137.0 1738.0
ship 2076.0 1686.0 2102.0 1724.0
ship 1733.0 1539.0 1759.0 1577.0
ship 1734.0 1484.0 1757.0 1520.0
ship 1718.0 1476.0 1746.0 1516.0
ship 1690.0 1376.0 1715.0 1415.0
ship 1662.0 1363.0 1686.0 1398.0
ship 1646.0 1354.0 1670.0 1389.0
ship 1634.0 1356.0 1651.0 1380.0
ship 1665.0 1312.0 1689.0 1346.0
ship 1681.0 1320.0 1703.0 1353.0
ship 1695.0 1323.0 1719.0 1359.0
ship 1712.0 1331.0 1734.0 1365.0
ship 1726.0 1338.0 1748.0 1372.0
ship 1743.0 1344.0 1764.0 1377.0
ship 1756.0 1351.0 1780.0 1385.0
ship 1772.0 1358.0 1792.0 1391.0
ship 1787.0 1365.0 1808.0 1399.0
ship 1802.0 1370.0 1823.0 1403.0
ship 1738.0 1395.0 1760.0 1428.0
ship 1752.0 1398.0 1778.0 1438.0
ship 1674.0 1370.0 1700.0 1406.0
ship 1709.0 1382.0 1730.0 1412.0
ship 1717.0 1529.0 1742.0 1566.0
ship 1723.0 1387.0 1746.0 1423.0
ship 1680.0 1514.0 1706.0 1554.0
ship 1664.0 1508.0 1689.0 1547.0
ship 1643.0 1498.0 1675.0 1539.0
ship 1629.0 1492.0 1656.0 1533.0
ship 1612.0 1485.0 1638.0 1525.0
ship 1594.0 1479.0 1621.0 1518.0
ship 1579.0 1472.0 1603.0 1507.0
ship 1689.0 1464.0 1712.0 1500.0
ship 1675.0 1458.0 1697.0 1492.0
ship 1644.0 1444.0 1668.0 1480.0
ship 1627.0 1440.0 1653.0 1475.0
ship 1613.0 1434.0 1637.0 1469.0
ship 1599.0 1428.0 1621.0 1461.0
ship 1546.0 1416.0 1602.0 1500.0
ship 1604.0 1294.0 1654.0 1373.0
ship 1825.0 1001.0 1847.0 1035.0
ship 1796.0 990.0 1819.0 1023.0
ship 1164.0 3782.0 1203.0 3847.0
ship 1888.0 1318.0 1911.0 1354.0
ship 2000.0 1310.0 2023.0 1347.0
ship 1958.0 1291.0 1977.0 1323.0
ship 1966.0 1354.0 1986.0 1383.0
ship 1950.0 1346.0 1970.0 1375.0
ship 1935.0 1338.0 1957.0 1372.0
ship 1920.0 1332.0 1941.0 1361.0
ship 1904.0 1324.0 1927.0 1359.0
ship 1938.0 1283.0 1963.0 1322.0
ship 1816.0 1286.0 1837.0 1318.0
ship 1910.0 1271.0 1933.0 1306.0
ship 1893.0 1267.0 1914.0 1303.0
ship 1879.0 1258.0 1904.0 1293.0
ship 1859.0 1303.0 1884.0 1339.0
ship 1845.0 1295.0 1868.0 1329.0
ship 1865.0 1251.0 1887.0 1286.0
ship 1848.0 1245.0 1873.0 1282.0
ship 1980.0 1357.0 2002.0 1391.0
ship 2011.0 1368.0 2034.0 1402.0
ship 2024.0 1375.0 2047.0 1411.0
ship 2039.0 1381.0 2065.0 1421.0
ship 2181.0 1393.0 2203.0 1428.0
ship 2121.0 1364.0 2141.0 1398.0
ship 2105.0 1357.0 2126.0 1392.0
ship 2030.0 1325.0 2052.0 1358.0
ship 2045.0 1332.0 2067.0 1366.0
ship 2059.0 1337.0 2082.0 1371.0
ship 2075.0 1342.0 2097.0 1379.0
ship 2162.0 1435.0 2184.0 1468.0
ship 2146.0 1428.0 2168.0 1461.0
ship 2130.0 1420.0 2154.0 1457.0
ship 2115.0 1417.0 2137.0 1452.0
ship 2101.0 1409.0 2123.0 1442.0
ship 2084.0 1402.0 2108.0 1438.0
ship 2071.0 1393.0 2094.0 1429.0
ship 2057.0 1389.0 2077.0 1421.0
ship 1830.0 1290.0 1854.0 1326.0
ship 1797.0 1278.0 1823.0 1315.0
ship 1779.0 978.0 1807.0 1018.0
ship 1058.0 3822.0 1089.0 3870.0
ship 949.0 3770.0 985.0 3826.0
ship 972.0 3778.0 1006.0 3834.0
ship 1004.0 3715.0 1045.0 3779.0
ship 1035.0 3718.0 1072.0 3779.0
ship 1052.0 3728.0 1092.0 3794.0
ship 990.0 3791.0 1028.0 3851.0
ship 1032.0 3812.0 1069.0 3871.0
ship 1075.0 3749.0 1113.0 3811.0
ship 1818.0 1232.0 1841.0 1266.0
ship 1096.0 3743.0 1140.0 3815.0
ship 1121.0 3761.0 1162.0 3823.0
ship 1097.0 3835.0 1135.0 3895.0
ship 1122.0 3844.0 1156.0 3896.0
ship 1142.0 3852.0 1178.0 3910.0
ship 1160.0 3860.0 1196.0 3918.0
ship 1141.0 3767.0 1183.0 3832.0
ship 927.0 3763.0 963.0 3819.0
ship 112.0 3794.0 153.0 3910.0
ship 171.0 3812.0 207.0 3866.0
ship 192.0 3819.0 228.0 3877.0
ship 1785.0 1274.0 1805.0 1302.0
ship 1769.0 1266.0 1791.0 1297.0
ship 1804.0 1225.0 1827.0 1260.0
ship 1752.0 1256.0 1777.0 1292.0
ship 1739.0 1248.0 1764.0 1283.0
ship 1708.0 1241.0 1728.0 1272.0
ship 1742.0 1198.0 1766.0 1235.0
ship 1727.0 1194.0 1750.0 1227.0
ship 1692.0 1231.0 1717.0 1267.0
ship 1710.0 1188.0 1737.0 1223.0
ship 1697.0 1185.0 1718.0 1217.0
ship 192.0 3889.0 226.0 3938.0
ship 175.0 3882.0 204.0 3928.0
ship 159.0 3875.0 175.0 3914.0
ship 212.0 3830.0 246.0 3885.0
ship 2168.0 1380.0 2189.0 1415.0
ship 2150.0 1376.0 2174.0 1413.0
ship 2136.0 1371.0 2157.0 1403.0
ship 2174.0 1150.0 2195.0 1184.0
ship 2054.0 1046.0 2078.0 1084.0
ship 2071.0 1054.0 2094.0 1088.0
ship 2086.0 1066.0 2106.0 1097.0
ship 2099.0 1070.0 2123.0 1104.0
ship 2233.0 1183.0 2251.0 1211.0
ship 2221.0 1171.0 2239.0 1205.0
ship 2202.0 1163.0 2225.0 1200.0
ship 2156.0 1145.0 2179.0 1182.0
ship 2214.0 1311.0 2226.0 1343.0
ship 2128.0 1138.0 2148.0 1166.0
ship 2146.0 1076.0 2163.0 1117.0
ship 1960.0 1061.0 1983.0 1096.0
ship 1975.0 1065.0 1999.0 1100.0
ship 1992.0 1073.0 2013.0 1105.0
ship 2003.0 1079.0 2029.0 1116.0
ship 2033.0 1092.0 2059.0 1130.0
ship 2038.0 1031.0 2066.0 1076.0
ship 2012.0 1019.0 2049.0 1069.0
ship 1998.0 1016.0 2025.0 1056.0
ship 1979.0 1005.0 2007.0 1047.0
ship 1800.0 928.0 1825.0 970.0
ship 1820.0 938.0 1848.0 983.0
ship 1839.0 945.0 1867.0 986.0
ship 1858.0 954.0 1888.0 998.0
ship 1879.0 963.0 1906.0 1004.0
ship 1901.0 973.0 1928.0 1014.0
ship 1872.0 1024.0 1891.0 1051.0
ship 1886.0 1030.0 1907.0 1061.0
ship 1902.0 1034.0 1921.0 1065.0
ship 1913.0 1041.0 1936.0 1079.0
ship 1919.0 975.0 1950.0 1023.0
ship 1939.0 989.0 1967.0 1034.0
ship 1932.0 1048.0 1951.0 1080.0
ship 1958.0 1000.0 1985.0 1042.0
ship 1947.0 1053.0 1968.0 1085.0
ship 2050.0 1103.0 2075.0 1138.0
ship 2064.0 1106.0 2089.0 1144.0
ship 2111.0 1127.0 2133.0 1163.0
ship 2080.0 1256.0 2099.0 1286.0
ship 2100.0 1216.0 2118.0 1242.0
ship 2095.0 1263.0 2114.0 1292.0
ship 2109.0 1268.0 2130.0 1299.0
ship 2124.0 1274.0 2144.0 1305.0
ship 2136.0 1283.0 2160.0 1317.0
ship 2154.0 1286.0 2176.0 1319.0
ship 2166.0 1292.0 2191.0 1330.0
ship 2185.0 1299.0 2206.0 1332.0
ship 2125.0 1223.0 2150.0 1260.0
ship 2142.0 1232.0 2164.0 1263.0
ship 2156.0 1237.0 2180.0 1271.0
ship 2171.0 1245.0 2195.0 1277.0
ship 2191.0 1250.0 2211.0 1279.0
ship 2203.0 1255.0 2228.0 1294.0
ship 2232.0 1304.0 2252.0 1332.0
ship 2081.0 1205.0 2105.0 1241.0
ship 2063.0 1249.0 2083.0 1283.0
ship 2100.0 1120.0 2119.0 1152.0
ship 2050.0 1246.0 2069.0 1275.0
ship 2081.0 1114.0 2104.0 1149.0
ship 1961.0 1152.0 1984.0 1185.0
ship 1941.0 1195.0 1966.0 1232.0
ship 1956.0 1200.0 1981.0 1235.0
ship 1976.0 1158.0 2000.0 1193.0
ship 2009.0 1170.0 2029.0 1200.0
ship 1973.0 1211.0 1993.0 1241.0
ship 1988.0 1218.0 2010.0 1249.0
ship 2003.0 1223.0 2024.0 1254.0
ship 2021.0 1177.0 2044.0 1213.0
ship 2035.0 1183.0 2059.0 1221.0
ship 2051.0 1192.0 2074.0 1227.0
ship 2066.0 1199.0 2089.0 1232.0
ship 2018.0 1228.0 2040.0 1261.0
ship 2034.0 1234.0 2058.0 1269.0
ship 1494.0 3125.0 1518.0 3163.0
ship 1456.0 3178.0 1495.0 3239.0
ship 1397.0 3158.0 1439.0 3222.0
ship 1374.0 3144.0 1417.0 3214.0
ship 914.0 3466.0 960.0 3537.0
ship 1181.0 3585.0 1221.0 3649.0
ship 1159.0 3577.0 1199.0 3639.0
ship 1116.0 3555.0 1155.0 3618.0
ship 1052.0 3525.0 1091.0 3587.0
ship 1026.0 3518.0 1066.0 3583.0
ship 964.0 3490.0 1002.0 3548.0
ship 939.0 3484.0 980.0 3547.0
ship 876.0 3452.0 916.0 3514.0
ship 592.0 3331.0 629.0 3388.0
ship 839.0 3431.0 874.0 3483.0
ship 804.0 3424.0 848.0 3498.0
ship 763.0 3411.0 802.0 3472.0
ship 721.0 3385.0 766.0 3450.0
ship 681.0 3371.0 716.0 3425.0
ship 656.0 3353.0 697.0 3424.0
ship 635.0 3345.0 679.0 3410.0
ship 1219.0 3604.0 1267.0 3684.0
ship 1247.0 3615.0 1293.0 3682.0
ship 1280.0 3525.0 1334.0 3605.0
ship 1258.0 3523.0 1302.0 3593.0
ship 619.0 4666.0 633.0 4704.0
ship 557.0 4600.0 605.0 4698.0
ship 206.0 4556.0 262.0 4672.0
ship 520.0 4594.0 565.0 4685.0
ship 481.0 4599.0 520.0 4679.0
ship 447.0 4604.0 492.0 4690.0
ship 298.0 4594.0 343.0 4686.0
ship 327.0 4580.0 368.0 4657.0
ship 254.0 4589.0 291.0 4668.0
ship 1105.0 3461.0 1147.0 3527.0
ship 1126.0 3470.0 1166.0 3533.0
ship 1147.0 3482.0 1191.0 3552.0
ship 1190.0 3503.0 1232.0 3560.0
ship 1208.0 3503.0 1256.0 3578.0
ship 1235.0 3508.0 1282.0 3582.0
ship 612.0 3335.0 654.0 3402.0
ship 562.0 3308.0 608.0 3384.0
harbor 1721.0 1054.0 2247.0 1341.0
harbor 1316.0 1987.0 2005.0 2362.0
harbor 1381.0 1836.0 2072.0 2207.0
harbor 1444.0 1694.0 2116.0 2056.0
harbor 1505.0 1550.0 2174.0 1911.0
harbor 1572.0 1421.0 2174.0 1747.0
harbor 1623.0 1300.0 2199.0 1613.0
harbor 1669.0 1175.0 2204.0 1468.0
harbor 1772.0 923.0 2166.0 1161.0
ship 594.0 3235.0 640.0 3309.0
harbor 1983.0 789.0 2082.0 934.0
harbor 1901.0 750.0 2002.0 897.0
harbor 1818.0 714.0 1918.0 862.0
harbor 1922.0 582.0 2175.0 731.0
harbor 2100.0 587.0 2311.0 613.0
harbor 2120.0 532.0 2315.0 558.0
harbor 2122.0 476.0 2305.0 500.0
harbor 1252.0 2144.0 1926.0 2512.0
harbor 1182.0 2303.0 1859.0 2675.0
harbor 1113.0 2461.0 1793.0 2837.0
harbor 1036.0 2626.0 1714.0 3012.0
ship 140.0 4424.0 182.0 4445.0
ship 144.0 4441.0 188.0 4466.0
ship 164.0 4545.0 192.0 4600.0
ship 180.0 4613.0 209.0 4671.0
harbor 643.0 4540.0 775.0 4606.0
harbor 224.0 4569.0 717.0 4722.0
harbor 82.0 4250.0 239.0 4590.0
harbor 336.0 4257.0 925.0 4597.0
harbor 97.0 3990.0 981.0 4461.0
harbor 78.0 3779.0 1058.0 4296.0
harbor 170.0 3602.0 1141.0 4115.0
harbor 320.0 3422.0 1225.0 3918.0
harbor 579.0 3244.0 1336.0 3688.0
harbor 786.0 3131.0 1401.0 3451.0
harbor 932.0 2858.0 1531.0 3247.0
ship 628.0 4618.0 664.0 4684.0
ship 690.0 4693.0 737.0 4711.0
ship 634.0 4548.0 677.0 4579.0
ship 1232.0 3066.0 1252.0 3097.0
ship 1255.0 3123.0 1285.0 3168.0
ship 1295.0 3102.0 1313.0 3131.0
ship 1277.0 3091.0 1300.0 3124.0
ship 1266.0 3087.0 1290.0 3119.0
ship 1245.0 3078.0 1271.0 3112.0
ship 1227.0 3109.0 1259.0 3158.0
ship 1205.0 3098.0 1240.0 3148.0
ship 1199.0 3052.0 1226.0 3086.0
ship 679.0 4546.0 713.0 4571.0
ship 1182.0 3089.0 1209.0 3130.0
ship 1155.0 3044.0 1205.0 3121.0
ship 1133.0 3037.0 1181.0 3115.0
ship 1112.0 3024.0 1153.0 3103.0
ship 1092.0 3012.0 1134.0 3078.0
ship 1058.0 3004.0 1109.0 3080.0
ship 1015.0 3020.0 1046.0 3065.0
ship 1278.0 3129.0 1306.0 3173.0
ship 1302.0 3112.0 1346.0 3190.0
ship 1352.0 3115.0 1397.0 3146.0
ship 1346.0 3128.0 1391.0 3159.0
ship 1342.0 3153.0 1384.0 3218.0
ship 1325.0 3143.0 1359.0 3193.0
ship 1035.0 2983.0 1062.0 3022.0
ship 992.0 3002.0 1019.0 3044.0
ship 964.0 2970.0 1010.0 3038.0
ship 948.0 3395.0 991.0 3460.0
ship 907.0 3375.0 950.0 3442.0
ship 884.0 3364.0 929.0 3437.0
ship 867.0 3364.0 901.0 3418.0
ship 818.0 3327.0 866.0 3404.0
ship 799.0 3337.0 836.0 3396.0
ship 774.0 3320.0 818.0 3383.0
ship 755.0 3309.0 797.0 3375.0
ship 733.0 3311.0 769.0 3367.0
ship 710.0 3289.0 750.0 3357.0
ship 689.0 3283.0 730.0 3346.0
ship 669.0 3275.0 707.0 3335.0
ship 649.0 3261.0 686.0 3322.0
ship 623.0 3252.0 664.0 3319.0
ship 921.0 4510.0 941.0 4538.0
ship 651.0 4531.0 684.0 4558.0
ship 930.0 3386.0 968.0 3447.0
ship 993.0 3416.0 1033.0 3480.0
ship 944.0 2953.0 994.0 3028.0
ship 1017.0 3430.0 1064.0 3492.0
ship 1030.0 3263.0 1061.0 3304.0
ship 1056.0 3267.0 1079.0 3299.0
ship 1047.0 3209.0 1182.0 3289.0
ship 1134.0 3307.0 1165.0 3351.0
ship 1158.0 3318.0 1188.0 3360.0
ship 1199.0 3329.0 1233.0 3378.0
ship 1246.0 3349.0 1275.0 3392.0
ship 1262.0 3358.0 1298.0 3412.0
ship 1395.0 3239.0 1467.0 3351.0
ship 1298.0 3324.0 1384.0 3376.0
ship 1295.0 3372.0 1316.0 3404.0
ship 1391.0 3431.0 1411.0 3459.0
ship 1372.0 3419.0 1397.0 3458.0
ship 1080.0 3446.0 1124.0 3516.0
ship 1060.0 3455.0 1094.0 3511.0
ship 1653.0 1170.0 1701.0 1245.0
ship 1932.0 1569.0 1954.0 1604.0
ship 1900.0 1561.0 1922.0 1593.0
ship 577.0 4404.0 611.0 4457.0
small-vehicle 2092.0 2309.0 2115.0 2318.0
small-vehicle 2055.0 2410.0 2074.0 2422.0
small-vehicle 2059.0 2401.0 2078.0 2410.0
small-vehicle 2086.0 2378.0 2102.0 2386.0
small-vehicle 2071.0 2370.0 2090.0 2380.0
small-vehicle 2125.0 2394.0 2144.0 2416.0
small-vehicle 2152.0 2368.0 2171.0 2389.0
small-vehicle 2111.0 2316.0 2131.0 2326.0
large-vehicle 2151.0 2307.0 2172.0 2331.0
small-vehicle 1914.0 2656.0 1929.0 2675.0 difficult
small-vehicle 2162.0 2288.0 2181.0 2310.0
small-vehicle 2170.0 2268.0 2190.0 2292.0
small-vehicle 2137.0 2224.0 2156.0 2234.0
small-vehicle 2199.0 2243.0 2219.0 2263.0
small-vehicle 2216.0 2217.0 2231.0 2235.0
small-vehicle 2186.0 2226.0 2206.0 2248.0
small-vehicle 2195.0 2207.0 2215.0 2227.0
small-vehicle 2069.0 2427.0 2088.0 2441.0
small-vehicle 2018.0 2493.0 2041.0 2507.0
small-vehicle 2042.0 2492.0 2064.0 2503.0
small-vehicle 2097.0 2518.0 2118.0 2540.0
small-vehicle 2048.0 2839.0 2064.0 2860.0
small-vehicle 2024.0 2805.0 2047.0 2816.0
small-vehicle 2027.0 2794.0 2051.0 2804.0
small-vehicle 2045.0 2754.0 2068.0 2767.0
small-vehicle 2054.0 2744.0 2076.0 2754.0 difficult
large-vehicle 2059.0 2713.0 2088.0 2726.0
small-vehicle 2072.0 2702.0 2093.0 2713.0
small-vehicle 2077.0 2691.0 2098.0 2703.0
small-vehicle 1816.0 2872.0 1831.0 2892.0
small-vehicle 1856.0 2785.0 1870.0 2805.0
small-vehicle 1874.0 2743.0 1889.0 2764.0
small-vehicle 1948.0 2576.0 1962.0 2597.0
small-vehicle 2008.0 2526.0 2031.0 2537.0
small-vehicle 2080.0 2554.0 2101.0 2578.0
small-vehicle 2108.0 2500.0 2126.0 2522.0
small-vehicle 2198.0 2195.0 2218.0 2215.0
small-vehicle 1924.0 2634.0 1937.0 2652.0 difficult
small-vehicle 2278.0 1851.0 2297.0 1867.0
small-vehicle 2206.0 2001.0 2221.0 2020.0
small-vehicle 2239.0 2287.0 2259.0 2298.0 difficult
small-vehicle 2250.0 2263.0 2270.0 2277.0 difficult
small-vehicle 2251.0 2253.0 2273.0 2265.0 difficult
small-vehicle 2256.0 2231.0 2281.0 2244.0 difficult
small-vehicle 2278.0 2156.0 2302.0 2170.0 difficult
small-vehicle 2291.0 2121.0 2314.0 2137.0 difficult
small-vehicle 2294.0 2104.0 2315.0 2116.0
small-vehicle 2251.0 1963.0 2270.0 1981.0
small-vehicle 1932.0 2614.0 1947.0 2633.0 difficult
small-vehicle 2221.0 1943.0 2230.0 1961.0
small-vehicle 2224.0 1915.0 2233.0 1932.0
small-vehicle 2274.0 1968.0 2291.0 1983.0
small-vehicle 2273.0 1955.0 2292.0 1971.0
small-vehicle 2275.0 1946.0 2293.0 1961.0
small-vehicle 2280.0 1935.0 2300.0 1953.0
small-vehicle 2280.0 1923.0 2305.0 1943.0
small-vehicle 2219.0 2340.0 2242.0 2351.0 difficult
small-vehicle 2218.0 2349.0 2242.0 2362.0 difficult
small-vehicle 2183.0 2443.0 2200.0 2454.0 difficult
small-vehicle 2145.0 2520.0 2170.0 2533.0 difficult
small-vehicle 1959.0 2550.0 1975.0 2570.0 difficult
small-vehicle 2003.0 2462.0 2016.0 2481.0 difficult
small-vehicle 2047.0 2421.0 2067.0 2431.0 difficult
small-vehicle 2063.0 2390.0 2081.0 2401.0 difficult
small-vehicle 2083.0 2387.0 2100.0 2399.0 difficult
small-vehicle 2134.0 2424.0 2153.0 2443.0 difficult
small-vehicle 2144.0 2389.0 2163.0 2410.0 difficult
small-vehicle 2085.0 2335.0 2106.0 2347.0 difficult
small-vehicle 2122.0 2283.0 2143.0 2295.0 difficult
small-vehicle 2176.0 2305.0 2198.0 2329.0 difficult
small-vehicle 2193.0 2267.0 2213.0 2288.0 difficult
small-vehicle 2135.0 2232.0 2155.0 2243.0 difficult
small-vehicle 2191.0 2215.0 2209.0 2236.0 difficult
small-vehicle 2143.0 2543.0 2162.0 2552.0 difficult
small-vehicle 2145.0 2532.0 2164.0 2543.0 difficult
small-vehicle 2010.0 2717.0 2031.0 2742.0
small-vehicle 2002.0 2740.0 2021.0 2762.0
small-vehicle 1984.0 2733.0 2003.0 2753.0
small-vehicle 1911.0 2896.0 1931.0 2916.0 difficult
large-vehicle 1957.0 2827.0 1981.0 2855.0
small-vehicle 1994.0 2922.0 2009.0 2942.0 difficult
small-vehicle 1965.0 2924.0 1986.0 2938.0 difficult
small-vehicle 1966.0 2934.0 1985.0 2948.0 difficult
small-vehicle 1902.0 2918.0 1919.0 2936.0 difficult
small-vehicle 1921.0 2925.0 1937.0 2943.0 difficult
small-vehicle 1907.0 2906.0 1924.0 2926.0 difficult
small-vehicle 1925.0 2914.0 1942.0 2935.0 difficult
small-vehicle 1976.0 2755.0 1994.0 2775.0
small-vehicle 1931.0 2902.0 1948.0 2924.0 difficult
small-vehicle 1918.0 2885.0 1936.0 2906.0 difficult
small-vehicle 1864.0 2890.0 1883.0 2900.0 difficult
small-vehicle 1871.0 2880.0 1889.0 2890.0 difficult
small-vehicle 2005.0 2847.0 2024.0 2857.0 difficult
small-vehicle 2026.0 2852.0 2041.0 2872.0 difficult
small-vehicle 1931.0 2853.0 1948.0 2874.0 difficult
large-vehicle 1881.0 3121.0 1903.0 3146.0
small-vehicle 1892.0 3102.0 1911.0 3122.0
small-vehicle 1874.0 3142.0 1891.0 3162.0
small-vehicle 1869.0 3152.0 1887.0 3173.0
small-vehicle 1763.0 3387.0 1785.0 3403.0 difficult
small-vehicle 1719.0 3358.0 1739.0 3373.0 difficult
small-vehicle 1745.0 3425.0 1767.0 3441.0 difficult
small-vehicle 1701.0 3401.0 1723.0 3416.0 difficult
small-vehicle 1705.0 3391.0 1726.0 3406.0 difficult
small-vehicle 1649.0 3364.0 1670.0 3380.0 difficult
small-vehicle 1578.0 3384.0 1591.0 3402.0 difficult
small-vehicle 1586.0 3359.0 1601.0 3378.0 difficult
small-vehicle 1791.0 3381.0 1807.0 3405.0 difficult
small-vehicle 1865.0 3351.0 1882.0 3377.0 difficult
small-vehicle 1904.0 3258.0 1921.0 3284.0 difficult
small-vehicle 1930.0 3205.0 1947.0 3229.0 difficult
small-vehicle 1742.0 3292.0 1764.0 3305.0
small-vehicle 1843.0 3266.0 1858.0 3288.0
small-vehicle 1851.0 3243.0 1869.0 3264.0
small-vehicle 1952.0 2848.0 1972.0 2872.0 difficult
small-vehicle 1966.0 2821.0 1986.0 2843.0 difficult
small-vehicle 1994.0 2760.0 2012.0 2781.0 difficult
small-vehicle 1849.0 2892.0 1866.0 2902.0
small-vehicle 1902.0 2821.0 1923.0 2831.0
small-vehicle 1907.0 2809.0 1929.0 2819.0
small-vehicle 1891.0 2801.0 1912.0 2812.0
small-vehicle 1913.0 2796.0 1936.0 2809.0
small-vehicle 1916.0 2788.0 1936.0 2799.0
small-vehicle 1896.0 2791.0 1916.0 2801.0
small-vehicle 1900.0 2780.0 1920.0 2791.0
small-vehicle 1923.0 2768.0 1946.0 2780.0
small-vehicle 1903.0 2770.0 1922.0 2782.0
small-vehicle 1908.0 2760.0 1928.0 2770.0
small-vehicle 1939.0 2738.0 1958.0 2747.0
small-vehicle 1910.0 2748.0 1934.0 2761.0
small-vehicle 1977.0 2801.0 1995.0 2823.0
small-vehicle 1958.0 2791.0 1976.0 2815.0
small-vehicle 1968.0 2773.0 1985.0 2794.0
small-vehicle 1850.0 2883.0 1870.0 2892.0
small-vehicle 1861.0 2900.0 1880.0 2910.0
small-vehicle 1992.0 2724.0 2008.0 2743.0 difficult
small-vehicle 1934.0 2842.0 1953.0 2865.0
small-vehicle 1993.0 2710.0 2011.0 2732.0 difficult
small-vehicle 2025.0 2689.0 2043.0 2710.0 difficult
small-vehicle 2020.0 2698.0 2038.0 2719.0 difficult
small-vehicle 2002.0 2689.0 2020.0 2710.0 difficult
small-vehicle 1975.0 3106.0 1992.0 3128.0
small-vehicle 1943.0 3129.0 1961.0 3156.0
small-vehicle 1931.0 3062.0 1946.0 3083.0
small-vehicle 2003.0 3000.0 2021.0 3026.0
small-vehicle 1988.0 2940.0 2003.0 2960.0
small-vehicle 1957.0 2949.0 1981.0 2961.0
small-vehicle 1983.0 2894.0 2003.0 2906.0
small-vehicle 1929.0 2867.0 1947.0 2886.0
small-vehicle 1935.0 2892.0 1953.0 2912.0
small-vehicle 1940.0 2883.0 1960.0 2905.0
small-vehicle 1948.0 2860.0 1966.0 2881.0
small-vehicle 2229.0 1869.0 2240.0 1888.0
small-vehicle 2279.0 1839.0 2302.0 1860.0
small-vehicle 1636.0 3351.0 1655.0 3368.0 difficult
ship 2192.0 694.0 2218.0 715.0
ship 2305.0 690.0 2322.0 720.0
ship 2296.0 685.0 2308.0 713.0
ship 2283.0 684.0 2298.0 719.0
ship 2273.0 694.0 2284.0 722.0
ship 2265.0 694.0 2277.0 714.0
ship 2255.0 692.0 2265.0 721.0
ship 2242.0 693.0 2257.0 720.0
ship 2193.0 684.0 2221.0 703.0
ship 2043.0 848.0 2063.0 860.0
ship 2197.0 677.0 2225.0 692.0
ship 2209.0 671.0 2226.0 683.0
ship 2211.0 660.0 2229.0 673.0
ship 2024.0 883.0 2045.0 897.0
ship 2027.0 875.0 2049.0 890.0
ship 2034.0 873.0 2052.0 883.0
ship 2036.0 865.0 2054.0 878.0
ship 2185.0 739.0 2225.0 755.0
ship 2191.0 752.0 2221.0 763.0
ship 2193.0 772.0 2221.0 783.0
ship 2188.0 781.0 2217.0 793.0
ship 2245.0 797.0 2278.0 809.0
ship 2248.0 767.0 2281.0 777.0
ship 2251.0 758.0 2280.0 766.0
ship 2246.0 744.0 2280.0 757.0
ship 2191.0 926.0 2213.0 935.0
ship 2177.0 912.0 2210.0 926.0
ship 2177.0 900.0 2211.0 916.0
ship 2177.0 883.0 2209.0 896.0
ship 2178.0 870.0 2211.0 886.0
ship 2182.0 863.0 2212.0 875.0
ship 2187.0 852.0 2212.0 863.0
ship 2190.0 842.0 2208.0 853.0
ship 2185.0 812.0 2215.0 825.0
ship 2186.0 804.0 2214.0 813.0
ship 2185.0 793.0 2215.0 803.0
ship 2041.0 852.0 2058.0 865.0
ship 2045.0 842.0 2065.0 853.0
small-vehicle 2281.0 1818.0 2300.0 1834.0
ship 1937.0 790.0 1956.0 803.0
ship 1917.0 835.0 1936.0 848.0
ship 1919.0 829.0 1938.0 842.0
ship 1924.0 823.0 1942.0 836.0
ship 1927.0 816.0 1945.0 829.0
ship 1930.0 809.0 1950.0 824.0
ship 1930.0 804.0 1952.0 816.0
ship 1938.0 798.0 1954.0 811.0
ship 1940.0 784.0 1961.0 798.0
ship 2048.0 835.0 2067.0 849.0
ship 1941.0 777.0 1963.0 791.0
ship 1944.0 770.0 1961.0 783.0 difficult
ship 1948.0 764.0 1968.0 778.0
ship 1950.0 758.0 1972.0 772.0
ship 1980.0 770.0 1999.0 784.0
ship 1977.0 777.0 1996.0 789.0
ship 1973.0 783.0 1994.0 797.0
ship 1915.0 842.0 1932.0 854.0
ship 1912.0 848.0 1930.0 862.0
ship 1907.0 856.0 1925.0 870.0
ship 2037.0 789.0 2056.0 804.0
ship 2055.0 825.0 2072.0 837.0
ship 2057.0 817.0 2076.0 830.0
ship 2060.0 812.0 2079.0 824.0
ship 2062.0 802.0 2081.0 817.0
ship 2001.0 872.0 2017.0 882.0 difficult
ship 2004.0 864.0 2022.0 877.0
ship 2009.0 859.0 2024.0 871.0 difficult
ship 2011.0 853.0 2026.0 865.0 difficult
ship 2017.0 838.0 2033.0 850.0 difficult
ship 2019.0 832.0 2038.0 843.0
ship 2022.0 826.0 2038.0 837.0 difficult
ship 2025.0 820.0 2040.0 832.0 difficult
ship 2027.0 813.0 2042.0 825.0 difficult
ship 2031.0 802.0 2049.0 816.0
ship 2034.0 796.0 2051.0 808.0
ship 2248.0 808.0 2274.0 818.0
ship 2241.0 815.0 2274.0 830.0
ship 2244.0 829.0 2273.0 840.0
ship 122.0 4002.0 158.0 4075.0
ship 651.0 4689.0 687.0 4709.0
ship 520.0 4437.0 546.0 4459.0
ship 683.0 4474.0 710.0 4487.0
ship 689.0 4435.0 734.0 4464.0
ship 149.0 4481.0 189.0 4534.0
ship 428.0 4398.0 453.0 4418.0
ship 272.0 4131.0 311.0 4181.0
ship 1108.0 4078.0 1127.0 4104.0
ship 2242.0 839.0 2274.0 848.0
ship 247.0 3705.0 279.0 3748.0
ship 1240.0 3766.0 1260.0 3792.0
ship 1286.0 3653.0 1312.0 3689.0
ship 603.0 3496.0 622.0 3521.0
ship 1013.0 3511.0 1046.0 3562.0
ship 1321.0 3102.0 1338.0 3124.0
ship 977.0 2869.0 1028.0 2947.0
ship 718.0 4585.0 752.0 4609.0
ship 765.0 4616.0 776.0 4639.0
small-vehicle 2301.0 1505.0 2322.0 1524.0
small-vehicle 2298.0 1528.0 2317.0 1547.0
small-vehicle 2284.0 1807.0 2305.0 1826.0
small-vehicle 2266.0 1791.0 2287.0 1810.0
small-vehicle 2287.0 1773.0 2309.0 1794.0
small-vehicle 2270.0 1759.0 2290.0 1779.0
small-vehicle 2275.0 1740.0 2295.0 1758.0
small-vehicle 2293.0 1753.0 2313.0 1770.0
small-vehicle 2294.0 1742.0 2313.0 1758.0
small-vehicle 2295.0 1729.0 2314.0 1746.0
small-vehicle 2277.0 1731.0 2295.0 1746.0
small-vehicle 2262.0 1720.0 2272.0 1740.0
small-vehicle 2298.0 1684.0 2319.0 1703.0
small-vehicle 2284.0 1661.0 2303.0 1679.0
small-vehicle 2262.0 1643.0 2271.0 1660.0
small-vehicle 2304.0 1618.0 2327.0 1637.0
small-vehicle 2296.0 1550.0 2317.0 1571.0
ship 1760.0 2812.0 1777.0 2837.0
ship 1034.0 2479.0 1060.0 2518.0
ship 1176.0 2293.0 1223.0 2352.0
ship 2274.0 881.0 2303.0 904.0
ship 2267.0 905.0 2302.0 934.0
ship 2270.0 919.0 2298.0 942.0
ship 2298.0 988.0 2321.0 1019.0
ship 2288.0 985.0 2311.0 1014.0
ship 2266.0 981.0 2288.0 1011.0
ship 2259.0 975.0 2278.0 1006.0
ship 2241.0 966.0 2263.0 995.0
ship 2233.0 955.0 2255.0 988.0
ship 2220.0 950.0 2246.0 986.0
ship 2239.0 920.0 2271.0 933.0
ship 2232.0 907.0 2270.0 920.0
ship 2238.0 889.0 2268.0 900.0
ship 2252.0 861.0 2274.0 872.0
ship 2243.0 859.0 2260.0 867.0
ship 2242.0 850.0 2274.0 859.0
ship 2274.0 894.0 2303.0 921.0
ship 2275.0 851.0 2305.0 877.0
ship 1284.0 2147.0 1318.0 2196.0
ship 2276.0 835.0 2306.0 864.0
ship 1970.0 2251.0 2013.0 2300.0
ship 2029.0 2110.0 2074.0 2160.0
ship 2066.0 2019.0 2100.0 2062.0
ship 2153.0 1819.0 2190.0 1867.0
ship 2179.0 1721.0 2206.0 1760.0
ship 1652.0 1305.0 1672.0 1339.0
ship 2195.0 1411.0 2230.0 1450.0
ship 1933.0 1138.0 1955.0 1168.0
ship 2255.0 1151.0 2278.0 1169.0
ship 2171.0 1057.0 2229.0 1081.0
ship 2285.0 755.0 2314.0 781.0
ship 2281.0 767.0 2309.0 789.0
ship 2278.0 781.0 2314.0 809.0
ship 2274.0 805.0 2306.0 834.0
ship 2278.0 823.0 2309.0 849.0
small-vehicle 1696.0 3355.0 1717.0 3372.0 difficult
small-vehicle 1631.0 3360.0 1650.0 3376.0 difficult
ship 1871.0 1545.0 1892.0 1575.0
small-vehicle 1332.0 4259.0 1351.0 4278.0 difficult
small-vehicle 1374.0 4283.0 1393.0 4294.0
small-vehicle 1376.0 4273.0 1394.0 4281.0
small-vehicle 1317.0 4287.0 1334.0 4306.0
small-vehicle 1313.0 4298.0 1330.0 4317.0
small-vehicle 1295.0 4288.0 1313.0 4309.0
small-vehicle 1302.0 4280.0 1321.0 4300.0
small-vehicle 1307.0 4271.0 1324.0 4291.0
small-vehicle 1326.0 4267.0 1346.0 4289.0
small-vehicle 1195.0 4222.0 1213.0 4243.0
small-vehicle 1314.0 4252.0 1330.0 4268.0 difficult
small-vehicle 1322.0 4242.0 1337.0 4259.0
small-vehicle 1337.0 4248.0 1353.0 4265.0
small-vehicle 1339.0 4235.0 1360.0 4256.0
small-vehicle 1322.0 4230.0 1341.0 4249.0
small-vehicle 1241.0 4271.0 1260.0 4281.0
small-vehicle 1187.0 4248.0 1201.0 4265.0
small-vehicle 1157.0 4198.0 1177.0 4208.0
small-vehicle 1150.0 4218.0 1170.0 4227.0
small-vehicle 1144.0 4228.0 1165.0 4238.0
small-vehicle 1162.0 4187.0 1184.0 4196.0
small-vehicle 1056.0 4537.0 1075.0 4558.0
small-vehicle 1061.0 4525.0 1078.0 4547.0
small-vehicle 1071.0 4497.0 1091.0 4518.0
small-vehicle 1081.0 4476.0 1100.0 4497.0
small-vehicle 1096.0 4443.0 1113.0 4462.0
small-vehicle 1109.0 4414.0 1127.0 4437.0
small-vehicle 1118.0 4394.0 1136.0 4414.0
small-vehicle 1120.0 4378.0 1143.0 4401.0
small-vehicle 1135.0 4361.0 1160.0 4379.0
small-vehicle 1141.0 4351.0 1164.0 4367.0
small-vehicle 1184.0 4135.0 1204.0 4147.0
small-vehicle 1179.0 4147.0 1201.0 4157.0
small-vehicle 1175.0 4157.0 1196.0 4165.0
small-vehicle 1171.0 4166.0 1191.0 4176.0
small-vehicle 1167.0 4178.0 1187.0 4187.0
small-vehicle 1188.0 4231.0 1205.0 4250.0
small-vehicle 1211.0 4229.0 1227.0 4248.0
small-vehicle 1405.0 4047.0 1421.0 4066.0
small-vehicle 1371.0 4117.0 1392.0 4138.0
small-vehicle 1297.0 4188.0 1315.0 4196.0
small-vehicle 1275.0 4188.0 1297.0 4198.0
small-vehicle 1284.0 4168.0 1304.0 4178.0
small-vehicle 1296.0 4148.0 1315.0 4158.0
small-vehicle 1318.0 4088.0 1340.0 4098.0
small-vehicle 1331.0 4117.0 1352.0 4127.0
small-vehicle 1375.0 4105.0 1395.0 4127.0
small-vehicle 1381.0 4143.0 1399.0 4165.0
small-vehicle 1199.0 4212.0 1216.0 4231.0
small-vehicle 1384.0 4133.0 1404.0 4155.0
small-vehicle 1391.0 4125.0 1408.0 4146.0
small-vehicle 1395.0 4114.0 1415.0 4135.0
small-vehicle 1384.0 4098.0 1401.0 4118.0
small-vehicle 1387.0 4086.0 1403.0 4108.0
small-vehicle 1405.0 4092.0 1424.0 4116.0
small-vehicle 1408.0 4084.0 1427.0 4106.0
small-vehicle 1357.0 4160.0 1373.0 4179.0
small-vehicle 1352.0 4168.0 1369.0 4189.0
small-vehicle 1368.0 4177.0 1388.0 4197.0
small-vehicle 1363.0 4188.0 1381.0 4207.0
small-vehicle 1220.0 4208.0 1237.0 4229.0
small-vehicle 1211.0 4181.0 1227.0 4200.0
small-vehicle 1220.0 4160.0 1237.0 4180.0
small-vehicle 1216.0 4170.0 1233.0 4190.0
small-vehicle 1227.0 4188.0 1247.0 4211.0
small-vehicle 1232.0 4177.0 1250.0 4196.0
small-vehicle 1240.0 4169.0 1256.0 4187.0
small-vehicle 1224.0 4147.0 1243.0 4171.0
small-vehicle 1253.0 4241.0 1274.0 4249.0
small-vehicle 1268.0 4209.0 1286.0 4218.0
small-vehicle 1392.0 4234.0 1411.0 4244.0
small-vehicle 1351.0 4217.0 1371.0 4237.0
small-vehicle 1337.0 4201.0 1354.0 4221.0
small-vehicle 1341.0 4188.0 1358.0 4209.0
small-vehicle 1347.0 4179.0 1361.0 4198.0
small-vehicle 1051.0 4547.0 1068.0 4567.0
small-vehicle 1068.0 4401.0 1087.0 4413.0
small-vehicle 1066.0 4412.0 1088.0 4422.0
small-vehicle 2184.0 4574.0 2192.0 4595.0
small-vehicle 2122.0 4867.0 2131.0 4889.0
small-vehicle 2167.0 4857.0 2187.0 4866.0
small-vehicle 2154.0 4819.0 2170.0 4837.0 difficult
small-vehicle 2126.0 4826.0 2136.0 4846.0
small-vehicle 2001.0 4795.0 2020.0 4803.0
small-vehicle 1757.0 4759.0 1765.0 4778.0
small-vehicle 1750.0 4723.0 1767.0 4733.0
small-vehicle 2194.0 4569.0 2202.0 4590.0
small-vehicle 1060.0 4422.0 1082.0 4433.0
small-vehicle 2011.0 4492.0 2031.0 4501.0 difficult
small-vehicle 2011.0 4455.0 2034.0 4466.0 difficult
small-vehicle 2004.0 4402.0 2013.0 4422.0 difficult
small-vehicle 1969.0 4270.0 1987.0 4278.0 difficult
small-vehicle 2239.0 4362.0 2262.0 4374.0 difficult
small-vehicle 2162.0 4313.0 2177.0 4332.0 difficult
small-vehicle 2172.0 4297.0 2188.0 4315.0 difficult
small-vehicle 2229.0 4901.0 2239.0 4918.0
small-vehicle 2170.0 4953.0 2188.0 4963.0
small-vehicle 2231.0 4921.0 2240.0 4941.0
small-vehicle 2120.0 4914.0 2131.0 4941.0
small-vehicle 699.0 4861.0 719.0 4880.0 difficult
small-vehicle 688.0 4859.0 706.0 4878.0 difficult
small-vehicle 669.0 4856.0 691.0 4877.0 difficult
small-vehicle 897.0 4996.0 910.0 5016.0 difficult
small-vehicle 791.0 4977.0 810.0 4986.0 difficult
small-vehicle 672.0 4985.0 691.0 4996.0 difficult
small-vehicle 649.0 4986.0 668.0 4995.0 difficult
small-vehicle 644.0 4946.0 660.0 4966.0 difficult
small-vehicle 554.0 4948.0 571.0 4957.0 difficult
small-vehicle 521.0 4947.0 540.0 4957.0 difficult
small-vehicle 2063.0 4621.0 2082.0 4632.0 difficult
small-vehicle 1944.0 4917.0 1963.0 4927.0 difficult
small-vehicle 1943.0 4903.0 1966.0 4913.0 difficult
small-vehicle 1947.0 4887.0 1967.0 4898.0 difficult
small-vehicle 1820.0 4757.0 1839.0 4767.0 difficult
small-vehicle 2221.0 4252.0 2241.0 4261.0 difficult
small-vehicle 1957.0 4034.0 1969.0 4053.0 difficult
small-vehicle 2125.0 3835.0 2136.0 3853.0 difficult
small-vehicle 970.0 4634.0 979.0 4650.0
small-vehicle 852.0 4636.0 862.0 4653.0
small-vehicle 859.0 4656.0 871.0 4682.0
small-vehicle 852.0 4738.0 862.0 4757.0
small-vehicle 805.0 4736.0 829.0 4753.0
small-vehicle 993.0 4626.0 1015.0 4636.0
small-vehicle 1006.0 4496.0 1021.0 4518.0
small-vehicle 1002.0 4567.0 1020.0 4578.0
small-vehicle 1003.0 4556.0 1026.0 4567.0
small-vehicle 1007.0 4547.0 1026.0 4554.0
small-vehicle 1010.0 4536.0 1028.0 4545.0
small-vehicle 1017.0 4524.0 1038.0 4534.0
small-vehicle 1017.0 4516.0 1038.0 4524.0
small-vehicle 1025.0 4503.0 1044.0 4513.0
small-vehicle 1033.0 4484.0 1052.0 4493.0
small-vehicle 1052.0 4441.0 1075.0 4453.0
small-vehicle 948.0 4629.0 957.0 4653.0
small-vehicle 937.0 4629.0 946.0 4650.0
small-vehicle 2040.0 3846.0 2050.0 3865.0 difficult
small-vehicle 906.0 4632.0 915.0 4651.0 difficult
small-vehicle 1999.0 3862.0 2015.0 3881.0 difficult
small-vehicle 2273.0 3986.0 2299.0 3999.0 difficult
small-vehicle 2276.0 3974.0 2298.0 3987.0 difficult
small-vehicle 2299.0 3950.0 2308.0 3971.0 difficult
small-vehicle 2310.0 3660.0 2318.0 3679.0 difficult
small-vehicle 992.0 5004.0 1007.0 5023.0 difficult
small-vehicle 1342.0 4998.0 1351.0 5017.0 difficult
small-vehicle 1183.0 4956.0 1200.0 4976.0 difficult
small-vehicle 1174.0 4940.0 1188.0 4959.0 difficult
small-vehicle 1157.0 4915.0 1177.0 4939.0 difficult
small-vehicle 1188.0 4829.0 1204.0 4850.0 difficult
small-vehicle 1199.0 4850.0 1211.0 4874.0 difficult
small-vehicle 1225.0 4781.0 1238.0 4802.0 difficult
small-vehicle 884.0 4632.0 893.0 4653.0 difficult
small-vehicle 897.0 4633.0 907.0 4653.0 difficult
small-vehicle 1397.0 4066.0 1413.0 4087.0
small-vehicle 1421.0 4053.0 1442.0 4077.0
small-vehicle 1643.0 3382.0 1663.0 3398.0 difficult
small-vehicle 1506.0 3661.0 1524.0 3675.0 difficult
small-vehicle 1486.0 3700.0 1506.0 3714.0
small-vehicle 1537.0 3682.0 1553.0 3702.0
small-vehicle 1483.0 3688.0 1511.0 3707.0
small-vehicle 1454.0 3667.0 1475.0 3682.0
small-vehicle 1509.0 3630.0 1528.0 3647.0
small-vehicle 1513.0 3682.0 1533.0 3697.0
small-vehicle 1522.0 3668.0 1541.0 3683.0
small-vehicle 1471.0 3602.0 1495.0 3618.0
ship 1659.0 3460.0 1688.0 3481.0
small-vehicle 1474.0 3592.0 1498.0 3611.0
small-vehicle 1515.0 3622.0 1537.0 3638.0
small-vehicle 1542.0 3616.0 1563.0 3634.0
ship 1574.0 3653.0 1611.0 3667.0
ship 1583.0 3633.0 1613.0 3649.0
ship 1587.0 3620.0 1612.0 3637.0
ship 1618.0 3564.0 1645.0 3581.0
small-vehicle 1568.0 3706.0 1588.0 3723.0
small-vehicle 1500.0 3713.0 1520.0 3729.0
small-vehicle 1473.0 3740.0 1488.0 3761.0
small-vehicle 1588.0 3778.0 1610.0 3795.0
small-vehicle 1424.0 3670.0 1446.0 3686.0 difficult
small-vehicle 1429.0 3661.0 1450.0 3678.0 difficult
small-vehicle 1433.0 3651.0 1454.0 3667.0 difficult
small-vehicle 1367.0 3689.0 1388.0 3705.0 difficult
small-vehicle 1372.0 3678.0 1390.0 3693.0 difficult
small-vehicle 1375.0 3669.0 1395.0 3684.0 difficult
small-vehicle 1378.0 3660.0 1402.0 3675.0 difficult
small-vehicle 1383.0 3651.0 1403.0 3666.0 difficult
small-vehicle 1388.0 3642.0 1407.0 3655.0 difficult
small-vehicle 1397.0 3621.0 1420.0 3639.0 difficult
small-vehicle 1409.0 3595.0 1429.0 3610.0 difficult
small-vehicle 1414.0 3585.0 1434.0 3600.0 difficult
small-vehicle 1538.0 3564.0 1565.0 3584.0 difficult
small-vehicle 1329.0 3786.0 1351.0 3801.0
small-vehicle 1584.0 3788.0 1606.0 3803.0
ship 1632.0 3512.0 1670.0 3528.0
small-vehicle 1548.0 3593.0 1570.0 3609.0
small-vehicle 1432.0 4035.0 1449.0 4056.0
small-vehicle 1563.0 3511.0 1585.0 3530.0 difficult
small-vehicle 1639.0 3342.0 1660.0 3357.0
small-vehicle 1643.0 3331.0 1664.0 3348.0
small-vehicle 1647.0 3324.0 1666.0 3338.0
small-vehicle 1597.0 3331.0 1613.0 3352.0 difficult
small-vehicle 1429.0 3547.0 1452.0 3564.0 difficult
small-vehicle 1442.0 3519.0 1463.0 3537.0 difficult
small-vehicle 1506.0 3525.0 1528.0 3542.0 difficult
small-vehicle 1569.0 3501.0 1592.0 3517.0 difficult
small-vehicle 1592.0 3502.0 1611.0 3516.0
small-vehicle 1598.0 3437.0 1619.0 3453.0 difficult
small-vehicle 1735.0 3442.0 1758.0 3460.0 difficult
small-vehicle 1622.0 3425.0 1643.0 3440.0 difficult
small-vehicle 1605.0 3416.0 1625.0 3431.0 difficult
small-vehicle 1610.0 3406.0 1631.0 3422.0 difficult
small-vehicle 1631.0 3406.0 1653.0 3423.0 difficult
small-vehicle 1637.0 3390.0 1660.0 3406.0 difficult
small-vehicle 1660.0 3339.0 1683.0 3355.0
small-vehicle 1657.0 3350.0 1678.0 3367.0
small-vehicle 1664.0 3330.0 1688.0 3345.0
small-vehicle 1727.0 3341.0 1747.0 3356.0
small-vehicle 1574.0 3482.0 1600.0 3498.0
small-vehicle 1583.0 3460.0 1610.0 3480.0
small-vehicle 1609.0 3460.0 1630.0 3475.0
small-vehicle 1767.0 3438.0 1782.0 3459.0
small-vehicle 1691.0 3425.0 1717.0 3442.0
small-vehicle 1702.0 3413.0 1723.0 3428.0
small-vehicle 1675.0 3412.0 1695.0 3427.0
small-vehicle 1684.0 3390.0 1704.0 3403.0
small-vehicle 1678.0 3405.0 1698.0 3419.0
small-vehicle 1613.0 3396.0 1635.0 3413.0
small-vehicle 1621.0 3378.0 1643.0 3396.0
small-vehicle 1626.0 3369.0 1648.0 3386.0
small-vehicle 1714.0 3365.0 1735.0 3381.0
small-vehicle 1769.0 3378.0 1789.0 3394.0
small-vehicle 1722.0 3350.0 1743.0 3366.0
small-vehicle 1422.0 3680.0 1443.0 3696.0 difficult
small-vehicle 1417.0 3688.0 1439.0 3705.0 difficult
small-vehicle 1439.0 3698.0 1459.0 3715.0 difficult
small-vehicle 1329.0 3964.0 1347.0 3985.0
small-vehicle 1240.0 4002.0 1260.0 4012.0
small-vehicle 1245.0 3993.0 1265.0 4002.0
small-vehicle 1285.0 4018.0 1301.0 4040.0
small-vehicle 1290.0 3995.0 1309.0 4020.0
small-vehicle 1303.0 3977.0 1320.0 3999.0
small-vehicle 1310.0 3953.0 1327.0 3977.0
small-vehicle 1324.0 3974.0 1339.0 3994.0
small-vehicle 1331.0 3955.0 1351.0 3976.0
small-vehicle 1487.0 3744.0 1506.0 3758.0 difficult
small-vehicle 1340.0 3935.0 1358.0 3953.0
small-vehicle 1433.0 3985.0 1449.0 4006.0
small-vehicle 1440.0 3948.0 1460.0 3973.0
small-vehicle 1348.0 3914.0 1370.0 3938.0
small-vehicle 1329.0 3918.0 1345.0 3937.0
small-vehicle 1321.0 3923.0 1340.0 3943.0
small-vehicle 1275.0 3929.0 1294.0 3942.0
small-vehicle 1237.0 4014.0 1257.0 4023.0
small-vehicle 1234.0 4024.0 1253.0 4033.0
small-vehicle 1231.0 4032.0 1249.0 4043.0
small-vehicle 1225.0 4044.0 1245.0 4053.0
small-vehicle 1298.0 4024.0 1320.0 4050.0
small-vehicle 1372.0 4164.0 1390.0 4188.0 difficult
small-vehicle 1357.0 4195.0 1377.0 4217.0 difficult
small-vehicle 1101.0 4329.0 1121.0 4340.0 difficult
small-vehicle 1321.0 4275.0 1341.0 4297.0 difficult
small-vehicle 1294.0 4196.0 1314.0 4205.0 difficult
small-vehicle 1412.0 4025.0 1431.0 4047.0 difficult
small-vehicle 1417.0 4010.0 1436.0 4034.0 difficult
small-vehicle 1329.0 4067.0 1348.0 4077.0 difficult
small-vehicle 1282.0 4065.0 1298.0 4085.0 difficult
small-vehicle 1270.0 4049.0 1286.0 4070.0 difficult
small-vehicle 1275.0 4039.0 1293.0 4061.0 difficult
small-vehicle 1201.0 4098.0 1222.0 4109.0 difficult
small-vehicle 1216.0 4064.0 1236.0 4074.0 difficult
small-vehicle 1221.0 4053.0 1241.0 4063.0 difficult
small-vehicle 1283.0 3913.0 1302.0 3923.0
small-vehicle 1286.0 3902.0 1307.0 3912.0
small-vehicle 1299.0 3871.0 1319.0 3881.0
small-vehicle 1487.0 3911.0 1505.0 3935.0 difficult
small-vehicle 1425.0 3893.0 1446.0 3903.0 difficult
small-vehicle 1364.0 3834.0 1383.0 3855.0 difficult
small-vehicle 1376.0 3851.0 1397.0 3877.0 difficult
small-vehicle 1339.0 3767.0 1359.0 3782.0 difficult
small-vehicle 1335.0 3776.0 1355.0 3791.0 difficult
small-vehicle 1543.0 3713.0 1564.0 3729.0 difficult
small-vehicle 1557.0 3732.0 1580.0 3750.0 difficult
small-vehicle 1550.0 3749.0 1575.0 3770.0 difficult
small-vehicle 1525.0 3808.0 1545.0 3822.0 difficult
small-vehicle 1528.0 3798.0 1546.0 3813.0 difficult
small-vehicle 1536.0 3782.0 1554.0 3797.0 difficult
small-vehicle 1542.0 3767.0 1562.0 3781.0 difficult
small-vehicle 1525.0 3752.0 1547.0 3770.0 difficult
small-vehicle 1534.0 3736.0 1554.0 3753.0 difficult
small-vehicle 1493.0 3730.0 1513.0 3745.0 difficult
small-vehicle 1476.0 3885.0 1495.0 3905.0 difficult
small-vehicle 1482.0 3924.0 1499.0 3944.0 difficult
large-vehicle 1261.0 3949.0 1289.0 3962.0
ship 1188.0 3879.0 1212.0 3911.0
large-vehicle 1252.0 3973.0 1282.0 3983.0
large-vehicle 1421.0 3990.0 1448.0 4019.0
large-vehicle 1542.0 3887.0 1567.0 3900.0
ship 197.0 4675.0 213.0 4684.0
ship 603.0 4688.0 621.0 4700.0
ship 1108.0 4735.0 1122.0 4771.0
ship 1125.0 4735.0 1137.0 4768.0
ship 1138.0 4727.0 1153.0 4769.0
ship 1153.0 4742.0 1166.0 4769.0
ship 1165.0 4670.0 1209.0 4710.0
ship 1052.0 4646.0 1094.0 4665.0
ship 1101.0 4641.0 1126.0 4653.0
ship 1101.0 4674.0 1127.0 4688.0
ship 1037.0 4672.0 1095.0 4691.0
ship 944.0 4451.0 965.0 4481.0
ship 1966.0 794.0 1985.0 806.0
ship 1964.0 801.0 1987.0 815.0
ship 1955.0 807.0 1976.0 824.0
ship 1243.0 2570.0 1272.0 2619.0
ship 1299.0 2594.0 1331.0 2645.0
ship 1280.0 2588.0 1310.0 2636.0
ship 1366.0 2559.0 1393.0 2606.0
ship 1346.0 2554.0 1371.0 2598.0
ship 1327.0 2546.0 1352.0 2587.0
ship 1285.0 2524.0 1315.0 2572.0
ship 1259.0 2581.0 1291.0 2633.0
ship 1222.0 2563.0 1252.0 2610.0
ship 1186.0 2483.0 1217.0 2530.0
ship 1202.0 2553.0 1234.0 2599.0
ship 1183.0 2547.0 1213.0 2593.0
ship 1161.0 2540.0 1192.0 2590.0
ship 1140.0 2531.0 1172.0 2579.0
ship 1125.0 2521.0 1155.0 2566.0
ship 1247.0 2511.0 1274.0 2556.0
ship 1226.0 2501.0 1256.0 2545.0
ship 1318.0 2609.0 1351.0 2660.0
ship 1341.0 2619.0 1369.0 2660.0
ship 1360.0 2622.0 1392.0 2671.0
ship 1383.0 2570.0 1413.0 2616.0
ship 1597.0 2726.0 1626.0 2772.0
ship 1576.0 2715.0 1607.0 2766.0
ship 1556.0 2708.0 1588.0 2757.0
ship 1537.0 2699.0 1566.0 2749.0
ship 1518.0 2693.0 1545.0 2737.0
ship 1500.0 2685.0 1526.0 2730.0
ship 1478.0 2675.0 1507.0 2722.0
ship 1457.0 2666.0 1486.0 2714.0
ship 1439.0 2658.0 1469.0 2706.0
ship 1419.0 2647.0 1449.0 2696.0
ship 1399.0 2640.0 1432.0 2688.0
ship 1380.0 2631.0 1409.0 2677.0
ship 1464.0 2604.0 1492.0 2648.0
ship 1444.0 2594.0 1474.0 2641.0
ship 1409.0 2580.0 1433.0 2617.0
ship 1206.0 2493.0 1235.0 2541.0
ship 1170.0 2473.0 1197.0 2517.0
ship 1767.0 2613.0 1795.0 2657.0
ship 1729.0 2528.0 1762.0 2579.0
ship 1592.0 2472.0 1621.0 2519.0
ship 1613.0 2482.0 1640.0 2522.0
ship 1632.0 2489.0 1661.0 2536.0
ship 1653.0 2499.0 1678.0 2542.0
ship 1670.0 2504.0 1702.0 2553.0
ship 1692.0 2511.0 1721.0 2556.0
ship 1712.0 2520.0 1741.0 2566.0
ship 1747.0 2537.0 1780.0 2587.0
ship 1146.0 2467.0 1177.0 2513.0
ship 1771.0 2548.0 1800.0 2594.0
ship 1790.0 2558.0 1818.0 2603.0
ship 1809.0 2562.0 1840.0 2608.0
ship 1828.0 2575.0 1857.0 2621.0
ship 1854.0 2594.0 1873.0 2623.0
ship 1830.0 2655.0 1846.0 2679.0
ship 1806.0 2630.0 1832.0 2675.0
ship 1553.0 2455.0 1581.0 2501.0
ship 1532.0 2446.0 1564.0 2495.0
ship 1514.0 2438.0 1542.0 2486.0
ship 1495.0 2428.0 1524.0 2474.0
ship 1103.0 2456.0 1153.0 2538.0
ship 1216.0 2311.0 1245.0 2356.0
ship 1238.0 2322.0 1265.0 2363.0
ship 1257.0 2326.0 1284.0 2369.0
ship 1277.0 2335.0 1305.0 2381.0
ship 1295.0 2341.0 1327.0 2390.0
ship 1316.0 2353.0 1345.0 2396.0
ship 1334.0 2359.0 1365.0 2405.0
ship 1353.0 2369.0 1384.0 2417.0
ship 1375.0 2375.0 1404.0 2422.0
ship 1394.0 2387.0 1423.0 2433.0
ship 1414.0 2395.0 1444.0 2441.0
ship 1434.0 2405.0 1462.0 2449.0
ship 1454.0 2411.0 1484.0 2457.0
ship 1470.0 2423.0 1503.0 2466.0
ship 1655.0 2751.0 1686.0 2799.0
ship 1693.0 2769.0 1724.0 2819.0
ship 1714.0 2781.0 1743.0 2828.0
ship 1322.0 2810.0 1359.0 2865.0
ship 1236.0 2774.0 1274.0 2830.0
ship 1280.0 2787.0 1316.0 2846.0
ship 1303.0 2803.0 1336.0 2856.0
ship 1270.0 2719.0 1303.0 2769.0
ship 1289.0 2727.0 1322.0 2780.0
ship 1310.0 2736.0 1344.0 2786.0
ship 1329.0 2745.0 1361.0 2796.0
ship 1340.0 2824.0 1379.0 2883.0
ship 1732.0 2786.0 1765.0 2838.0
ship 1362.0 2829.0 1406.0 2882.0
ship 1385.0 2838.0 1423.0 2901.0
ship 1414.0 2853.0 1441.0 2900.0
ship 1377.0 2766.0 1401.0 2800.0
ship 1388.0 2772.0 1422.0 2822.0
ship 1410.0 2780.0 1440.0 2829.0
ship 1430.0 2789.0 1458.0 2836.0
ship 1217.0 2766.0 1251.0 2819.0
ship 1196.0 2756.0 1230.0 2811.0
ship 1251.0 2713.0 1282.0 2761.0
ship 1232.0 2707.0 1261.0 2753.0
ship 1045.0 2884.0 1071.0 2921.0
ship 1002.0 2879.0 1047.0 2949.0
ship 1074.0 2634.0 1105.0 2682.0
ship 1045.0 2693.0 1081.0 2749.0
ship 1067.0 2707.0 1101.0 2761.0
ship 1090.0 2709.0 1123.0 2763.0
ship 1110.0 2720.0 1145.0 2773.0
ship 1133.0 2729.0 1166.0 2782.0
ship 1133.0 2662.0 1164.0 2708.0
ship 1154.0 2667.0 1186.0 2713.0
ship 1171.0 2674.0 1205.0 2728.0
ship 1192.0 2691.0 1222.0 2735.0
ship 1154.0 2734.0 1189.0 2790.0
ship 1176.0 2744.0 1210.0 2797.0
ship 1212.0 2693.0 1243.0 2743.0
ship 1450.0 2797.0 1479.0 2844.0
ship 1469.0 2808.0 1499.0 2856.0
ship 1491.0 2813.0 1519.0 2861.0
ship 1660.0 2956.0 1695.0 3016.0
ship 1487.0 2611.0 1513.0 2654.0
ship 1501.0 2616.0 1535.0 2668.0
ship 1522.0 2631.0 1551.0 2677.0
ship 1565.0 2648.0 1592.0 2692.0
ship 1580.0 2657.0 1611.0 2703.0
ship 1603.0 2666.0 1631.0 2710.0
ship 1621.0 2673.0 1649.0 2719.0
ship 1640.0 2683.0 1669.0 2730.0
ship 1680.0 2697.0 1710.0 2745.0
ship 1699.0 2706.0 1729.0 2754.0
ship 1721.0 2711.0 1750.0 2759.0
ship 1740.0 2725.0 1768.0 2770.0
ship 1761.0 2732.0 1790.0 2777.0
ship 1787.0 2745.0 1809.0 2777.0
ship 1769.0 2782.0 1792.0 2815.0
ship 1669.0 2887.0 1698.0 2937.0
ship 1706.0 2933.0 1729.0 2961.0
ship 1430.0 2857.0 1465.0 2913.0
ship 1680.0 2988.0 1703.0 3021.0
ship 1449.0 2869.0 1485.0 2923.0
ship 1471.0 2882.0 1505.0 2935.0
ship 1495.0 2884.0 1530.0 2938.0
ship 1511.0 2824.0 1538.0 2864.0
ship 1526.0 2834.0 1558.0 2882.0
ship 1515.0 2898.0 1548.0 2950.0
ship 1565.0 2849.0 1598.0 2898.0
ship 1587.0 2859.0 1618.0 2907.0
ship 1605.0 2865.0 1638.0 2915.0
ship 1535.0 2905.0 1571.0 2960.0
ship 1556.0 2916.0 1590.0 2970.0
ship 1576.0 2929.0 1612.0 2983.0
ship 1601.0 2933.0 1633.0 2982.0
ship 1622.0 2942.0 1656.0 2996.0
ship 1643.0 2951.0 1677.0 3007.0
ship 1786.0 2620.0 1814.0 2666.0
ship 1746.0 2603.0 1776.0 2650.0
ship 1957.0 821.0 1977.0 834.0
ship 1487.0 2118.0 1517.0 2160.0
ship 1364.0 2063.0 1387.0 2102.0
ship 1378.0 2068.0 1408.0 2115.0
ship 1399.0 2076.0 1427.0 2119.0
ship 1421.0 2092.0 1441.0 2126.0
ship 1434.0 2092.0 1464.0 2135.0
ship 1457.0 2099.0 1483.0 2138.0
ship 1469.0 2109.0 1500.0 2155.0
ship 1506.0 2127.0 1534.0 2169.0
ship 1676.0 2135.0 1704.0 2178.0
ship 1525.0 2131.0 1554.0 2174.0
ship 1543.0 2141.0 1570.0 2182.0
ship 1564.0 2148.0 1590.0 2191.0
ship 1582.0 2157.0 1607.0 2198.0
ship 1598.0 2163.0 1626.0 2206.0
ship 1617.0 2170.0 1646.0 2215.0
ship 1638.0 2121.0 1666.0 2164.0
ship 1342.0 2053.0 1371.0 2095.0
ship 1324.0 2046.0 1353.0 2087.0
ship 1297.0 1988.0 1352.0 2074.0
ship 1347.0 1994.0 1377.0 2039.0
ship 1925.0 2429.0 1945.0 2458.0
ship 1621.0 2112.0 1649.0 2156.0
ship 1603.0 2105.0 1630.0 2147.0
ship 1584.0 2096.0 1614.0 2142.0
ship 1566.0 2086.0 1595.0 2131.0
ship 1549.0 2079.0 1577.0 2125.0
ship 1530.0 2073.0 1556.0 2114.0
ship 1511.0 2065.0 1540.0 2111.0
ship 1493.0 2057.0 1522.0 2101.0
ship 1477.0 2050.0 1504.0 2092.0
ship 1441.0 2033.0 1467.0 2075.0
ship 1419.0 2025.0 1450.0 2070.0
ship 1403.0 2018.0 1430.0 2062.0
ship 1385.0 2008.0 1413.0 2051.0
ship 1370.0 2007.0 1393.0 2041.0
ship 1654.0 2126.0 1686.0 2171.0
ship 1695.0 2146.0 1721.0 2188.0
ship 1724.0 2595.0 1755.0 2645.0
ship 1943.0 2313.0 1973.0 2357.0
ship 1871.0 2282.0 1898.0 2326.0
ship 1888.0 2290.0 1918.0 2333.0
ship 1906.0 2300.0 1934.0 2344.0
ship 1925.0 2307.0 1954.0 2352.0
ship 2008.0 2277.0 2024.0 2300.0
ship 1980.0 2334.0 2000.0 2365.0
ship 1962.0 2318.0 1988.0 2364.0
ship 1877.0 2223.0 1904.0 2264.0
ship 1652.0 2189.0 1681.0 2230.0
ship 1893.0 2230.0 1922.0 2274.0
ship 1912.0 2235.0 1941.0 2281.0
ship 1932.0 2246.0 1957.0 2292.0
ship 1949.0 2250.0 1978.0 2296.0
ship 1825.0 1527.0 1847.0 1558.0
ship 1840.0 1530.0 1866.0 1568.0
ship 1854.0 1537.0 1877.0 1572.0
ship 1851.0 2274.0 1881.0 2316.0
ship 1856.0 2213.0 1887.0 2258.0
ship 1839.0 2203.0 1868.0 2248.0
ship 1822.0 2198.0 1848.0 2241.0
ship 1670.0 2194.0 1699.0 2238.0
ship 1688.0 2203.0 1718.0 2251.0
ship 1711.0 2150.0 1741.0 2196.0
ship 1732.0 2159.0 1759.0 2202.0
ship 1747.0 2167.0 1776.0 2213.0
ship 1765.0 2176.0 1794.0 2221.0
ship 1725.0 2219.0 1753.0 2263.0
ship 1743.0 2228.0 1771.0 2273.0
ship 1761.0 2236.0 1790.0 2279.0
ship 1784.0 2184.0 1812.0 2226.0
ship 1802.0 2187.0 1831.0 2235.0
ship 1780.0 2244.0 1807.0 2288.0
ship 1797.0 2253.0 1827.0 2296.0
ship 1815.0 2260.0 1845.0 2303.0
ship 1834.0 2267.0 1864.0 2312.0
ship 1894.0 2416.0 1927.0 2463.0
ship 1881.0 2408.0 1906.0 2447.0
ship 1858.0 2394.0 1890.0 2444.0
ship 1192.0 2362.0 1224.0 2408.0
ship 1332.0 2422.0 1360.0 2468.0
ship 1310.0 2413.0 1344.0 2458.0
ship 1294.0 2409.0 1319.0 2450.0
ship 1269.0 2401.0 1300.0 2447.0
ship 1251.0 2390.0 1281.0 2437.0
ship 1232.0 2380.0 1262.0 2428.0
ship 1214.0 2371.0 1242.0 2416.0
ship 1172.0 2354.0 1200.0 2396.0
ship 1840.0 2390.0 1869.0 2434.0
ship 1232.0 2146.0 1288.0 2232.0
ship 1263.0 2205.0 1292.0 2249.0
ship 1281.0 2214.0 1310.0 2260.0
ship 1345.0 2177.0 1374.0 2222.0
ship 1324.0 2229.0 1353.0 2272.0
ship 1341.0 2239.0 1370.0 2285.0
ship 1361.0 2247.0 1389.0 2295.0
ship 1350.0 2430.0 1380.0 2477.0
ship 1373.0 2445.0 1398.0 2485.0
ship 1391.0 2451.0 1419.0 2494.0
ship 1411.0 2458.0 1439.0 2502.0
ship 1706.0 2590.0 1732.0 2630.0
ship 1687.0 2577.0 1715.0 2624.0
ship 1665.0 2570.0 1699.0 2617.0
ship 1647.0 2562.0 1676.0 2606.0
ship 1629.0 2552.0 1657.0 2597.0
ship 1610.0 2544.0 1636.0 2589.0
ship 1590.0 2534.0 1617.0 2578.0
ship 1567.0 2523.0 1598.0 2573.0
ship 1549.0 2514.0 1581.0 2563.0
ship 1529.0 2510.0 1558.0 2555.0
ship 1506.0 2500.0 1539.0 2549.0
ship 1488.0 2489.0 1517.0 2540.0
ship 1470.0 2484.0 1497.0 2528.0
ship 1453.0 2472.0 1480.0 2516.0
ship 1430.0 2467.0 1459.0 2511.0
ship 1385.0 2195.0 1414.0 2239.0
ship 1380.0 2256.0 1408.0 2302.0
ship 1400.0 2265.0 1431.0 2310.0
ship 1637.0 2370.0 1665.0 2416.0
ship 1701.0 2330.0 1730.0 2373.0
ship 1718.0 2338.0 1751.0 2386.0
ship 1741.0 2347.0 1767.0 2391.0
ship 1696.0 2395.0 1726.0 2442.0
ship 1719.0 2405.0 1745.0 2442.0
ship 1758.0 2416.0 1786.0 2461.0
ship 1776.0 2426.0 1804.0 2470.0
ship 1814.0 2445.0 1843.0 2491.0
ship 1833.0 2453.0 1863.0 2500.0
ship 1853.0 2462.0 1882.0 2509.0
ship 1878.0 2478.0 1902.0 2511.0
ship 1759.0 2355.0 1790.0 2398.0
ship 1780.0 2366.0 1807.0 2410.0
ship 1800.0 2373.0 1829.0 2420.0
ship 1819.0 2382.0 1848.0 2427.0
ship 1676.0 2383.0 1707.0 2428.0
ship 1616.0 2361.0 1647.0 2406.0
ship 1425.0 2211.0 1453.0 2254.0
ship 1660.0 2313.0 1691.0 2361.0
ship 1438.0 2278.0 1470.0 2327.0
ship 1464.0 2229.0 1493.0 2273.0
ship 1482.0 2237.0 1510.0 2283.0
ship 1501.0 2246.0 1531.0 2293.0
ship 1459.0 2288.0 1490.0 2335.0
ship 1478.0 2300.0 1508.0 2345.0
ship 1500.0 2303.0 1530.0 2349.0
ship 1540.0 2261.0 1573.0 2308.0
ship 1536.0 2323.0 1570.0 2372.0
ship 1559.0 2333.0 1588.0 2377.0
ship 1584.0 2281.0 1611.0 2325.0
ship 1601.0 2289.0 1630.0 2334.0
ship 1620.0 2297.0 1650.0 2343.0
ship 1640.0 2304.0 1670.0 2350.0
ship 1682.0 2322.0 1709.0 2366.0
ship 1027.0 2916.0 1059.0 2964.0
ship 1056.0 2936.0 1082.0 2974.0
ship 1083.0 2909.0 1119.0 2967.0
ship 680.0 3814.0 713.0 3871.0
ship 506.0 3740.0 547.0 3799.0
ship 531.0 3747.0 567.0 3806.0
ship 549.0 3756.0 589.0 3817.0
ship 590.0 3775.0 629.0 3835.0
ship 615.0 3785.0 654.0 3844.0
ship 641.0 3795.0 672.0 3848.0
ship 657.0 3805.0 695.0 3862.0
ship 702.0 3823.0 735.0 3877.0
ship 976.0 3944.0 1013.0 4002.0
ship 723.0 3831.0 757.0 3889.0
ship 744.0 3845.0 773.0 3898.0
ship 767.0 3855.0 799.0 3906.0
ship 808.0 3872.0 843.0 3927.0
ship 849.0 3889.0 885.0 3944.0
ship 870.0 3897.0 910.0 3957.0
ship 933.0 3928.0 969.0 3984.0
ship 491.0 3731.0 521.0 3783.0
ship 470.0 3721.0 502.0 3775.0
ship 445.0 3713.0 479.0 3769.0
ship 424.0 3701.0 460.0 3757.0
ship 539.0 3511.0 580.0 3575.0
ship 519.0 3503.0 554.0 3557.0
ship 493.0 3486.0 538.0 3556.0
ship 472.0 3478.0 511.0 3537.0
ship 451.0 3468.0 491.0 3530.0
ship 427.0 3457.0 469.0 3526.0
ship 404.0 3448.0 447.0 3519.0
ship 382.0 3442.0 421.0 3503.0
ship 360.0 3429.0 400.0 3496.0
ship 327.0 3418.0 376.0 3492.0
ship 317.0 3659.0 352.0 3713.0
ship 340.0 3666.0 374.0 3721.0
ship 363.0 3682.0 391.0 3726.0
ship 380.0 3686.0 416.0 3742.0
ship 403.0 3694.0 438.0 3750.0
ship 956.0 3937.0 990.0 3991.0
ship 999.0 3952.0 1036.0 4011.0
ship 1121.0 2913.0 1148.0 2958.0
ship 580.0 3849.0 610.0 3897.0
ship 746.0 3920.0 777.0 3970.0
ship 723.0 3908.0 759.0 3960.0
ship 707.0 3900.0 736.0 3948.0
ship 682.0 3888.0 717.0 3942.0
ship 661.0 3880.0 694.0 3933.0
ship 640.0 3874.0 671.0 3923.0
ship 620.0 3862.0 653.0 3913.0
ship 557.0 3836.0 591.0 3888.0
ship 1020.0 3966.0 1054.0 4019.0
ship 537.0 3830.0 568.0 3879.0
ship 516.0 3818.0 547.0 3870.0
ship 494.0 3809.0 526.0 3861.0
ship 475.0 3800.0 507.0 3851.0
ship 451.0 3788.0 488.0 3844.0
ship 431.0 3781.0 467.0 3835.0
ship 408.0 3771.0 445.0 3825.0
ship 765.0 3926.0 797.0 3980.0
ship 783.0 3936.0 819.0 3988.0
ship 805.0 3943.0 840.0 3997.0
ship 829.0 3955.0 860.0 4002.0
ship 1042.0 3972.0 1079.0 4031.0
ship 1061.0 3984.0 1099.0 4038.0
ship 1085.0 3992.0 1119.0 4049.0
ship 1139.0 4007.0 1160.0 4037.0
ship 1055.0 4052.0 1089.0 4107.0
ship 1034.0 4048.0 1066.0 4098.0
ship 1012.0 4035.0 1047.0 4092.0
ship 994.0 4024.0 1026.0 4076.0
ship 972.0 4018.0 1006.0 4071.0
ship 953.0 4005.0 985.0 4059.0
ship 930.0 4000.0 961.0 4051.0
ship 909.0 3992.0 941.0 4043.0
ship 890.0 3980.0 924.0 4031.0
ship 868.0 3973.0 901.0 4023.0
ship 850.0 3965.0 880.0 4013.0
ship 560.0 3518.0 600.0 3586.0
ship 583.0 3525.0 624.0 3592.0
ship 606.0 3536.0 645.0 3601.0
ship 1864.0 732.0 1886.0 747.0
ship 1834.0 797.0 1858.0 818.0
ship 1844.0 781.0 1864.0 796.0
ship 1849.0 770.0 1868.0 784.0
ship 1852.0 763.0 1871.0 777.0
ship 1855.0 755.0 1875.0 769.0
ship 1859.0 746.0 1879.0 760.0
ship 1862.0 740.0 1883.0 754.0
ship 1869.0 724.0 1888.0 739.0
ship 629.0 3544.0 668.0 3609.0
ship 1997.0 922.0 2019.0 939.0
ship 1942.0 584.0 1989.0 610.0
ship 2127.0 541.0 2147.0 552.0
ship 2133.0 485.0 2160.0 500.0
ship 313.0 3500.0 340.0 3541.0
ship 332.0 3502.0 368.0 3555.0
ship 354.0 3513.0 388.0 3565.0
ship 1847.0 838.0 1866.0 850.0
ship 1850.0 834.0 1868.0 846.0
ship 1852.0 829.0 1872.0 840.0
ship 1855.0 822.0 1873.0 834.0
ship 1952.0 828.0 1972.0 842.0
ship 1950.0 840.0 1967.0 859.0
ship 1947.0 860.0 1960.0 877.0
ship 1940.0 862.0 1950.0 881.0
ship 1931.0 875.0 1951.0 888.0
ship 1927.0 881.0 1949.0 896.0
ship 1897.0 729.0 1918.0 744.0
ship 1896.0 738.0 1914.0 751.0
ship 1894.0 746.0 1912.0 758.0 difficult
ship 1883.0 761.0 1902.0 773.0
ship 1882.0 770.0 1900.0 781.0
ship 1876.0 776.0 1896.0 789.0
ship 1869.0 790.0 1889.0 804.0
ship 1865.0 806.0 1882.0 820.0
ship 1861.0 818.0 1876.0 830.0 difficult
ship 398.0 3531.0 432.0 3586.0
ship 416.0 3538.0 455.0 3593.0
ship 438.0 3547.0 475.0 3604.0
ship 910.0 3755.0 943.0 3808.0
ship 964.0 3695.0 1000.0 3752.0
ship 940.0 3682.0 982.0 3748.0
ship 920.0 3677.0 957.0 3735.0
ship 899.0 3659.0 938.0 3721.0
ship 871.0 3652.0 913.0 3720.0
ship 851.0 3643.0 893.0 3710.0
ship 827.0 3636.0 866.0 3701.0
ship 805.0 3624.0 847.0 3691.0
ship 782.0 3620.0 821.0 3679.0
ship 762.0 3609.0 803.0 3672.0
ship 741.0 3599.0 778.0 3656.0
ship 718.0 3588.0 762.0 3649.0
ship 698.0 3570.0 736.0 3630.0
ship 673.0 3562.0 714.0 3632.0
ship 650.0 3557.0 688.0 3619.0
ship 987.0 3702.0 1026.0 3766.0
ship 887.0 3744.0 920.0 3798.0
ship 461.0 3556.0 497.0 3612.0
ship 866.0 3733.0 899.0 3786.0
ship 481.0 3567.0 518.0 3625.0
ship 500.0 3575.0 540.0 3635.0
ship 589.0 3612.0 622.0 3664.0
ship 571.0 3610.0 600.0 3657.0
ship 547.0 3597.0 579.0 3651.0
ship 607.0 3624.0 644.0 3676.0
ship 629.0 3633.0 667.0 3689.0
ship 654.0 3644.0 686.0 3695.0
ship 675.0 3653.0 706.0 3701.0
ship 696.0 3657.0 728.0 3717.0
ship 737.0 3677.0 771.0 3728.0
ship 758.0 3687.0 796.0 3743.0
ship 779.0 3696.0 815.0 3751.0
ship 823.0 3717.0 857.0 3768.0
ship 846.0 3725.0 877.0 3780.0
ship 391.0 3765.0 424.0 3814.0
ship 372.0 3755.0 403.0 3806.0
ship 352.0 3744.0 383.0 3798.0
ship 1070.0 4576.0 1101.0 4590.0
ship 1113.0 4472.0 1153.0 4490.0
ship 1155.0 4478.0 1212.0 4501.0
ship 1099.0 4492.0 1149.0 4520.0
ship 1149.0 4505.0 1200.0 4526.0
ship 1090.0 4516.0 1131.0 4542.0
ship 1076.0 4548.0 1121.0 4565.0
ship 1125.0 4554.0 1162.0 4568.0
ship 1072.0 4563.0 1113.0 4578.0
ship 234.0 3835.0 268.0 3895.0
ship 1104.0 4579.0 1149.0 4595.0
ship 1053.0 4596.0 1109.0 4613.0
ship 1109.0 4600.0 1160.0 4619.0
ship 1101.0 4652.0 1127.0 4664.0
ship 1059.0 4619.0 1113.0 4639.0
ship 1117.0 4626.0 1149.0 4640.0
ship 1179.0 4646.0 1219.0 4679.0
ship 1115.0 4455.0 1159.0 4476.0
ship 1168.0 4457.0 1210.0 4482.0
ship 1126.0 4439.0 1170.0 4467.0
ship 1177.0 4437.0 1224.0 4466.0
ship 944.0 4217.0 975.0 4265.0
ship 964.0 4229.0 993.0 4273.0
ship 983.0 4234.0 1013.0 4285.0
ship 1003.0 4173.0 1038.0 4228.0
ship 1026.0 4188.0 1056.0 4236.0
ship 1002.0 4241.0 1036.0 4294.0
ship 1024.0 4269.0 1043.0 4298.0
ship 1177.0 4414.0 1230.0 4448.0
ship 1250.0 4398.0 1272.0 4437.0
ship 1261.0 4402.0 1283.0 4442.0
ship 1198.0 4363.0 1248.0 4396.0
ship 1191.0 4378.0 1243.0 4412.0
ship 1185.0 4396.0 1248.0 4436.0
ship 1135.0 4412.0 1176.0 4440.0
ship 1139.0 4430.0 1176.0 4453.0
ship 1205.0 4648.0 1265.0 4670.0
ship 1241.0 4563.0 1302.0 4584.0
ship 1244.0 4537.0 1305.0 4559.0
ship 830.0 4368.0 853.0 4403.0
ship 121.0 4351.0 182.0 4381.0
ship 118.0 4330.0 175.0 4357.0
ship 112.0 4310.0 169.0 4336.0
ship 1251.0 3030.0 1269.0 3056.0
ship 1256.0 2983.0 1287.0 3030.0
ship 1217.0 3005.0 1246.0 3047.0
ship 1198.0 2993.0 1227.0 3036.0
ship 1219.0 2957.0 1241.0 3000.0
ship 1169.0 2985.0 1197.0 3027.0
ship 1188.0 2949.0 1212.0 2986.0
ship 1172.0 2938.0 1194.0 2974.0
ship 1149.0 2966.0 1181.0 3019.0
ship 1123.0 2964.0 1150.0 3005.0
ship 1103.0 2956.0 1130.0 2997.0
ship 1138.0 2920.0 1170.0 2968.0
ship 127.0 4373.0 179.0 4403.0
ship 844.0 4372.0 868.0 4409.0
ship 1261.0 4515.0 1306.0 4532.0
ship 862.0 4381.0 885.0 4414.0
ship 1255.0 4498.0 1310.0 4515.0
ship 1270.0 4481.0 1315.0 4499.0
ship 1276.0 4467.0 1310.0 4482.0
ship 1281.0 4454.0 1311.0 4468.0
ship 1270.0 4435.0 1313.0 4452.0
ship 983.0 4366.0 1003.0 4393.0
ship 931.0 4341.0 967.0 4393.0
ship 912.0 4335.0 944.0 4386.0
ship 895.0 4323.0 925.0 4373.0
ship 869.0 4322.0 906.0 4370.0
ship 939.0 4415.0 958.0 4448.0
ship 922.0 4409.0 941.0 4440.0
ship 906.0 4402.0 928.0 4437.0
ship 892.0 4392.0 916.0 4427.0
ship 879.0 4386.0 898.0 4419.0
ship 213.0 3903.0 241.0 3948.0
ship 233.0 3910.0 263.0 3957.0
ship 332.0 3736.0 362.0 3787.0
ship 785.0 4152.0 816.0 4201.0
ship 923.0 4208.0 955.0 4259.0
ship 904.0 4202.0 935.0 4250.0
ship 889.0 4196.0 914.0 4233.0
ship 865.0 4185.0 893.0 4230.0
ship 844.0 4174.0 874.0 4221.0
ship 823.0 4167.0 856.0 4219.0
ship 803.0 4163.0 833.0 4208.0
ship 767.0 4139.0 796.0 4184.0
ship 255.0 3852.0 287.0 3901.0
ship 744.0 4135.0 777.0 4184.0
ship 726.0 4125.0 755.0 4169.0
ship 708.0 4116.0 736.0 4161.0
ship 688.0 4106.0 716.0 4154.0
ship 667.0 4098.0 696.0 4146.0
ship 736.0 4056.0 765.0 4105.0
ship 714.0 4047.0 744.0 4098.0
ship 961.0 4158.0 992.0 4208.0
ship 941.0 4147.0 973.0 4201.0
ship 920.0 4137.0 953.0 4190.0
ship 879.0 4119.0 912.0 4173.0
ship 309.0 3729.0 340.0 3780.0
ship 288.0 3714.0 320.0 3768.0
ship 268.0 3707.0 299.0 3758.0
ship 226.0 3693.0 257.0 3739.0
ship 205.0 3680.0 238.0 3733.0
ship 300.0 3654.0 329.0 3701.0
ship 276.0 3638.0 311.0 3694.0
ship 258.0 3634.0 288.0 3682.0
ship 233.0 3617.0 269.0 3675.0
ship 207.0 3610.0 244.0 3664.0
ship 143.0 3594.0 219.0 3712.0
ship 752.0 4065.0 788.0 4119.0
ship 795.0 4084.0 830.0 4135.0
ship 814.0 4092.0 850.0 4146.0
ship 836.0 4104.0 873.0 4155.0
ship 694.0 4039.0 724.0 4089.0
ship 670.0 4029.0 703.0 4085.0
ship 644.0 4096.0 673.0 4139.0
ship 427.0 3991.0 463.0 4044.0
ship 367.0 3967.0 401.0 4020.0
ship 442.0 3930.0 475.0 3983.0
ship 422.0 3924.0 452.0 3974.0
ship 400.0 3912.0 433.0 3967.0
ship 378.0 3901.0 416.0 3956.0
ship 332.0 3953.0 360.0 4003.0
ship 310.0 3941.0 341.0 3992.0
ship 291.0 3936.0 321.0 3987.0
ship 271.0 3924.0 303.0 3974.0
ship 250.0 3918.0 281.0 3965.0
ship 361.0 3909.0 386.0 3947.0
ship 338.0 3886.0 370.0 3937.0
ship 319.0 3874.0 351.0 3928.0
ship 296.0 3868.0 331.0 3921.0
ship 275.0 3859.0 308.0 3913.0
ship 389.0 3977.0 420.0 4027.0
ship 462.0 3940.0 495.0 3993.0
ship 626.0 4082.0 656.0 4131.0
ship 484.0 3953.0 516.0 4001.0
ship 609.0 4077.0 636.0 4122.0
ship 588.0 4068.0 615.0 4112.0
ship 568.0 4058.0 595.0 4105.0
ship 649.0 4019.0 682.0 4073.0
ship 632.0 4010.0 659.0 4057.0
ship 608.0 4004.0 641.0 4056.0
ship 588.0 3993.0 618.0 4044.0
ship 547.0 4048.0 576.0 4094.0
ship 529.0 4040.0 557.0 4088.0
ship 508.0 4028.0 536.0 4076.0
ship 486.0 4019.0 517.0 4069.0
ship 468.0 4015.0 497.0 4062.0
ship 567.0 3985.0 599.0 4038.0
ship 546.0 3977.0 580.0 4027.0
ship 505.0 3956.0 538.0 4009.0
harbor 1998.0 388.0 2225.0 441.0
