small-vehicle 1089.0 576.0 1102.0 589.0 difficult
ship 437.0 697.0 455.0 706.0
ship 557.0 321.0 603.0 386.0
ship 550.0 333.0 575.0 372.0
ship 558.0 298.0 578.0 325.0
ship 542.0 206.0 562.0 223.0
ship 528.0 228.0 549.0 261.0
ship 476.0 149.0 492.0 178.0
ship 235.0 111.0 246.0 142.0
ship 141.0 295.0 157.0 316.0
harbor 1803.0 1245.0 1834.0 1278.0
harbor 1373.0 776.0 1650.0 971.0
harbor 1370.0 682.0 1456.0 743.0
harbor 1442.0 637.0 1671.0 838.0
harbor 1571.0 641.0 1613.0 697.0
harbor 1631.0 680.0 1699.0 743.0
harbor 1690.0 666.0 1936.0 919.0
ship 430.0 447.0 439.0 465.0
ship 752.0 543.0 814.0 569.0
ship 754.0 643.0 782.0 660.0
ship 783.0 563.0 816.0 580.0
ship 729.0 624.0 753.0 642.0
ship 821.0 567.0 831.0 581.0 difficult
ship 827.0 580.0 836.0 596.0 difficult
ship 801.0 593.0 824.0 606.0
ship 772.0 597.0 801.0 614.0
ship 751.0 605.0 772.0 619.0
ship 727.0 612.0 752.0 625.0
ship 679.0 622.0 706.0 637.0
ship 666.0 579.0 694.0 595.0
ship 722.0 566.0 750.0 580.0
ship 696.0 573.0 720.0 588.0
ship 671.0 592.0 697.0 609.0
ship 699.0 584.0 727.0 604.0
ship 728.0 578.0 756.0 593.0
ship 761.0 572.0 782.0 584.0
harbor 1973.0 761.0 2079.0 861.0
harbor 213.0 1839.0 264.0 1894.0
harbor 1803.0 1449.0 1871.0 1563.0
harbor 1545.0 1533.0 1570.0 1609.0
harbor 477.0 1195.0 550.0 1269.0
harbor 419.0 1151.0 482.0 1202.0
harbor 392.0 1090.0 443.0 1138.0
harbor 368.0 966.0 429.0 1032.0
harbor 446.0 765.0 513.0 866.0
harbor 366.0 786.0 448.0 908.0
harbor 710.0 706.0 832.0 768.0
harbor 670.0 551.0 865.0 686.0
harbor 518.0 223.0 618.0 386.0
harbor 506.0 135.0 567.0 218.0
harbor 478.0 118.0 542.0 205.0
harbor 429.0 103.0 464.0 204.0
harbor 375.0 91.0 433.0 189.0
harbor 248.0 62.0 340.0 183.0
harbor 207.0 52.0 251.0 154.0
harbor 583.0 1262.0 659.0 1343.0
harbor 647.0 1296.0 717.0 1383.0
harbor 717.0 1353.0 757.0 1413.0
harbor 1163.0 1731.0 1208.0 1782.0
harbor 1462.0 1543.0 1495.0 1602.0
harbor 1410.0 1537.0 1457.0 1618.0
harbor 1356.0 1544.0 1432.0 1642.0
harbor 1369.0 1623.0 1420.0 1672.0
harbor 1362.0 1677.0 1420.0 1718.0
harbor 1245.0 1745.0 1275.0 1789.0
harbor 1088.0 1731.0 1139.0 1781.0
harbor 741.0 1426.0 806.0 1491.0
harbor 1008.0 1690.0 1049.0 1763.0
harbor 934.0 1646.0 990.0 1703.0
harbor 888.0 1599.0 943.0 1653.0
harbor 867.0 1569.0 915.0 1613.0
harbor 838.0 1529.0 883.0 1570.0
harbor 799.0 1493.0 850.0 1547.0
ship 683.0 632.0 726.0 654.0
ship 808.0 626.0 827.0 639.0
small-vehicle 1250.0 735.0 1262.0 745.0 difficult
ship 1768.0 752.0 1813.0 764.0 difficult
ship 1685.0 771.0 1748.0 838.0
ship 1703.0 760.0 1763.0 825.0
ship 1475.0 670.0 1490.0 688.0 difficult
ship 1660.0 716.0 1680.0 735.0 difficult
ship 1621.0 770.0 1661.0 808.0 difficult
ship 1558.0 716.0 1582.0 737.0 difficult
ship 1488.0 699.0 1505.0 714.0 difficult
ship 1468.0 700.0 1508.0 736.0 difficult
ship 1594.0 843.0 1625.0 865.0 difficult
ship 1557.0 829.0 1580.0 845.0 difficult
ship 1523.0 819.0 1548.0 834.0 difficult
ship 1533.0 857.0 1557.0 898.0 difficult
ship 1494.0 956.0 1519.0 979.0 difficult
ship 1573.0 1058.0 1619.0 1090.0 difficult
ship 1940.0 1087.0 1954.0 1130.0 difficult
ship 1767.0 738.0 1792.0 748.0 difficult
ship 1779.0 775.0 1811.0 813.0 difficult
ship 806.0 633.0 829.0 646.0
ship 1807.0 759.0 1839.0 800.0 difficult
small-vehicle 1134.0 665.0 1142.0 680.0 difficult
small-vehicle 966.0 590.0 980.0 598.0 difficult
small-vehicle 863.0 595.0 877.0 601.0 difficult
small-vehicle 964.0 734.0 978.0 740.0 difficult
small-vehicle 1180.0 1145.0 1191.0 1157.0 difficult
small-vehicle 749.0 976.0 762.0 986.0 difficult
small-vehicle 737.0 982.0 750.0 992.0 difficult
small-vehicle 579.0 1059.0 592.0 1066.0 difficult
ship 1823.0 640.0 1840.0 652.0 difficult
ship 1908.0 804.0 1927.0 823.0 difficult
ship 1893.0 786.0 1909.0 806.0 difficult
ship 1855.0 769.0 1884.0 798.0 difficult
ship 1868.0 757.0 1892.0 783.0 difficult
ship 1820.0 743.0 1845.0 753.0 difficult
ship 1794.0 740.0 1817.0 752.0 difficult
ship 1704.0 1161.0 1741.0 1188.0 difficult
ship 1835.0 1511.0 1850.0 1523.0 difficult
ship 1823.0 1516.0 1837.0 1527.0 difficult
small-vehicle 1496.0 1483.0 1509.0 1490.0 difficult
ship 481.0 810.0 505.0 824.0
ship 474.0 781.0 497.0 798.0
ship 472.0 771.0 496.0 786.0
ship 546.0 803.0 562.0 814.0 difficult
ship 551.0 746.0 582.0 766.0
ship 567.0 779.0 584.0 790.0
ship 591.0 783.0 613.0 797.0
ship 583.0 766.0 611.0 785.0
ship 786.0 729.0 801.0 750.0
ship 765.0 737.0 774.0 751.0 difficult
ship 773.0 738.0 781.0 751.0 difficult
ship 750.0 711.0 776.0 728.0
ship 792.0 693.0 827.0 717.0
ship 757.0 660.0 781.0 676.0
ship 786.0 654.0 806.0 666.0
ship 488.0 830.0 507.0 845.0
ship 400.0 872.0 441.0 899.0
ship 483.0 1204.0 504.0 1223.0
small-vehicle 1399.0 75.0 1414.0 83.0 difficult
ship 1416.0 1615.0 1439.0 1637.0 difficult
small-vehicle 1287.0 436.0 1298.0 442.0 difficult
small-vehicle 1269.0 431.0 1281.0 436.0 difficult
small-vehicle 1104.0 422.0 1117.0 428.0 difficult
small-vehicle 1071.0 388.0 1078.0 403.0 difficult
small-vehicle 1405.0 465.0 1425.0 475.0 difficult
ship 414.0 125.0 426.0 152.0
ship 497.0 1233.0 512.0 1250.0 difficult
ship 1033.0 1744.0 1049.0 1752.0
ship 937.0 1679.0 960.0 1700.0
ship 739.0 1457.0 762.0 1488.0
ship 757.0 1459.0 778.0 1484.0
ship 754.0 1437.0 775.0 1455.0
ship 711.0 1376.0 731.0 1402.0
harbor 145.0 39.0 191.0 104.0
