ship 6.0 5857.0 31.0 5899.0
harbor 192.0 3648.0 322.0 3754.0
harbor 377.0 331.0 518.0 434.0
harbor 378.0 523.0 519.0 620.0
harbor 381.0 708.0 515.0 808.0
harbor 370.0 1069.0 516.0 1182.0
harbor 359.0 1439.0 482.0 1542.0
harbor 352.0 1625.0 482.0 1726.0
harbor 327.0 1989.0 438.0 2090.0
harbor 316.0 2175.0 430.0 2279.0
harbor 309.0 2355.0 434.0 2456.0
harbor 295.0 2550.0 429.0 2643.0
harbor 265.0 2902.0 377.0 3010.0
harbor 249.0 3088.0 370.0 3194.0
harbor 230.0 3274.0 350.0 3378.0
harbor 208.0 3455.0 341.0 3563.0
harbor 132.0 4010.0 256.0 4113.0
ship 87.0 1253.0 110.0 1303.0
harbor 122.0 4195.0 232.0 4302.0
harbor 103.0 4382.0 236.0 4489.0
harbor 89.0 4952.0 214.0 5050.0
harbor 44.0 5308.0 233.0 5418.0
harbor 14.0 5486.0 131.0 5586.0
harbor 11.0 5668.0 131.0 5772.0
ship 414.0 145.0 437.0 184.0
ship 358.0 326.0 377.0 375.0
ship 397.0 330.0 416.0 372.0
ship 342.0 1424.0 363.0 1472.0
ship 374.0 1623.0 396.0 1673.0
ship 86.0 4347.0 118.0 4419.0
ship 198.0 3444.0 224.0 3489.0
ship 249.0 2889.0 279.0 2946.0
harbor 384.0 131.0 521.0 247.0
