ship 2006.0 408.0 2026.0 439.0
harbor 2710.0 271.0 2853.0 749.0
harbor 284.0 70.0 335.0 170.0
harbor 368.0 83.0 422.0 199.0
harbor 473.0 93.0 533.0 219.0
harbor 596.0 125.0 683.0 318.0
harbor 917.0 144.0 1015.0 324.0
harbor 1042.0 79.0 1159.0 315.0
harbor 1262.0 86.0 1373.0 306.0
harbor 1528.0 92.0 1634.0 318.0
harbor 1860.0 157.0 1991.0 367.0
harbor 1983.0 199.0 2097.0 430.0
harbor 2103.0 227.0 2225.0 451.0
harbor 2337.0 310.0 2468.0 693.0
harbor 2522.0 291.0 2611.0 643.0
harbor 2626.0 273.0 2746.0 733.0
harbor 2863.0 276.0 2952.0 611.0
ship 1968.0 393.0 1990.0 427.0
ship 1029.0 269.0 1048.0 297.0 difficult
ship 1056.0 280.0 1089.0 301.0 difficult
ship 1898.0 334.0 1930.0 358.0 difficult
ship 1907.0 320.0 1935.0 339.0 difficult
ship 2567.0 72.0 2588.0 102.0 difficult
ship 2553.0 615.0 2566.0 644.0 difficult
ship 2614.0 703.0 2633.0 730.0 difficult
swimming-pool 2757.0 90.0 2806.0 118.0
swimming-pool 2839.0 66.0 2889.0 116.0
ship 2503.0 268.0 2516.0 289.0 difficult
ship 2373.0 256.0 2384.0 276.0 difficult
ship 2075.0 153.0 2095.0 168.0 difficult
ship 609.0 280.0 642.0 298.0
ship 2145.0 429.0 2167.0 459.0
harbor 99.0 2.0 188.0 116.0
