ship 1183.0 1176.0 1210.0 1190.0
harbor 659.0 233.0 747.0 271.0
harbor 720.0 716.0 850.0 804.0
harbor 740.0 651.0 812.0 710.0
harbor 677.0 590.0 775.0 663.0
harbor 654.0 558.0 752.0 610.0
harbor 643.0 483.0 730.0 532.0
harbor 647.0 381.0 736.0 419.0
harbor 686.0 320.0 756.0 355.0
harbor 641.0 114.0 755.0 196.0
harbor 932.0 957.0 1061.0 1032.0
harbor 9.0 224.0 79.0 494.0
harbor 10.0 488.0 53.0 574.0
harbor 204.0 100.0 250.0 139.0
harbor 189.0 211.0 234.0 229.0
ship 17.0 50.0 59.0 70.0
ship 207.0 108.0 242.0 125.0
ship 53.0 229.0 96.0 257.0
harbor 856.0 855.0 968.0 935.0
harbor 1014.0 1059.0 1130.0 1112.0
ship 29.0 486.0 79.0 506.0
harbor 184.0 823.0 235.0 869.0
harbor 613.0 1255.0 665.0 1305.0
harbor 586.0 1202.0 674.0 1267.0
harbor 543.0 1153.0 618.0 1223.0
harbor 434.0 1066.0 484.0 1110.0
harbor 392.0 1010.0 448.0 1065.0
harbor 321.0 954.0 381.0 1014.0
harbor 205.0 850.0 252.0 892.0
harbor 132.0 733.0 195.0 779.0
harbor 1091.0 1173.0 1213.0 1209.0
harbor 152.0 572.0 202.0 638.0
harbor 160.0 486.0 210.0 531.0
harbor 172.0 412.0 213.0 443.0
harbor 191.0 338.0 222.0 359.0
harbor 184.0 255.0 231.0 276.0
harbor 1178.0 1322.0 1299.0 1348.0
harbor 1136.0 1247.0 1258.0 1286.0
ship 161.0 394.0 199.0 413.0
ship 28.0 505.0 65.0 518.0
ship 1097.0 1048.0 1125.0 1067.0
ship 825.0 748.0 856.0 770.0
ship 162.0 563.0 188.0 577.0
ship 155.0 583.0 181.0 597.0
ship 13.0 645.0 43.0 663.0
ship 0.0 567.0 47.0 586.0
ship 148.0 698.0 177.0 718.0
ship 198.0 808.0 222.0 836.0
ship 725.0 579.0 754.0 601.0
ship 298.0 937.0 327.0 964.0
ship 187.0 325.0 213.0 339.0
ship 391.0 1013.0 416.0 1040.0
ship 611.0 1273.0 633.0 1289.0
small-vehicle 402.0 728.0 424.0 747.0
small-vehicle 441.0 763.0 468.0 782.0
small-vehicle 435.0 833.0 458.0 853.0
small-vehicle 565.0 912.0 590.0 933.0
ship 927.0 848.0 958.0 875.0
ship 160.0 525.0 185.0 538.0
ship 698.0 222.0 717.0 234.0
ship 25.0 534.0 64.0 556.0
ship 588.0 1242.0 613.0 1262.0
ship 21.0 551.0 62.0 570.0
ship 148.0 612.0 185.0 626.0
ship 145.0 635.0 191.0 656.0
ship 147.0 684.0 176.0 703.0
ship 229.0 857.0 258.0 886.0
ship 556.0 1193.0 584.0 1217.0
ship 550.0 1203.0 605.0 1252.0
ship 1104.0 1083.0 1138.0 1105.0
ship 724.0 241.0 747.0 254.0
ship 1035.0 979.0 1067.0 1003.0
small-vehicle 513.0 86.0 532.0 104.0 difficult
small-vehicle 424.0 89.0 437.0 113.0
small-vehicle 453.0 99.0 464.0 121.0
small-vehicle 507.0 213.0 526.0 223.0
small-vehicle 555.0 176.0 574.0 185.0
ship 493.0 405.0 527.0 418.0
harbor 635.0 1297.0 684.0 1333.0
