ship 177.0 768.0 190.0 801.0
harbor 2605.0 613.0 2806.0 1070.0
harbor 422.0 328.0 460.0 695.0
harbor 553.0 283.0 588.0 431.0
harbor 911.0 231.0 949.0 367.0
harbor 1038.0 213.0 1055.0 303.0
harbor 1166.0 213.0 1233.0 435.0
harbor 1486.0 291.0 1619.0 644.0
harbor 1708.0 344.0 1863.0 698.0
harbor 2008.0 427.0 2184.0 746.0
harbor 2097.0 425.0 2302.0 772.0
small-vehicle 186.0 103.0 198.0 130.0
ship 462.0 670.0 476.0 699.0
swimming-pool 823.0 90.0 862.0 147.0
ship 961.0 203.0 974.0 224.0
small-vehicle 1907.0 151.0 1921.0 177.0 difficult
small-vehicle 1853.0 84.0 1877.0 99.0 difficult
swimming-pool 2281.0 322.0 2328.0 363.0
small-vehicle 2576.0 249.0 2590.0 272.0 difficult
ship 2125.0 739.0 2150.0 774.0
ship 1748.0 671.0 1767.0 700.0
ship 1505.0 614.0 1526.0 644.0
harbor 149.0 329.0 179.0 799.0
