ship 4136.0 446.0 4157.0 455.0
small-vehicle 6015.0 1030.0 6036.0 1040.0 difficult
harbor 4135.0 457.0 4163.0 580.0
harbor 4233.0 408.0 4275.0 556.0
harbor 4277.0 456.0 4307.0 559.0
harbor 4308.0 423.0 4337.0 545.0
harbor 4352.0 453.0 4374.0 531.0
harbor 4385.0 385.0 4424.0 542.0
harbor 4438.0 448.0 4466.0 543.0
harbor 4511.0 437.0 4545.0 526.0
harbor 4551.0 397.0 4587.0 514.0
harbor 4618.0 392.0 4657.0 480.0
harbor 4676.0 328.0 4730.0 487.0
harbor 4791.0 349.0 4825.0 469.0
harbor 4830.0 299.0 4882.0 455.0
harbor 4905.0 297.0 4936.0 432.0
harbor 4957.0 296.0 5002.0 424.0
harbor 5019.0 277.0 5059.0 413.0
harbor 5081.0 309.0 5107.0 434.0
harbor 5128.0 310.0 5159.0 443.0
harbor 5822.0 276.0 5843.0 394.0
harbor 5715.0 293.0 5751.0 410.0
harbor 5646.0 360.0 5678.0 437.0
harbor 5593.0 349.0 5626.0 458.0
harbor 5526.0 343.0 5559.0 463.0
harbor 5407.0 365.0 5442.0 454.0
ship 2449.0 838.0 2470.0 862.0
harbor 4027.0 433.0 4059.0 575.0
harbor 3837.0 479.0 3902.0 663.0
harbor 3753.0 499.0 3833.0 729.0
harbor 1817.0 909.0 1843.0 1076.0
harbor 409.0 686.0 468.0 877.0
harbor 492.0 714.0 569.0 1008.0
harbor 597.0 725.0 634.0 909.0
harbor 694.0 734.0 778.0 1072.0
harbor 777.0 689.0 873.0 1075.0
harbor 867.0 699.0 960.0 1075.0
harbor 939.0 691.0 1008.0 900.0
harbor 1391.0 825.0 1435.0 980.0
harbor 1496.0 950.0 1532.0 1056.0
harbor 1620.0 864.0 1649.0 1060.0
harbor 1695.0 842.0 1730.0 1039.0
harbor 1911.0 887.0 1964.0 1092.0
harbor 3656.0 514.0 3739.0 739.0
harbor 1984.0 891.0 2043.0 1074.0
harbor 2306.0 846.0 2339.0 1011.0
harbor 2371.0 852.0 2411.0 1019.0
harbor 2461.0 814.0 2523.0 1023.0
harbor 2550.0 797.0 2630.0 1036.0
harbor 2667.0 800.0 2736.0 1071.0
harbor 2734.0 704.0 2820.0 1060.0
harbor 2842.0 671.0 2889.0 883.0
harbor 2988.0 603.0 3080.0 886.0
harbor 3257.0 645.0 3284.0 737.0
harbor 3391.0 542.0 3457.0 767.0
ship 2572.0 801.0 2589.0 825.0
ship 2446.0 1036.0 2462.0 1062.0
ship 4777.0 343.0 4796.0 371.0
small-vehicle 5037.0 1028.0 5065.0 1042.0 difficult
small-vehicle 4791.0 692.0 4817.0 720.0
small-vehicle 4749.0 826.0 4772.0 836.0 difficult
small-vehicle 4838.0 889.0 4859.0 917.0
ship 4924.0 961.0 4948.0 981.0
small-vehicle 4949.0 624.0 4960.0 644.0 difficult
small-vehicle 5030.0 601.0 5054.0 617.0 difficult
small-vehicle 5054.0 614.0 5065.0 634.0 difficult
small-vehicle 4671.0 679.0 4687.0 702.0 difficult
small-vehicle 5043.0 852.0 5068.0 861.0
small-vehicle 5031.0 985.0 5057.0 996.0 difficult
small-vehicle 5054.0 974.0 5074.0 983.0 difficult
small-vehicle 5053.0 1088.0 5076.0 1100.0 difficult
small-vehicle 4588.0 979.0 4603.0 1000.0 difficult
small-vehicle 5170.0 1080.0 5190.0 1091.0 difficult
small-vehicle 5285.0 944.0 5313.0 969.0 difficult
ship 5169.0 595.0 5179.0 619.0
small-vehicle 5236.0 624.0 5258.0 637.0 difficult
small-vehicle 5297.0 646.0 5320.0 663.0 difficult
small-vehicle 5308.0 671.0 5322.0 691.0 difficult
small-vehicle 6019.0 905.0 6045.0 917.0 difficult
small-vehicle 5945.0 705.0 5961.0 730.0 difficult
small-vehicle 5805.0 661.0 5817.0 685.0 difficult
small-vehicle 5790.0 597.0 5804.0 621.0 difficult
ship 5807.0 583.0 5825.0 611.0
ship 4646.0 806.0 4671.0 819.0
small-vehicle 4551.0 971.0 4572.0 996.0 difficult
ship 4803.0 331.0 4820.0 360.0
swimming-pool 3828.0 904.0 3885.0 935.0
ship 4894.0 296.0 4912.0 332.0
ship 5702.0 297.0 5717.0 325.0
swimming-pool 5438.0 544.0 5479.0 570.0
ship 5175.0 508.0 5189.0 537.0
ship 4952.0 733.0 4979.0 753.0
swimming-pool 3204.0 1063.0 3241.0 1091.0
small-vehicle 3386.0 1065.0 3396.0 1083.0 difficult
small-vehicle 3424.0 1052.0 3439.0 1075.0 difficult
small-vehicle 3777.0 1042.0 3789.0 1064.0 difficult
small-vehicle 3788.0 1013.0 3802.0 1034.0 difficult
small-vehicle 3889.0 1012.0 3902.0 1038.0 difficult
small-vehicle 4030.0 1055.0 4053.0 1071.0 difficult
small-vehicle 4543.0 962.0 4563.0 984.0 difficult
ship 4117.0 881.0 4140.0 894.0
ship 4012.0 770.0 4029.0 797.0
small-vehicle 4245.0 1004.0 4257.0 1026.0 difficult
small-vehicle 4266.0 991.0 4281.0 1016.0 difficult
ship 4243.0 615.0 4255.0 638.0
ship 4244.0 654.0 4250.0 667.0 difficult
small-vehicle 4326.0 670.0 4343.0 690.0 difficult
small-vehicle 4447.0 659.0 4461.0 680.0 difficult
ship 4455.0 586.0 4469.0 606.0
ship 4445.0 1009.0 4477.0 1031.0
small-vehicle 4526.0 950.0 4550.0 971.0 difficult
harbor 326.0 699.0 358.0 920.0
