ship 3019.0 1070.0 3082.0 1098.0
harbor 2230.0 324.0 2344.0 744.0
harbor 447.0 356.0 557.0 721.0
harbor 612.0 354.0 722.0 710.0
harbor 732.0 388.0 829.0 714.0
harbor 895.0 425.0 992.0 749.0
harbor 1102.0 420.0 1202.0 781.0
harbor 1213.0 375.0 1299.0 732.0
harbor 1423.0 357.0 1501.0 744.0
harbor 1641.0 346.0 1735.0 744.0
harbor 1760.0 280.0 1852.0 719.0
harbor 1979.0 624.0 2036.0 760.0
harbor 2464.0 345.0 2577.0 717.0
swimming-pool 1171.0 972.0 1223.0 995.0
harbor 2708.0 491.0 2796.0 805.0
harbor 2818.0 491.0 2920.0 776.0
harbor 3068.0 201.0 3177.0 649.0
harbor 3562.0 369.0 3680.0 712.0
harbor 3860.0 315.0 3972.0 671.0
small-vehicle 3634.0 1084.0 3675.0 1127.0 difficult
ship 668.0 1013.0 729.0 1053.0
ship 686.0 1069.0 741.0 1112.0
ship 121.0 851.0 150.0 901.0
ship 1712.0 261.0 1766.0 354.0
harbor 266.0 390.0 354.0 698.0
