small-vehicle 730.0 1600.0 749.0 1621.0 difficult
small-vehicle 531.0 1241.0 550.0 1262.0 difficult
harbor 105.0 254.0 276.0 298.0
harbor 77.0 402.0 255.0 447.0
harbor 67.0 485.0 274.0 523.0
harbor 69.0 579.0 292.0 610.0
swimming-pool 32.0 602.0 53.0 644.0
harbor 86.0 628.0 269.0 698.0
harbor 118.0 638.0 358.0 836.0
harbor 331.0 671.0 399.0 763.0
harbor 349.0 694.0 451.0 817.0
harbor 492.0 756.0 618.0 869.0
swimming-pool 437.0 895.0 470.0 933.0
harbor 571.0 851.0 683.0 959.0
harbor 688.0 1021.0 808.0 1127.0
harbor 822.0 1265.0 936.0 1348.0
swimming-pool 777.0 1457.0 814.0 1501.0
harbor 854.0 1383.0 998.0 1463.0
harbor 909.0 1455.0 1046.0 1552.0
ship 316.0 628.0 349.0 657.0
ship 384.0 680.0 405.0 704.0
ship 601.0 785.0 628.0 811.0
ship 900.0 1281.0 922.0 1309.0
ship 966.0 1398.0 987.0 1428.0
ship 305.0 684.0 326.0 706.0
ship 375.0 727.0 395.0 751.0
ship 645.0 844.0 667.0 864.0
small-vehicle 231.0 1041.0 248.0 1061.0 difficult
small-vehicle 242.0 1054.0 260.0 1072.0 difficult
small-vehicle 410.0 1043.0 429.0 1063.0 difficult
small-vehicle 46.0 1265.0 65.0 1285.0 difficult
harbor 477.0 1.0 543.0 40.0 difficult
