ship 1255.0 913.0 1309.0 943.0
harbor 4529.0 918.0 4621.0 1223.0
harbor 4147.0 796.0 4194.0 1139.0
harbor 3890.0 696.0 4030.0 1112.0
harbor 3343.0 695.0 3443.0 991.0
harbor 3189.0 676.0 3310.0 975.0
harbor 3047.0 676.0 3125.0 946.0
harbor 2690.0 650.0 2746.0 907.0
harbor 2525.0 631.0 2614.0 879.0
harbor 2239.0 600.0 2386.0 855.0
harbor 1839.0 567.0 1969.0 796.0
harbor 1683.0 514.0 1785.0 765.0
harbor 1540.0 497.0 1658.0 726.0
harbor 1037.0 375.0 1204.0 614.0
harbor 1270.0 428.0 1421.0 669.0
harbor 864.0 341.0 1002.0 556.0
harbor 701.0 305.0 837.0 518.0
harbor 4326.0 886.0 4430.0 1156.0
harbor 4733.0 944.0 4806.0 1263.0
ship 1150.0 1017.0 1205.0 1049.0
harbor 4865.0 957.0 4937.0 1299.0
ship 1053.0 536.0 1085.0 591.0 difficult
ship 946.0 504.0 976.0 561.0
small-vehicle 4175.0 424.0 4199.0 469.0
small-vehicle 4029.0 407.0 4082.0 456.0
ship 4602.0 401.0 4646.0 427.0
ship 4965.0 1244.0 4987.0 1290.0
ship 3170.0 904.0 3196.0 956.0
ship 3408.0 394.0 3436.0 444.0
small-vehicle 3254.0 328.0 3279.0 373.0
small-vehicle 3501.0 175.0 3520.0 214.0
small-vehicle 1549.0 80.0 1603.0 110.0
small-vehicle 1392.0 14.0 1416.0 59.0
harbor 5313.0 970.0 5477.0 1336.0 difficult
harbor 5095.0 989.0 5230.0 1331.0
harbor 4979.0 976.0 5071.0 1318.0
harbor 300.0 94.0 421.0 353.0
