small-vehicle 6380.0 1122.0 6391.0 1145.0 difficult
harbor 6933.0 957.0 6980.0 1070.0
harbor 3894.0 892.0 3922.0 1193.0
harbor 3961.0 887.0 3998.0 1181.0
harbor 4042.0 855.0 4093.0 1217.0
harbor 4117.0 848.0 4148.0 1204.0
harbor 4183.0 840.0 4226.0 1193.0
harbor 4331.0 946.0 4351.0 1186.0
harbor 4415.0 696.0 4440.0 1118.0
harbor 4475.0 699.0 4520.0 1120.0
harbor 4524.0 685.0 4603.0 1097.0
harbor 4638.0 668.0 4717.0 1034.0
harbor 4956.0 490.0 5178.0 580.0
harbor 5262.0 409.0 5529.0 506.0
harbor 5509.0 853.0 5534.0 940.0
harbor 5654.0 868.0 5681.0 966.0
harbor 5584.0 862.0 5620.0 960.0
harbor 5717.0 877.0 5742.0 973.0
harbor 5791.0 907.0 5813.0 982.0
harbor 5852.0 872.0 5873.0 980.0
harbor 5922.0 866.0 5945.0 978.0
harbor 5991.0 852.0 6023.0 969.0
harbor 6063.0 895.0 6082.0 962.0
harbor 6122.0 839.0 6152.0 964.0
harbor 6278.0 764.0 6318.0 1034.0
harbor 6373.0 728.0 6417.0 1031.0
harbor 6707.0 788.0 6727.0 875.0
harbor 6750.0 815.0 6768.0 953.0
harbor 6806.0 853.0 6841.0 954.0
harbor 3821.0 922.0 3853.0 1195.0
harbor 3742.0 972.0 3768.0 1193.0
harbor 3660.0 966.0 3720.0 1218.0
harbor 1811.0 642.0 1876.0 820.0
harbor 195.0 248.0 223.0 548.0
harbor 454.0 72.0 523.0 562.0
harbor 583.0 43.0 649.0 579.0
harbor 868.0 56.0 1003.0 642.0
harbor 1002.0 90.0 1117.0 654.0
harbor 1201.0 153.0 1308.0 292.0
harbor 1170.0 279.0 1227.0 688.0
harbor 1322.0 408.0 1465.0 715.0
harbor 1417.0 460.0 1536.0 748.0
harbor 1540.0 535.0 1600.0 768.0
harbor 1625.0 595.0 1689.0 799.0
harbor 1678.0 618.0 1788.0 810.0
harbor 1908.0 748.0 2029.0 935.0
harbor 3484.0 1008.0 3539.0 1223.0
harbor 2010.0 789.0 2095.0 951.0
harbor 2298.0 859.0 2333.0 1020.0
harbor 2530.0 868.0 2579.0 1028.0
harbor 2600.0 879.0 2684.0 1048.0
harbor 2688.0 875.0 2750.0 1057.0
harbor 2746.0 921.0 2831.0 1090.0
harbor 2924.0 962.0 3040.0 1175.0
harbor 3033.0 980.0 3124.0 1191.0
harbor 3190.0 1022.0 3219.0 1201.0
harbor 3238.0 1014.0 3256.0 1219.0
harbor 3309.0 1040.0 3334.0 1214.0
harbor 3379.0 1027.0 3405.0 1214.0
harbor 6869.0 932.0 6896.0 1028.0
harbor 7000.0 994.0 7040.0 1121.0
small-vehicle 6366.0 1122.0 6379.0 1143.0 difficult
harbor 7088.0 1050.0 7113.0 1158.0
small-vehicle 5203.0 880.0 5212.0 900.0
small-vehicle 5253.0 1142.0 5262.0 1168.0
small-vehicle 5304.0 937.0 5330.0 963.0
small-vehicle 5264.0 874.0 5289.0 900.0
small-vehicle 5263.0 861.0 5282.0 881.0
small-vehicle 5263.0 814.0 5285.0 835.0
small-vehicle 5269.0 805.0 5286.0 824.0
ship 5535.0 1109.0 5550.0 1141.0
ship 5135.0 561.0 5163.0 574.0
ship 5143.0 541.0 5174.0 553.0
ship 5117.0 483.0 5141.0 497.0
ship 5251.0 463.0 5264.0 488.0
ship 5558.0 432.0 5583.0 456.0
small-vehicle 5174.0 691.0 5192.0 699.0
small-vehicle 5175.0 701.0 5196.0 711.0
small-vehicle 5177.0 715.0 5201.0 727.0
ship 5940.0 865.0 5955.0 893.0
small-vehicle 5865.0 1120.0 5877.0 1144.0
small-vehicle 5919.0 1137.0 5929.0 1155.0
small-vehicle 6015.0 1130.0 6026.0 1151.0
small-vehicle 6151.0 1119.0 6162.0 1141.0
small-vehicle 6140.0 1192.0 6151.0 1214.0
small-vehicle 6235.0 1242.0 6243.0 1262.0
ship 7037.0 986.0 7054.0 1022.0
small-vehicle 836.0 1133.0 849.0 1164.0 difficult
small-vehicle 762.0 1187.0 784.0 1199.0 difficult
ship 840.0 1101.0 857.0 1132.0
small-vehicle 5210.0 979.0 5220.0 1003.0
small-vehicle 5131.0 965.0 5151.0 986.0
ship 3694.0 971.0 3708.0 998.0
swimming-pool 547.0 613.0 584.0 635.0
harbor 7118.0 1074.0 7162.0 1177.0
harbor 7228.0 1116.0 7272.0 1207.0
harbor 7333.0 1145.0 7370.0 1206.0
harbor 7423.0 1146.0 7449.0 1207.0
harbor 7694.0 1048.0 7737.0 1231.0
harbor 7901.0 1018.0 7955.0 1153.0
harbor 7972.0 1014.0 8010.0 1132.0
ship 3288.0 958.0 3347.0 979.0
ship 5072.0 509.0 5098.0 559.0
ship 4966.0 523.0 4982.0 559.0
ship 7153.0 1073.0 7179.0 1120.0
swimming-pool 484.0 612.0 514.0 634.0
swimming-pool 605.0 616.0 647.0 640.0
small-vehicle 2659.0 1202.0 2672.0 1227.0
swimming-pool 638.0 723.0 693.0 777.0
swimming-pool 181.0 1211.0 225.0 1247.0
small-vehicle 1245.0 1179.0 1267.0 1195.0
small-vehicle 1274.0 1168.0 1283.0 1193.0
small-vehicle 1294.0 1190.0 1317.0 1215.0
ship 1439.0 409.0 1470.0 427.0
ship 1955.0 742.0 1976.0 768.0
ship 2061.0 787.0 2081.0 816.0
small-vehicle 1909.0 1246.0 1928.0 1257.0
small-vehicle 2456.0 1175.0 2468.0 1195.0
small-vehicle 2465.0 1176.0 2483.0 1202.0
small-vehicle 2449.0 1196.0 2462.0 1220.0
harbor 160.0 188.0 244.0 270.0
