small-vehicle 5640.0 1120.0 5652.0 1137.0
harbor 4108.0 1269.0 4152.0 1338.0 difficult
harbor 3031.0 1038.0 3088.0 1088.0
harbor 3300.0 1156.0 3348.0 1255.0
harbor 3442.0 1209.0 3476.0 1283.0
harbor 3529.0 1201.0 3569.0 1284.0
harbor 3607.0 1201.0 3646.0 1293.0
harbor 3663.0 1250.0 3689.0 1296.0
harbor 3970.0 1257.0 4001.0 1331.0
small-vehicle 178.0 29.0 197.0 44.0
ship 1855.0 287.0 1898.0 308.0
small-vehicle 126.0 197.0 149.0 215.0
small-vehicle 433.0 408.0 465.0 429.0
ship 283.0 554.0 307.0 597.0
ship 304.0 567.0 324.0 596.0
ship 733.0 574.0 753.0 607.0
ship 1501.0 392.0 1539.0 424.0
ship 1386.0 575.0 1412.0 598.0
harbor 2894.0 820.0 2958.0 884.0
harbor 2836.0 731.0 2889.0 780.0
harbor 2787.0 658.0 2830.0 698.0
harbor 2532.0 473.0 2572.0 505.0
harbor 241.0 506.0 314.0 600.0
harbor 477.0 554.0 508.0 614.0
harbor 716.0 539.0 761.0 599.0
harbor 917.0 567.0 946.0 625.0
harbor 1037.0 610.0 1110.0 671.0
harbor 1378.0 510.0 1455.0 592.0
harbor 1507.0 364.0 1557.0 415.0
harbor 1571.0 278.0 1632.0 341.0
harbor 1719.0 205.0 1767.0 271.0
harbor 1793.0 222.0 1847.0 285.0
harbor 1862.0 237.0 1911.0 298.0
harbor 1936.0 226.0 1988.0 303.0
harbor 2223.0 310.0 2266.0 360.0
harbor 2318.0 336.0 2357.0 390.0
harbor 2447.0 400.0 2519.0 469.0
ship 1416.0 565.0 1439.0 589.0
ship 1936.0 268.0 1955.0 302.0
small-vehicle 4912.0 987.0 4932.0 1000.0
swimming-pool 4680.0 1050.0 4707.0 1092.0
small-vehicle 4135.0 618.0 4157.0 634.0
small-vehicle 4677.0 135.0 4701.0 143.0
small-vehicle 4318.0 205.0 4344.0 219.0
small-vehicle 4488.0 1264.0 4512.0 1280.0
small-vehicle 4743.0 1028.0 4767.0 1044.0
small-vehicle 4744.0 1045.0 4767.0 1060.0
small-vehicle 5052.0 1065.0 5068.0 1092.0
swimming-pool 4515.0 1149.0 4572.0 1187.0
small-vehicle 1831.0 27.0 1844.0 56.0
small-vehicle 5023.0 154.0 5043.0 164.0
small-vehicle 5256.0 175.0 5277.0 187.0
small-vehicle 5279.0 127.0 5292.0 148.0
small-vehicle 5283.0 105.0 5294.0 126.0
small-vehicle 5297.0 104.0 5308.0 122.0
small-vehicle 5293.0 125.0 5304.0 146.0
small-vehicle 5441.0 926.0 5452.0 947.0
small-vehicle 4133.0 730.0 4157.0 743.0
small-vehicle 4136.0 743.0 4159.0 755.0
ship 3996.0 1299.0 4011.0 1333.0
ship 3464.0 1260.0 3482.0 1285.0
small-vehicle 2488.0 19.0 2510.0 33.0
small-vehicle 2518.0 24.0 2545.0 40.0
small-vehicle 2403.0 43.0 2427.0 60.0
small-vehicle 2459.0 374.0 2487.0 398.0
ship 2251.0 338.0 2269.0 363.0
ship 2300.0 341.0 2330.0 389.0
swimming-pool 2582.0 86.0 2619.0 138.0
ship 2775.0 657.0 2803.0 681.0
ship 2892.0 822.0 2915.0 847.0
small-vehicle 3830.0 57.0 3844.0 81.0
small-vehicle 3824.0 80.0 3839.0 100.0
small-vehicle 3817.0 288.0 3836.0 302.0
small-vehicle 3814.0 299.0 3832.0 312.0
small-vehicle 3850.0 394.0 3864.0 418.0
ship 3873.0 452.0 3889.0 483.0
harbor 151.0 501.0 177.0 571.0
