small-vehicle 3088.0 350.0 3111.0 363.0 difficult
harbor 2736.0 23.0 2756.0 54.0
harbor 2872.0 22.0 2905.0 80.0
harbor 2933.0 18.0 2962.0 72.0
harbor 2992.0 17.0 3013.0 72.0
harbor 3051.0 19.0 3079.0 72.0
harbor 3118.0 20.0 3148.0 71.0
harbor 3168.0 18.0 3200.0 68.0
harbor 3236.0 13.0 3261.0 71.0
harbor 3294.0 6.0 3319.0 76.0
harbor 3353.0 20.0 3379.0 75.0
harbor 2896.0 133.0 2944.0 187.0
harbor 3162.0 139.0 3180.0 175.0
harbor 3221.0 226.0 3251.0 250.0
harbor 3298.0 215.0 3341.0 261.0
harbor 3206.0 296.0 3254.0 318.0
harbor 3312.0 334.0 3348.0 364.0
harbor 3213.0 361.0 3259.0 385.0
harbor 3312.0 393.0 3351.0 431.0
harbor 3216.0 418.0 3260.0 447.0
harbor 3319.0 459.0 3359.0 489.0
harbor 3214.0 477.0 3262.0 504.0
harbor 3218.0 534.0 3266.0 560.0
harbor 3317.0 521.0 3380.0 560.0
harbor 3221.0 583.0 3269.0 617.0
harbor 3319.0 578.0 3362.0 606.0
harbor 3225.0 651.0 3280.0 684.0
harbor 2810.0 22.0 2842.0 78.0
harbor 2690.0 21.0 2718.0 73.0
harbor 3227.0 717.0 3271.0 739.0
harbor 2623.0 21.0 2656.0 68.0
harbor 1949.0 451.0 2006.0 521.0
harbor 2061.0 479.0 2096.0 513.0
harbor 2062.0 557.0 2099.0 595.0
harbor 1961.0 564.0 2009.0 593.0
harbor 2064.0 612.0 2098.0 640.0
harbor 1967.0 625.0 2009.0 651.0
harbor 2064.0 665.0 2091.0 702.0
harbor 1973.0 688.0 2013.0 713.0
harbor 1973.0 751.0 2013.0 776.0
harbor 2068.0 731.0 2100.0 767.0
harbor 2071.0 793.0 2108.0 816.0
harbor 1974.0 817.0 2014.0 839.0
harbor 2074.0 852.0 2106.0 885.0
harbor 1975.0 862.0 2013.0 887.0
harbor 2075.0 916.0 2113.0 937.0
harbor 1976.0 929.0 2016.0 972.0
harbor 1967.0 977.0 2022.0 1005.0
harbor 2021.0 1041.0 2041.0 1085.0
harbor 2051.0 1039.0 2072.0 1066.0
harbor 2203.0 31.0 2229.0 81.0
harbor 2250.0 30.0 2278.0 74.0
harbor 2316.0 28.0 2356.0 70.0
harbor 2387.0 16.0 2417.0 70.0
harbor 2449.0 17.0 2472.0 72.0
harbor 2517.0 23.0 2582.0 67.0
harbor 3321.0 644.0 3364.0 669.0
harbor 3324.0 696.0 3364.0 719.0
harbor 770.0 269.0 801.0 285.0
harbor 2888.0 982.0 2917.0 1024.0
harbor 2363.0 216.0 2405.0 265.0
harbor 2441.0 266.0 2503.0 298.0
harbor 2366.0 293.0 2407.0 323.0
harbor 2463.0 335.0 2507.0 359.0
harbor 2368.0 357.0 2406.0 379.0
harbor 2360.0 412.0 2409.0 438.0
harbor 2366.0 481.0 2423.0 505.0
harbor 2471.0 521.0 2522.0 548.0
harbor 2370.0 537.0 2418.0 561.0
harbor 2369.0 596.0 2414.0 615.0
harbor 2475.0 606.0 2522.0 639.0
harbor 2377.0 659.0 2421.0 684.0
harbor 2478.0 701.0 2530.0 725.0
harbor 2382.0 724.0 2417.0 749.0
harbor 2479.0 751.0 2533.0 788.0
harbor 2389.0 787.0 2419.0 809.0
harbor 2485.0 813.0 2541.0 852.0
harbor 2390.0 837.0 2419.0 867.0
harbor 2483.0 884.0 2526.0 907.0
harbor 2375.0 908.0 2420.0 928.0
harbor 2483.0 923.0 2524.0 941.0
harbor 2400.0 993.0 2433.0 1013.0
harbor 2433.0 1035.0 2455.0 1073.0
harbor 2469.0 1033.0 2491.0 1078.0
harbor 633.0 153.0 676.0 207.0
harbor 2450.0 181.0 2482.0 203.0
harbor 2824.0 972.0 2861.0 994.0
harbor 3329.0 754.0 3374.0 777.0
harbor 2903.0 913.0 2946.0 936.0
harbor 3232.0 775.0 3279.0 808.0
harbor 3238.0 839.0 3283.0 861.0
harbor 3338.0 880.0 3370.0 896.0
harbor 3233.0 891.0 3282.0 915.0
harbor 3270.0 932.0 3294.0 989.0
harbor 3305.0 923.0 3328.0 987.0
harbor 3337.0 924.0 3369.0 939.0
harbor 2764.0 217.0 2821.0 261.0
harbor 2784.0 393.0 2831.0 426.0
harbor 2888.0 359.0 2931.0 395.0
harbor 2885.0 431.0 2930.0 452.0
harbor 2893.0 490.0 2947.0 528.0
harbor 2896.0 552.0 2936.0 573.0
harbor 2785.0 574.0 2821.0 593.0
harbor 2904.0 616.0 2934.0 639.0
harbor 2795.0 624.0 2840.0 656.0
harbor 2905.0 680.0 2937.0 708.0
harbor 2799.0 690.0 2845.0 714.0
harbor 2808.0 733.0 2850.0 768.0
harbor 2901.0 738.0 2941.0 766.0
harbor 2815.0 810.0 2851.0 836.0
harbor 2902.0 795.0 2947.0 820.0
harbor 2815.0 872.0 2857.0 896.0
harbor 2909.0 854.0 2951.0 876.0
harbor 2811.0 933.0 2862.0 955.0
harbor 2059.0 437.0 2097.0 458.0
harbor 2051.0 369.0 2090.0 391.0
harbor 1958.0 378.0 2005.0 409.0
harbor 321.0 1106.0 350.0 1127.0
harbor 201.0 59.0 225.0 79.0
harbor 227.0 34.0 244.0 59.0
harbor 342.0 33.0 364.0 67.0
harbor 401.0 33.0 425.0 64.0
harbor 454.0 37.0 487.0 61.0
harbor 518.0 38.0 549.0 65.0
harbor 613.0 37.0 633.0 64.0
harbor 671.0 36.0 711.0 73.0
harbor 744.0 53.0 801.0 71.0
harbor 821.0 36.0 847.0 74.0
harbor 881.0 37.0 908.0 73.0
harbor 937.0 38.0 963.0 66.0
harbor 1003.0 34.0 1032.0 64.0
harbor 1094.0 34.0 1134.0 68.0
harbor 1173.0 21.0 1208.0 68.0
harbor 1300.0 35.0 1326.0 67.0
harbor 1361.0 26.0 1429.0 73.0
harbor 1455.0 18.0 1496.0 70.0
harbor 1541.0 19.0 1570.0 64.0
harbor 1597.0 21.0 1633.0 68.0
harbor 1652.0 22.0 1695.0 64.0
harbor 1724.0 25.0 1750.0 69.0
harbor 1785.0 26.0 1813.0 75.0
harbor 1847.0 35.0 1905.0 74.0
harbor 1051.0 127.0 1075.0 159.0
harbor 236.0 1113.0 268.0 1137.0
harbor 236.0 1073.0 267.0 1097.0
harbor 2050.0 308.0 2082.0 351.0
harbor 315.0 1000.0 344.0 1021.0
harbor 201.0 162.0 236.0 187.0
harbor 291.0 155.0 307.0 195.0
harbor 207.0 284.0 243.0 310.0
harbor 290.0 211.0 317.0 259.0
harbor 285.0 275.0 319.0 309.0
harbor 299.0 345.0 323.0 369.0
harbor 224.0 406.0 237.0 443.0
harbor 300.0 413.0 325.0 429.0
harbor 220.0 473.0 244.0 492.0
harbor 296.0 509.0 330.0 546.0
harbor 222.0 528.0 245.0 550.0
harbor 220.0 575.0 251.0 602.0
harbor 303.0 588.0 333.0 605.0
harbor 223.0 643.0 252.0 665.0
harbor 299.0 636.0 332.0 674.0
harbor 297.0 695.0 322.0 753.0
harbor 308.0 759.0 334.0 786.0
harbor 229.0 775.0 253.0 796.0
harbor 226.0 831.0 255.0 863.0
harbor 313.0 832.0 335.0 853.0
harbor 228.0 887.0 259.0 915.0
harbor 314.0 887.0 338.0 910.0
harbor 228.0 946.0 259.0 972.0
harbor 308.0 938.0 325.0 979.0
harbor 233.0 1007.0 260.0 1035.0
harbor 1114.0 198.0 1145.0 237.0
harbor 1204.0 201.0 1248.0 262.0
harbor 1106.0 252.0 1144.0 276.0
harbor 1114.0 309.0 1149.0 339.0
harbor 1539.0 538.0 1579.0 562.0
harbor 1539.0 597.0 1581.0 625.0
harbor 1540.0 709.0 1585.0 733.0
harbor 1537.0 775.0 1582.0 799.0
harbor 1540.0 834.0 1576.0 860.0
harbor 1540.0 894.0 1580.0 916.0
harbor 1548.0 967.0 1581.0 990.0
harbor 1541.0 1011.0 1584.0 1041.0
harbor 1560.0 1060.0 1590.0 1081.0
harbor 1635.0 1070.0 1659.0 1102.0
harbor 1651.0 1005.0 1689.0 1027.0
harbor 1647.0 935.0 1688.0 964.0
harbor 1642.0 887.0 1690.0 924.0
harbor 1642.0 829.0 1679.0 855.0
harbor 1634.0 753.0 1675.0 790.0
harbor 1645.0 639.0 1680.0 654.0
harbor 1628.0 519.0 1672.0 558.0
harbor 1619.0 459.0 1674.0 490.0
harbor 1635.0 407.0 1676.0 431.0
harbor 1622.0 240.0 1669.0 299.0
harbor 1676.0 142.0 1719.0 192.0
harbor 2053.0 204.0 2088.0 227.0
harbor 1952.0 196.0 1993.0 232.0
harbor 1957.0 257.0 1993.0 285.0
harbor 1954.0 319.0 1994.0 346.0
harbor 1534.0 478.0 1578.0 500.0
harbor 1528.0 416.0 1583.0 435.0
harbor 1526.0 346.0 1580.0 375.0
harbor 1117.0 736.0 1168.0 764.0
harbor 1206.0 368.0 1243.0 388.0
harbor 1118.0 376.0 1150.0 403.0
harbor 1209.0 431.0 1243.0 452.0
harbor 1100.0 443.0 1150.0 478.0
harbor 1102.0 485.0 1150.0 505.0
harbor 1111.0 555.0 1153.0 588.0
harbor 1212.0 550.0 1244.0 574.0
harbor 1115.0 600.0 1155.0 624.0
harbor 1211.0 601.0 1249.0 624.0
harbor 1114.0 673.0 1157.0 701.0
harbor 1215.0 671.0 1259.0 705.0
harbor 1216.0 721.0 1263.0 760.0
harbor 1477.0 127.0 1537.0 141.0
harbor 1117.0 803.0 1149.0 825.0
harbor 1220.0 788.0 1257.0 819.0
harbor 1222.0 844.0 1269.0 867.0
harbor 1116.0 859.0 1161.0 883.0
harbor 1117.0 912.0 1160.0 938.0
harbor 1120.0 977.0 1160.0 1013.0
harbor 1122.0 1040.0 1162.0 1061.0
harbor 1226.0 1028.0 1264.0 1046.0
harbor 1137.0 1085.0 1171.0 1106.0
harbor 1218.0 1073.0 1254.0 1103.0
harbor 1216.0 1107.0 1229.0 1137.0
harbor 765.0 215.0 798.0 230.0
harbor 643.0 252.0 675.0 295.0
small-vehicle 3533.0 532.0 3552.0 542.0 difficult
small-vehicle 2676.0 685.0 2701.0 696.0
ship 1979.0 712.0 2010.0 727.0
ship 2464.0 642.0 2508.0 656.0
ship 2467.0 690.0 2496.0 705.0
ship 1975.0 887.0 2015.0 902.0
ship 1978.0 921.0 2014.0 932.0
ship 2068.0 906.0 2095.0 920.0
ship 2062.0 856.0 2077.0 887.0
ship 2378.0 864.0 2420.0 879.0
ship 2375.0 894.0 2421.0 910.0
ship 2680.0 897.0 2718.0 917.0
small-vehicle 1859.0 882.0 1880.0 892.0
small-vehicle 1859.0 895.0 1877.0 904.0
small-vehicle 2609.0 882.0 2629.0 891.0
swimming-pool 3024.0 1317.0 3054.0 1331.0
small-vehicle 2792.0 1130.0 2805.0 1155.0
small-vehicle 3097.0 1075.0 3111.0 1100.0
small-vehicle 3259.0 1086.0 3269.0 1109.0
small-vehicle 3272.0 1095.0 3282.0 1119.0
small-vehicle 3457.0 944.0 3477.0 954.0
small-vehicle 3056.0 913.0 3074.0 926.0
small-vehicle 3039.0 728.0 3063.0 738.0
small-vehicle 3046.0 746.0 3065.0 756.0
ship 2735.0 805.0 2770.0 823.0
ship 2900.0 900.0 2933.0 914.0
ship 2848.0 807.0 2870.0 856.0
small-vehicle 2690.0 746.0 2715.0 765.0
small-vehicle 2679.0 642.0 2706.0 654.0
ship 3269.0 920.0 3297.0 932.0
small-vehicle 2269.0 785.0 2295.0 802.0
ship 1001.0 61.0 1027.0 73.0
ship 1371.0 66.0 1414.0 85.0
ship 1414.0 64.0 1440.0 81.0
ship 1807.0 36.0 1821.0 70.0
ship 1835.0 45.0 1844.0 68.0
ship 2223.0 51.0 2237.0 81.0
ship 2330.0 66.0 2358.0 80.0
ship 2392.0 69.0 2422.0 81.0
ship 2577.0 42.0 2593.0 72.0
ship 2628.0 65.0 2655.0 77.0
ship 1842.0 437.0 1871.0 449.0
ship 1860.0 478.0 1884.0 489.0
ship 1837.0 597.0 1866.0 609.0
ship 2046.0 425.0 2092.0 440.0
ship 2276.0 445.0 2310.0 470.0
ship 2384.0 614.0 2412.0 626.0
ship 2050.0 598.0 2068.0 641.0
ship 1973.0 652.0 2008.0 664.0
ship 2269.0 268.0 2305.0 281.0
small-vehicle 2631.0 353.0 2641.0 372.0
small-vehicle 2661.0 304.0 2671.0 324.0
small-vehicle 2250.0 415.0 2273.0 423.0
small-vehicle 2193.0 433.0 2218.0 444.0
small-vehicle 1831.0 518.0 1852.0 528.0
small-vehicle 1832.0 565.0 1851.0 573.0
ship 2858.0 929.0 2870.0 956.0
ship 3428.0 677.0 3463.0 692.0
harbor 767.0 309.0 783.0 365.0
small-vehicle 3882.0 306.0 3901.0 316.0
small-vehicle 3855.0 569.0 3881.0 583.0
small-vehicle 3820.0 659.0 3847.0 669.0
small-vehicle 3535.0 640.0 3560.0 648.0
small-vehicle 3880.0 842.0 3899.0 852.0
small-vehicle 3897.0 955.0 3923.0 965.0
small-vehicle 3864.0 936.0 3884.0 957.0
ship 3556.0 829.0 3586.0 843.0
ship 3685.0 739.0 3698.0 770.0
small-vehicle 3625.0 1022.0 3639.0 1050.0
small-vehicle 3090.0 1212.0 3101.0 1232.0
small-vehicle 3852.0 1109.0 3875.0 1119.0
small-vehicle 432.0 231.0 459.0 243.0 difficult
small-vehicle 410.0 263.0 432.0 275.0 difficult
small-vehicle 438.0 267.0 466.0 280.0 difficult
small-vehicle 425.0 570.0 448.0 581.0 difficult
small-vehicle 101.0 938.0 123.0 949.0 difficult
small-vehicle 1039.0 1239.0 1049.0 1263.0 difficult
small-vehicle 1454.0 1008.0 1476.0 1021.0 difficult
small-vehicle 1760.0 364.0 1778.0 373.0 difficult
small-vehicle 2806.0 1251.0 2830.0 1267.0 difficult
small-vehicle 3471.0 873.0 3494.0 884.0 difficult
small-vehicle 3471.0 890.0 3493.0 900.0 difficult
small-vehicle 3068.0 683.0 3080.0 709.0 difficult
small-vehicle 3048.0 715.0 3068.0 725.0 difficult
small-vehicle 3446.0 478.0 3469.0 487.0 difficult
small-vehicle 3867.0 538.0 3890.0 549.0
small-vehicle 3878.0 324.0 3899.0 336.0
ship 2835.0 622.0 2853.0 656.0
ship 3880.0 388.0 3906.0 398.0
ship 3020.0 717.0 3042.0 730.0
ship 3020.0 693.0 3054.0 716.0
ship 3316.0 631.0 3341.0 648.0
ship 3314.0 565.0 3345.0 582.0
ship 3443.0 539.0 3465.0 551.0
ship 3096.0 610.0 3131.0 625.0
ship 3090.0 534.0 3121.0 547.0
small-vehicle 3037.0 554.0 3056.0 563.0
small-vehicle 3034.0 570.0 3054.0 579.0
small-vehicle 3096.0 560.0 3118.0 570.0
small-vehicle 3093.0 590.0 3117.0 600.0
small-vehicle 3467.0 522.0 3493.0 533.0
small-vehicle 3469.0 539.0 3491.0 548.0
small-vehicle 3434.0 439.0 3457.0 451.0
small-vehicle 3455.0 389.0 3477.0 399.0
small-vehicle 3452.0 338.0 3474.0 347.0
small-vehicle 2991.0 351.0 3014.0 366.0
small-vehicle 3085.0 365.0 3098.0 388.0
small-vehicle 3102.0 378.0 3121.0 387.0
small-vehicle 3528.0 384.0 3552.0 394.0
ship 2868.0 75.0 2911.0 87.0
ship 3151.0 144.0 3186.0 156.0
ship 3291.0 204.0 3330.0 218.0
ship 3637.0 167.0 3651.0 192.0
ship 3711.0 368.0 3725.0 404.0
ship 1200.0 36.0 1216.0 67.0
ship 1714.0 140.0 1731.0 173.0
ship 1606.0 239.0 1628.0 285.0
harbor 3639.0 24.0 3661.0 65.0
harbor 3713.0 84.0 3767.0 155.0
harbor 3621.0 167.0 3664.0 213.0
harbor 3724.0 187.0 3768.0 211.0
harbor 3720.0 240.0 3767.0 272.0
harbor 3633.0 247.0 3664.0 298.0
harbor 3722.0 294.0 3745.0 349.0
harbor 3726.0 369.0 3746.0 397.0
harbor 3634.0 390.0 3678.0 423.0
harbor 3731.0 425.0 3776.0 453.0
harbor 3634.0 448.0 3681.0 475.0
harbor 3736.0 488.0 3782.0 517.0
harbor 3636.0 521.0 3681.0 545.0
harbor 3737.0 550.0 3784.0 570.0
harbor 3738.0 611.0 3774.0 634.0
harbor 3637.0 578.0 3683.0 610.0
harbor 3641.0 680.0 3687.0 722.0
harbor 3746.0 729.0 3783.0 757.0
harbor 3644.0 747.0 3688.0 770.0
harbor 3746.0 789.0 3785.0 821.0
harbor 3655.0 860.0 3695.0 892.0
harbor 3748.0 853.0 3784.0 875.0
harbor 3748.0 895.0 3785.0 917.0
harbor 3707.0 918.0 3722.0 960.0
harbor 3659.0 916.0 3691.0 937.0
small-vehicle 62.0 174.0 86.0 183.0
harbor 3678.0 35.0 3725.0 72.0
harbor 3595.0 23.0 3620.0 68.0
ship 1031.0 245.0 1073.0 261.0
harbor 3537.0 20.0 3560.0 73.0
harbor 643.0 333.0 680.0 354.0
harbor 770.0 385.0 805.0 413.0
harbor 649.0 436.0 685.0 537.0
harbor 778.0 505.0 810.0 528.0
harbor 780.0 551.0 808.0 602.0
harbor 779.0 619.0 811.0 660.0
harbor 782.0 659.0 819.0 701.0
harbor 653.0 631.0 689.0 659.0
harbor 654.0 672.0 694.0 735.0
harbor 786.0 749.0 819.0 785.0
harbor 658.0 743.0 694.0 772.0
harbor 655.0 814.0 697.0 837.0
harbor 786.0 823.0 800.0 905.0
harbor 661.0 849.0 701.0 896.0
harbor 784.0 929.0 824.0 954.0
harbor 663.0 935.0 700.0 972.0
harbor 784.0 995.0 823.0 1014.0
harbor 665.0 981.0 705.0 1017.0
harbor 786.0 1048.0 825.0 1076.0
harbor 666.0 1036.0 720.0 1080.0
harbor 792.0 1084.0 828.0 1108.0
harbor 726.0 1099.0 757.0 1141.0
harbor 667.0 1095.0 707.0 1115.0
harbor 3420.0 21.0 3443.0 73.0
harbor 3474.0 15.0 3500.0 73.0
small-vehicle 66.0 253.0 86.0 264.0
small-vehicle 437.0 393.0 459.0 405.0
small-vehicle 900.0 338.0 922.0 346.0
ship 202.0 95.0 236.0 106.0
small-vehicle 1010.0 1003.0 1030.0 1013.0
ship 1205.0 1064.0 1221.0 1093.0
ship 1125.0 882.0 1160.0 898.0
ship 1130.0 830.0 1149.0 857.0
ship 1344.0 776.0 1367.0 789.0
ship 1547.0 821.0 1572.0 831.0
ship 1578.0 782.0 1595.0 816.0
ship 1624.0 790.0 1659.0 805.0
ship 1462.0 673.0 1498.0 685.0
small-vehicle 998.0 690.0 1020.0 701.0
small-vehicle 1340.0 669.0 1366.0 678.0
small-vehicle 1339.0 717.0 1359.0 724.0
small-vehicle 1349.0 730.0 1367.0 738.0
small-vehicle 1765.0 770.0 1794.0 781.0
small-vehicle 1760.0 749.0 1795.0 764.0
small-vehicle 1421.0 554.0 1444.0 566.0
small-vehicle 1763.0 402.0 1790.0 417.0
ship 1116.0 432.0 1145.0 444.0
ship 1756.0 645.0 1786.0 659.0
ship 1116.0 339.0 1148.0 348.0
small-vehicle 925.0 521.0 946.0 532.0
small-vehicle 1759.0 351.0 1782.0 362.0
small-vehicle 1777.0 237.0 1797.0 248.0
small-vehicle 994.0 311.0 1014.0 320.0
ship 1018.0 267.0 1062.0 278.0
small-vehicle 1341.0 1087.0 1367.0 1099.0
small-vehicle 1471.0 1265.0 1494.0 1274.0
small-vehicle 1452.0 1215.0 1464.0 1240.0
ship 910.0 546.0 937.0 558.0
ship 239.0 37.0 253.0 64.0
ship 629.0 35.0 640.0 66.0
ship 647.0 37.0 664.0 77.0
ship 752.0 70.0 787.0 81.0
ship 237.0 206.0 255.0 251.0
ship 639.0 140.0 667.0 154.0
ship 843.0 43.0 858.0 74.0
swimming-pool 822.0 187.0 837.0 221.0
ship 904.0 208.0 940.0 229.0
ship 756.0 430.0 774.0 457.0
ship 762.0 450.0 792.0 491.0
ship 248.0 702.0 265.0 737.0
small-vehicle 1466.0 1224.0 1476.0 1247.0
ship 662.0 897.0 704.0 910.0
ship 776.0 812.0 810.0 826.0
ship 777.0 984.0 809.0 997.0
ship 224.0 816.0 246.0 828.0
ship 234.0 1060.0 267.0 1073.0
small-vehicle 78.0 1056.0 99.0 1070.0
small-vehicle 56.0 1110.0 71.0 1132.0
small-vehicle 443.0 1148.0 464.0 1158.0
small-vehicle 1335.0 1286.0 1363.0 1300.0
small-vehicle 1549.0 1306.0 1561.0 1330.0
small-vehicle 1680.0 1302.0 1693.0 1323.0
harbor 200.0 105.0 238.0 130.0
