small-vehicle 1754.0 1775.0 1763.0 1800.0 difficult
harbor 1043.0 1375.0 1063.0 1391.0
harbor 1035.0 911.0 1062.0 951.0
harbor 1036.0 985.0 1061.0 1021.0
harbor 972.0 1056.0 1000.0 1091.0
harbor 973.0 1108.0 1000.0 1147.0
harbor 1040.0 1193.0 1074.0 1228.0
harbor 1043.0 1265.0 1067.0 1286.0
harbor 979.0 1292.0 1003.0 1316.0
harbor 1047.0 1322.0 1074.0 1342.0
harbor 977.0 1408.0 1004.0 1438.0
harbor 1036.0 1762.0 1057.0 1788.0
harbor 1043.0 1436.0 1063.0 1470.0
harbor 982.0 1468.0 1007.0 1489.0
harbor 1048.0 1501.0 1072.0 1518.0
harbor 1047.0 1540.0 1075.0 1577.0
harbor 988.0 1580.0 1009.0 1614.0
harbor 1047.0 1590.0 1087.0 1627.0
harbor 1051.0 1661.0 1075.0 1681.0
harbor 982.0 1700.0 1007.0 1715.0
harbor 985.0 917.0 998.0 957.0
harbor 975.0 819.0 1000.0 845.0
harbor 1039.0 813.0 1056.0 830.0
harbor 972.0 784.0 996.0 808.0
harbor 666.0 1743.0 706.0 1780.0
harbor 646.0 1771.0 659.0 1804.0
harbor 618.0 1772.0 632.0 1807.0
harbor 563.0 1780.0 607.0 1803.0
harbor 767.0 225.0 789.0 268.0
harbor 813.0 220.0 842.0 262.0
harbor 875.0 216.0 903.0 257.0
harbor 1023.0 418.0 1060.0 442.0
harbor 1029.0 463.0 1067.0 488.0
harbor 965.0 493.0 996.0 530.0
harbor 1029.0 536.0 1067.0 561.0
harbor 970.0 560.0 999.0 577.0
harbor 960.0 612.0 997.0 632.0
harbor 1031.0 626.0 1065.0 643.0
harbor 974.0 668.0 997.0 691.0
harbor 1033.0 698.0 1067.0 718.0
harbor 1037.0 752.0 1059.0 776.0
harbor 1056.0 1717.0 1089.0 1738.0
harbor 1007.0 1740.0 1018.0 1771.0
harbor 649.0 1649.0 690.0 1666.0
harbor 1435.0 1152.0 1466.0 1189.0
harbor 1426.0 828.0 1456.0 852.0
harbor 1359.0 922.0 1384.0 940.0
harbor 1363.0 964.0 1386.0 992.0
harbor 1429.0 999.0 1460.0 1026.0
harbor 1364.0 1035.0 1388.0 1050.0
harbor 1430.0 1053.0 1460.0 1073.0
harbor 1360.0 1085.0 1386.0 1120.0
harbor 1433.0 1110.0 1462.0 1132.0
harbor 1437.0 1225.0 1465.0 1245.0
harbor 978.0 1740.0 1000.0 1760.0
harbor 1606.0 125.0 1623.0 159.0
harbor 1666.0 115.0 1690.0 152.0
harbor 1720.0 108.0 1741.0 147.0
harbor 1762.0 104.0 1784.0 140.0
harbor 1792.0 126.0 1827.0 159.0
harbor 1801.0 173.0 1833.0 195.0
harbor 1748.0 254.0 1776.0 273.0
harbor 1800.0 270.0 1842.0 298.0
harbor 1361.0 800.0 1385.0 820.0
harbor 1421.0 769.0 1455.0 789.0
harbor 1358.0 728.0 1383.0 765.0
harbor 1352.0 692.0 1382.0 718.0
harbor 1080.0 204.0 1111.0 235.0
harbor 1215.0 176.0 1252.0 209.0
harbor 1257.0 183.0 1296.0 206.0
harbor 1325.0 165.0 1351.0 198.0
harbor 1434.0 150.0 1476.0 186.0
harbor 1551.0 134.0 1573.0 168.0
harbor 1366.0 271.0 1378.0 299.0
harbor 1408.0 314.0 1427.0 337.0
harbor 1408.0 371.0 1427.0 391.0
harbor 1412.0 418.0 1441.0 442.0
harbor 1348.0 446.0 1369.0 468.0
harbor 1416.0 486.0 1443.0 504.0
harbor 1354.0 516.0 1383.0 536.0
harbor 1416.0 538.0 1444.0 558.0
harbor 1347.0 575.0 1380.0 597.0
harbor 1415.0 652.0 1451.0 678.0
harbor 1419.0 713.0 1454.0 733.0
harbor 664.0 1704.0 698.0 1724.0
harbor 575.0 1622.0 616.0 1639.0
small-vehicle 1741.0 1783.0 1753.0 1809.0 difficult
harbor 264.0 1402.0 288.0 1423.0
harbor 209.0 1155.0 224.0 1176.0
harbor 265.0 1170.0 286.0 1187.0
harbor 199.0 1209.0 226.0 1229.0
harbor 268.0 1231.0 305.0 1252.0
harbor 197.0 1263.0 226.0 1283.0
harbor 269.0 1288.0 307.0 1307.0
harbor 196.0 1326.0 231.0 1346.0
harbor 194.0 1378.0 229.0 1399.0
harbor 181.0 1491.0 229.0 1512.0
harbor 254.0 1838.0 274.0 1865.0
harbor 266.0 1509.0 282.0 1531.0
harbor 191.0 1549.0 228.0 1564.0
harbor 265.0 1629.0 286.0 1650.0
harbor 200.0 1657.0 237.0 1688.0
harbor 270.0 1689.0 296.0 1709.0
harbor 270.0 1743.0 295.0 1762.0
harbor 280.0 1797.0 323.0 1818.0
harbor 195.0 1813.0 225.0 1831.0
harbor 263.0 1058.0 282.0 1079.0
harbor 265.0 1117.0 288.0 1136.0
harbor 262.0 1000.0 292.0 1022.0
harbor 186.0 975.0 230.0 998.0
harbor 248.0 287.0 276.0 313.0
harbor 177.0 347.0 228.0 376.0
harbor 187.0 408.0 229.0 428.0
harbor 190.0 464.0 230.0 486.0
harbor 341.0 357.0 362.0 380.0
harbor 192.0 537.0 232.0 558.0
harbor 185.0 638.0 227.0 655.0
harbor 260.0 661.0 284.0 678.0
harbor 183.0 692.0 224.0 715.0
harbor 259.0 723.0 295.0 741.0
harbor 184.0 749.0 225.0 770.0
harbor 259.0 772.0 296.0 795.0
harbor 184.0 806.0 230.0 825.0
harbor 262.0 829.0 301.0 854.0
harbor 195.0 844.0 226.0 866.0
harbor 209.0 922.0 227.0 942.0
harbor 260.0 943.0 303.0 966.0
harbor 229.0 1840.0 250.0 1871.0
harbor 304.0 269.0 325.0 317.0
harbor 656.0 1591.0 694.0 1609.0
harbor 588.0 1170.0 611.0 1191.0
harbor 650.0 907.0 690.0 929.0
harbor 596.0 937.0 619.0 959.0
harbor 578.0 991.0 617.0 1019.0
harbor 644.0 1014.0 689.0 1056.0
harbor 644.0 1074.0 692.0 1094.0
harbor 588.0 1109.0 618.0 1128.0
harbor 645.0 1132.0 691.0 1157.0
harbor 645.0 1194.0 689.0 1214.0
harbor 589.0 1222.0 615.0 1243.0
harbor 370.0 272.0 393.0 309.0
harbor 647.0 1250.0 668.0 1270.0
harbor 587.0 1278.0 614.0 1311.0
harbor 647.0 1345.0 685.0 1383.0
harbor 598.0 1335.0 617.0 1359.0
harbor 596.0 1391.0 616.0 1417.0
harbor 647.0 1475.0 693.0 1508.0
harbor 574.0 1495.0 618.0 1526.0
harbor 648.0 1534.0 689.0 1554.0
harbor 575.0 884.0 616.0 906.0
harbor 643.0 846.0 688.0 873.0
harbor 574.0 821.0 619.0 862.0
harbor 648.0 795.0 685.0 820.0
harbor 479.0 257.0 502.0 299.0
harbor 528.0 241.0 562.0 296.0
harbor 632.0 231.0 674.0 282.0
harbor 701.0 224.0 724.0 267.0
harbor 573.0 413.0 607.0 433.0
harbor 711.0 316.0 729.0 342.0
harbor 643.0 447.0 678.0 467.0
harbor 570.0 478.0 610.0 502.0
harbor 642.0 520.0 675.0 538.0
harbor 572.0 543.0 612.0 564.0
harbor 647.0 566.0 680.0 586.0
harbor 576.0 594.0 617.0 620.0
harbor 648.0 624.0 682.0 648.0
harbor 650.0 680.0 683.0 701.0
harbor 587.0 654.0 614.0 673.0
harbor 652.0 731.0 686.0 763.0
harbor 586.0 765.0 617.0 790.0
harbor 1748.0 308.0 1768.0 328.0
harbor 1803.0 333.0 1822.0 353.0
harbor 1744.0 367.0 1771.0 388.0
small-vehicle 1616.0 811.0 1635.0 820.0
ship 1631.0 869.0 1659.0 881.0
ship 1425.0 905.0 1449.0 916.0
ship 1024.0 806.0 1041.0 834.0
ship 1130.0 729.0 1157.0 740.0
ship 1354.0 820.0 1384.0 831.0
small-vehicle 1161.0 790.0 1181.0 803.0
small-vehicle 1155.0 817.0 1171.0 826.0
small-vehicle 1617.0 822.0 1640.0 836.0
small-vehicle 1603.0 749.0 1613.0 768.0
ship 1403.0 529.0 1421.0 561.0
small-vehicle 1159.0 620.0 1184.0 629.0
small-vehicle 1152.0 637.0 1169.0 644.0
small-vehicle 1239.0 450.0 1261.0 461.0
small-vehicle 1544.0 485.0 1554.0 507.0
small-vehicle 1558.0 470.0 1581.0 481.0
small-vehicle 1591.0 549.0 1601.0 568.0
ship 1003.0 392.0 1011.0 413.0
ship 1139.0 361.0 1165.0 373.0
ship 1424.0 986.0 1454.0 1001.0
ship 1428.0 1072.0 1454.0 1085.0
ship 1427.0 1131.0 1460.0 1143.0
ship 1140.0 1158.0 1168.0 1177.0
ship 641.0 1215.0 667.0 1226.0
ship 586.0 1267.0 615.0 1279.0
ship 252.0 1400.0 267.0 1425.0
ship 256.0 1507.0 267.0 1527.0
ship 634.0 1480.0 647.0 1510.0
small-vehicle 471.0 1498.0 490.0 1506.0
small-vehicle 467.0 1511.0 490.0 1519.0
small-vehicle 1409.0 1842.0 1418.0 1862.0
small-vehicle 1430.0 1842.0 1439.0 1863.0
small-vehicle 1442.0 1842.0 1452.0 1865.0
small-vehicle 1584.0 1655.0 1592.0 1678.0
small-vehicle 1580.0 1621.0 1589.0 1641.0
small-vehicle 1532.0 1690.0 1554.0 1701.0
small-vehicle 1229.0 1312.0 1247.0 1321.0
ship 978.0 1488.0 1004.0 1498.0
ship 1635.0 1293.0 1666.0 1307.0
ship 1638.0 1516.0 1667.0 1530.0
ship 1356.0 472.0 1381.0 482.0
ship 1529.0 443.0 1562.0 456.0
harbor 1803.0 390.0 1845.0 411.0
small-vehicle 2014.0 1604.0 2034.0 1623.0
small-vehicle 1947.0 1033.0 1964.0 1042.0
ship 1802.0 1016.0 1812.0 1038.0
ship 1743.0 1216.0 1777.0 1227.0
ship 1780.0 1283.0 1792.0 1310.0
ship 1924.0 1395.0 1960.0 1408.0
ship 1809.0 1494.0 1850.0 1511.0
swimming-pool 1895.0 1508.0 1935.0 1532.0
small-vehicle 1949.0 1835.0 1968.0 1843.0
small-vehicle 381.0 118.0 396.0 147.0 difficult
ship 1533.0 550.0 1566.0 569.0
small-vehicle 417.0 156.0 430.0 183.0 difficult
small-vehicle 466.0 1156.0 487.0 1164.0 difficult
small-vehicle 468.0 1182.0 489.0 1192.0 difficult
small-vehicle 384.0 1510.0 408.0 1522.0 difficult
small-vehicle 782.0 1478.0 804.0 1488.0 difficult
swimming-pool 653.0 1849.0 680.0 1861.0
small-vehicle 1225.0 1374.0 1244.0 1386.0 difficult
small-vehicle 749.0 1134.0 771.0 1144.0 difficult
small-vehicle 1947.0 1019.0 1967.0 1031.0
small-vehicle 1941.0 910.0 1961.0 920.0
small-vehicle 1947.0 493.0 1974.0 505.0
small-vehicle 1931.0 614.0 1949.0 624.0
ship 1623.0 609.0 1651.0 622.0
ship 1533.0 647.0 1563.0 660.0
ship 1534.0 659.0 1564.0 672.0
ship 1332.0 192.0 1367.0 204.0
ship 1620.0 261.0 1649.0 275.0
ship 1107.0 206.0 1121.0 233.0
small-vehicle 1145.0 61.0 1156.0 80.0
small-vehicle 1214.0 31.0 1224.0 51.0
swimming-pool 1307.0 116.0 1336.0 144.0
swimming-pool 1426.0 112.0 1459.0 127.0
ship 1784.0 141.0 1805.0 169.0
ship 1795.0 294.0 1813.0 304.0
ship 1924.0 372.0 1962.0 390.0
ship 1768.0 355.0 1781.0 386.0
ship 1773.0 490.0 1796.0 515.0
ship 1736.0 671.0 1767.0 683.0
ship 1766.0 703.0 1775.0 725.0
ship 611.0 1169.0 623.0 1192.0
ship 198.0 1284.0 226.0 1294.0
small-vehicle 449.0 1284.0 459.0 1309.0
harbor 1815.0 1412.0 1845.0 1433.0
harbor 1748.0 1109.0 1772.0 1131.0
harbor 1814.0 1127.0 1856.0 1149.0
harbor 1753.0 1164.0 1777.0 1184.0
harbor 1751.0 1228.0 1773.0 1254.0
harbor 1751.0 1274.0 1774.0 1299.0
harbor 1815.0 1296.0 1844.0 1318.0
harbor 1751.0 1331.0 1773.0 1356.0
harbor 1732.0 1390.0 1774.0 1412.0
harbor 1814.0 1468.0 1852.0 1497.0
small-vehicle 381.0 1404.0 399.0 1413.0
harbor 1741.0 1512.0 1778.0 1534.0
harbor 1750.0 1572.0 1776.0 1589.0
harbor 1817.0 1568.0 1848.0 1587.0
harbor 1728.0 1630.0 1777.0 1658.0
harbor 1817.0 1636.0 1872.0 1657.0
harbor 1763.0 1671.0 1782.0 1704.0
harbor 1801.0 1671.0 1826.0 1706.0
harbor 1425.0 938.0 1459.0 963.0
harbor 1817.0 1069.0 1856.0 1090.0
harbor 1755.0 1045.0 1774.0 1066.0
harbor 1810.0 1017.0 1833.0 1037.0
harbor 1748.0 988.0 1773.0 1009.0
harbor 1744.0 421.0 1775.0 443.0
harbor 1810.0 504.0 1833.0 539.0
harbor 1753.0 537.0 1772.0 558.0
harbor 1809.0 561.0 1830.0 581.0
harbor 1754.0 601.0 1772.0 622.0
harbor 1808.0 608.0 1845.0 634.0
harbor 1811.0 667.0 1838.0 682.0
harbor 1747.0 705.0 1768.0 725.0
harbor 1809.0 734.0 1838.0 756.0
harbor 1742.0 770.0 1770.0 788.0
harbor 1814.0 784.0 1838.0 799.0
harbor 1815.0 838.0 1840.0 857.0
harbor 1729.0 820.0 1764.0 839.0
harbor 1729.0 881.0 1771.0 905.0
harbor 1812.0 904.0 1832.0 920.0
harbor 1731.0 933.0 1773.0 954.0
harbor 1811.0 958.0 1853.0 979.0
harbor 1427.0 884.0 1459.0 907.0
harbor 1431.0 1280.0 1451.0 1303.0
harbor 1427.0 1338.0 1463.0 1361.0
ship 463.0 837.0 492.0 853.0
ship 883.0 720.0 913.0 733.0
ship 859.0 740.0 895.0 752.0
ship 638.0 900.0 653.0 931.0
ship 74.0 967.0 102.0 981.0
ship 259.0 965.0 291.0 978.0
ship 260.0 987.0 287.0 1000.0
ship 605.0 1064.0 621.0 1107.0
ship 637.0 1096.0 663.0 1107.0
ship 643.0 1117.0 668.0 1133.0
ship 615.0 1107.0 628.0 1130.0
small-vehicle 852.0 834.0 870.0 844.0
small-vehicle 858.0 847.0 875.0 856.0
small-vehicle 73.0 1024.0 99.0 1034.0
small-vehicle 457.0 1100.0 478.0 1108.0
small-vehicle 460.0 1115.0 480.0 1125.0
small-vehicle 450.0 1214.0 476.0 1231.0
small-vehicle 768.0 1025.0 789.0 1032.0
ship 615.0 700.0 629.0 738.0
ship 193.0 767.0 225.0 782.0
harbor 1426.0 1389.0 1464.0 1419.0
ship 259.0 711.0 283.0 722.0
harbor 1422.0 1509.0 1456.0 1533.0
harbor 1351.0 1482.0 1378.0 1504.0
harbor 1426.0 1565.0 1454.0 1590.0
harbor 1388.0 1669.0 1398.0 1708.0
harbor 1352.0 1602.0 1373.0 1617.0
harbor 1430.0 1678.0 1454.0 1699.0
harbor 1400.0 1707.0 1425.0 1728.0
small-vehicle 579.0 45.0 597.0 55.0
small-vehicle 867.0 64.0 879.0 89.0
ship 757.0 77.0 773.0 105.0
ship 861.0 225.0 878.0 262.0
ship 818.0 258.0 843.0 270.0
ship 329.0 354.0 342.0 384.0
ship 91.0 507.0 117.0 519.0
ship 588.0 672.0 617.0 687.0
small-vehicle 66.0 414.0 91.0 423.0
small-vehicle 850.0 571.0 870.0 580.0
harbor 192.0 298.0 228.0 333.0
