small-vehicle 1745.0 977.0 1760.0 999.0 difficult
harbor 1694.0 587.0 1786.0 811.0
harbor 1609.0 703.0 1671.0 846.0
harbor 1550.0 829.0 1611.0 960.0
harbor 1510.0 913.0 1552.0 994.0
harbor 1448.0 939.0 1493.0 1018.0
harbor 1387.0 972.0 1441.0 1055.0
harbor 1284.0 1015.0 1319.0 1075.0
harbor 1221.0 1037.0 1261.0 1095.0
harbor 1171.0 1056.0 1212.0 1119.0
harbor 1114.0 1080.0 1159.0 1166.0
harbor 1055.0 1110.0 1103.0 1190.0
harbor 1018.0 1157.0 1047.0 1202.0
harbor 948.0 1161.0 984.0 1219.0
harbor 896.0 1188.0 934.0 1252.0
harbor 843.0 1221.0 881.0 1285.0
harbor 583.0 1268.0 621.0 1346.0
harbor 527.0 1253.0 572.0 1350.0
harbor 470.0 1259.0 522.0 1363.0
harbor 415.0 1262.0 458.0 1349.0
harbor 361.0 1275.0 407.0 1365.0
harbor 1653.0 657.0 1725.0 827.0
harbor 1752.0 558.0 1856.0 851.0
small-vehicle 1769.0 1227.0 1786.0 1241.0 difficult
harbor 1798.0 526.0 1916.0 860.0
small-vehicle 356.0 1443.0 374.0 1471.0 difficult
ship 2041.0 357.0 2065.0 376.0
ship 2060.0 219.0 2085.0 248.0
small-vehicle 1946.0 1080.0 1972.0 1092.0
small-vehicle 1890.0 990.0 1905.0 1009.0
small-vehicle 2262.0 951.0 2279.0 974.0
small-vehicle 2256.0 932.0 2268.0 950.0
ship 1790.0 534.0 1811.0 562.0
small-vehicle 1766.0 1242.0 1793.0 1260.0
small-vehicle 1372.0 1594.0 1391.0 1606.0
small-vehicle 1371.0 1610.0 1393.0 1622.0
small-vehicle 1308.0 1573.0 1323.0 1592.0
harbor 2231.0 300.0 2457.0 707.0
harbor 2167.0 334.0 2337.0 767.0
harbor 2115.0 358.0 2270.0 759.0
harbor 2049.0 364.0 2211.0 766.0
harbor 1921.0 460.0 2048.0 827.0
harbor 1979.0 433.0 2103.0 810.0
harbor 1844.0 498.0 1972.0 839.0
harbor 150.0 1206.0 243.0 1431.0
