small-vehicle 3141.0 30.0 3157.0 56.0 difficult
harbor 1792.0 406.0 1850.0 632.0
harbor 3604.0 319.0 3672.0 477.0
harbor 3380.0 329.0 3446.0 500.0
harbor 3225.0 268.0 3286.0 508.0
harbor 3067.0 381.0 3105.0 518.0
harbor 2633.0 415.0 2678.0 537.0
harbor 2380.0 390.0 2532.0 583.0
harbor 2260.0 396.0 2333.0 603.0
harbor 2166.0 412.0 2237.0 614.0
harbor 1994.0 375.0 2051.0 636.0
harbor 1847.0 373.0 1906.0 626.0
harbor 1682.0 426.0 1753.0 661.0
small-vehicle 3360.0 75.0 3371.0 96.0 difficult
harbor 1602.0 435.0 1693.0 676.0
harbor 1509.0 472.0 1600.0 686.0
harbor 1408.0 456.0 1492.0 690.0
harbor 1336.0 462.0 1422.0 696.0
harbor 1023.0 539.0 1079.0 723.0
harbor 560.0 554.0 658.0 721.0
harbor 439.0 593.0 508.0 783.0
harbor 358.0 617.0 441.0 784.0
harbor 229.0 650.0 326.0 813.0
harbor 123.0 663.0 233.0 823.0
small-vehicle 85.0 129.0 94.0 149.0
small-vehicle 122.0 182.0 133.0 204.0
small-vehicle 86.0 190.0 96.0 209.0
ship 425.0 752.0 438.0 778.0
small-vehicle 2355.0 321.0 2382.0 334.0 difficult
small-vehicle 1650.0 267.0 1666.0 297.0 difficult
small-vehicle 1636.0 277.0 1651.0 300.0 difficult
ship 3269.0 570.0 3304.0 583.0
ship 3457.0 565.0 3481.0 575.0
ship 3697.0 393.0 3716.0 436.0
ship 3663.0 202.0 3696.0 225.0
ship 3658.0 180.0 3689.0 197.0
ship 3658.0 213.0 3696.0 251.0
small-vehicle 3390.0 20.0 3415.0 46.0
small-vehicle 2642.0 355.0 2659.0 380.0
small-vehicle 2573.0 363.0 2583.0 388.0
small-vehicle 2586.0 353.0 2600.0 381.0
small-vehicle 2730.0 32.0 2742.0 55.0
small-vehicle 3124.0 32.0 3143.0 54.0
small-vehicle 2722.0 143.0 2742.0 164.0
ship 2796.0 112.0 2822.0 127.0
ship 1711.0 636.0 1726.0 663.0
ship 1444.0 656.0 1462.0 692.0
small-vehicle 1347.0 274.0 1367.0 304.0
small-vehicle 1357.0 312.0 1379.0 331.0
harbor 56.0 677.0 131.0 830.0
