small-vehicle 3578.0 668.0 3597.0 687.0 difficult
harbor 2663.0 456.0 2708.0 564.0
harbor 3201.0 330.0 3244.0 444.0
harbor 3153.0 369.0 3189.0 468.0
harbor 3088.0 352.0 3138.0 483.0
harbor 3022.0 369.0 3063.0 492.0
harbor 2957.0 386.0 3001.0 501.0
harbor 2897.0 395.0 2944.0 517.0
harbor 2790.0 460.0 2827.0 539.0
harbor 2601.0 478.0 2645.0 585.0
harbor 2068.0 634.0 2099.0 709.0
harbor 2528.0 476.0 2579.0 605.0
harbor 2477.0 501.0 2521.0 613.0
harbor 2414.0 515.0 2457.0 628.0
harbor 2369.0 556.0 2406.0 647.0
harbor 2310.0 579.0 2350.0 660.0
harbor 2256.0 588.0 2289.0 672.0
harbor 2190.0 592.0 2228.0 689.0
harbor 3262.0 312.0 3305.0 427.0
harbor 3322.0 301.0 3364.0 412.0
harbor 3379.0 289.0 3421.0 403.0
harbor 3449.0 284.0 3486.0 396.0
harbor 2291.0 185.0 2348.0 268.0
harbor 2149.0 105.0 2217.0 262.0
harbor 2101.0 115.0 2142.0 271.0
harbor 2044.0 135.0 2083.0 275.0
harbor 1982.0 144.0 2021.0 282.0
harbor 1791.0 209.0 1912.0 341.0
harbor 1757.0 325.0 1867.0 387.0
harbor 1656.0 472.0 1714.0 577.0
harbor 1478.0 524.0 1520.0 605.0
harbor 1369.0 553.0 1432.0 663.0
harbor 1221.0 611.0 1256.0 709.0
harbor 1149.0 622.0 1187.0 711.0
harbor 3892.0 266.0 3913.0 368.0
harbor 3651.0 259.0 3698.0 370.0
harbor 3548.0 271.0 3590.0 383.0
harbor 2136.0 607.0 2172.0 699.0
harbor 1941.0 627.0 1976.0 732.0
swimming-pool 2299.0 0.0 2333.0 29.0
harbor 303.0 911.0 384.0 951.0
harbor 624.0 945.0 658.0 1025.0
harbor 558.0 955.0 600.0 1036.0
harbor 496.0 964.0 535.0 1046.0
harbor 444.0 986.0 475.0 1050.0
harbor 411.0 993.0 435.0 1052.0
harbor 368.0 979.0 413.0 1046.0
harbor 315.0 954.0 398.0 997.0
harbor 294.0 871.0 352.0 903.0
harbor 1875.0 623.0 1919.0 739.0
harbor 285.0 818.0 340.0 846.0
harbor 562.0 0.0 591.0 43.0
harbor 503.0 11.0 532.0 55.0
harbor 452.0 23.0 485.0 64.0
harbor 381.0 38.0 414.0 85.0
harbor 147.0 106.0 191.0 175.0
harbor 90.0 121.0 130.0 192.0
harbor 691.0 934.0 721.0 990.0
harbor 747.0 915.0 779.0 995.0
harbor 801.0 898.0 840.0 969.0
harbor 857.0 874.0 896.0 955.0
harbor 1827.0 663.0 1866.0 762.0
harbor 1765.0 676.0 1805.0 772.0
harbor 1707.0 686.0 1745.0 785.0
harbor 1649.0 702.0 1684.0 794.0
harbor 1567.0 722.0 1609.0 811.0
harbor 1513.0 744.0 1550.0 830.0
harbor 1465.0 758.0 1507.0 844.0
harbor 1399.0 771.0 1446.0 862.0
harbor 1348.0 785.0 1380.0 858.0
harbor 1284.0 770.0 1320.0 862.0
harbor 1223.0 789.0 1262.0 871.0
harbor 1154.0 808.0 1197.0 890.0
harbor 1033.0 837.0 1072.0 929.0
harbor 969.0 823.0 1012.0 938.0
harbor 915.0 854.0 954.0 952.0
swimming-pool 2301.0 106.0 2335.0 146.0
ship 57.0 131.0 77.0 160.0
small-vehicle 3468.0 853.0 3487.0 877.0 difficult
ship 3252.0 305.0 3267.0 337.0
small-vehicle 3800.0 538.0 3823.0 551.0
small-vehicle 3624.0 561.0 3651.0 582.0
small-vehicle 3594.0 550.0 3621.0 566.0
small-vehicle 3549.0 553.0 3571.0 571.0
small-vehicle 3484.0 561.0 3504.0 570.0
small-vehicle 3458.0 569.0 3480.0 577.0
small-vehicle 3375.0 529.0 3388.0 550.0
ship 2957.0 623.0 2970.0 654.0
small-vehicle 2121.0 1148.0 2144.0 1156.0
small-vehicle 2533.0 708.0 2551.0 736.0
small-vehicle 3182.0 920.0 3199.0 941.0
small-vehicle 3178.0 964.0 3198.0 986.0
small-vehicle 2953.0 1033.0 2966.0 1054.0
small-vehicle 2761.0 1022.0 2773.0 1040.0
small-vehicle 2765.0 1041.0 2779.0 1061.0
ship 2438.0 1082.0 2460.0 1111.0
small-vehicle 3785.0 624.0 3807.0 649.0
small-vehicle 3629.0 637.0 3645.0 660.0
small-vehicle 3647.0 628.0 3674.0 646.0
small-vehicle 3659.0 643.0 3678.0 656.0
small-vehicle 3239.0 956.0 3252.0 976.0 difficult
small-vehicle 3195.0 965.0 3212.0 988.0 difficult
small-vehicle 3186.0 944.0 3200.0 966.0 difficult
small-vehicle 2225.0 1075.0 2246.0 1090.0 difficult
small-vehicle 1591.0 1007.0 1602.0 1028.0 difficult
small-vehicle 1177.0 1102.0 1187.0 1123.0 difficult
small-vehicle 1044.0 1134.0 1060.0 1157.0 difficult
small-vehicle 1187.0 1293.0 1209.0 1309.0 difficult
small-vehicle 803.0 1335.0 814.0 1360.0 difficult
small-vehicle 182.0 924.0 203.0 935.0 difficult
small-vehicle 174.0 910.0 194.0 922.0 difficult
small-vehicle 5.0 477.0 25.0 491.0
swimming-pool 183.0 202.0 205.0 219.0
small-vehicle 3518.0 807.0 3536.0 830.0
small-vehicle 3502.0 718.0 3524.0 736.0
ship 1948.0 1234.0 1964.0 1262.0
small-vehicle 2353.0 759.0 2367.0 783.0
small-vehicle 470.0 177.0 480.0 200.0
small-vehicle 597.0 1121.0 610.0 1142.0
small-vehicle 1469.0 1342.0 1484.0 1368.0
small-vehicle 1222.0 1330.0 1247.0 1344.0
small-vehicle 1163.0 1300.0 1185.0 1311.0
small-vehicle 1016.0 1301.0 1027.0 1317.0
small-vehicle 1008.0 1315.0 1022.0 1337.0
small-vehicle 93.0 842.0 113.0 854.0
small-vehicle 609.0 1117.0 623.0 1141.0
small-vehicle 584.0 1123.0 596.0 1145.0
small-vehicle 2285.0 760.0 2300.0 780.0
small-vehicle 497.0 1145.0 508.0 1163.0
small-vehicle 468.0 1193.0 486.0 1202.0
small-vehicle 132.0 1128.0 151.0 1143.0
small-vehicle 135.0 1074.0 157.0 1085.0
small-vehicle 130.0 1049.0 152.0 1060.0
small-vehicle 296.0 1185.0 307.0 1204.0
small-vehicle 484.0 175.0 498.0 202.0
small-vehicle 1443.0 1235.0 1467.0 1246.0
small-vehicle 888.0 1061.0 900.0 1086.0
small-vehicle 903.0 1064.0 916.0 1088.0
small-vehicle 1315.0 941.0 1333.0 965.0
small-vehicle 2239.0 794.0 2250.0 816.0
small-vehicle 2002.0 841.0 2011.0 859.0
small-vehicle 1988.0 842.0 2001.0 861.0
small-vehicle 1977.0 841.0 1989.0 863.0
small-vehicle 1884.0 864.0 1897.0 886.0
small-vehicle 2279.0 1065.0 2302.0 1079.0
small-vehicle 2423.0 1152.0 2438.0 1174.0
small-vehicle 2449.0 1111.0 2464.0 1132.0
small-vehicle 2108.0 1206.0 2121.0 1226.0
small-vehicle 2086.0 1203.0 2093.0 1220.0
small-vehicle 1928.0 1217.0 1941.0 1237.0
small-vehicle 1631.0 1298.0 1646.0 1325.0
small-vehicle 1649.0 1067.0 1668.0 1076.0
small-vehicle 1648.0 1051.0 1667.0 1064.0
small-vehicle 1338.0 970.0 1348.0 989.0
harbor 36.0 138.0 68.0 207.0
