small-vehicle 4084.0 126.0 4104.0 146.0
harbor 3336.0 2242.0 3452.0 2354.0
harbor 3585.0 2003.0 3735.0 2197.0
harbor 4099.0 2181.0 4245.0 2281.0
harbor 4132.0 2354.0 4267.0 2392.0
harbor 840.0 631.0 892.0 679.0
harbor 1576.0 486.0 1645.0 566.0
harbor 1319.0 550.0 1418.0 574.0
harbor 1650.0 412.0 1698.0 466.0
harbor 1693.0 274.0 1732.0 320.0
harbor 1626.0 186.0 1655.0 213.0
harbor 1752.0 186.0 1798.0 215.0
harbor 1856.0 383.0 1881.0 525.0
harbor 1883.0 529.0 1950.0 601.0
harbor 2277.0 648.0 2394.0 704.0
harbor 2339.0 876.0 2435.0 927.0
harbor 2371.0 963.0 2494.0 1044.0
harbor 2384.0 1163.0 2694.0 1324.0
harbor 2916.0 1438.0 2946.0 1718.0
harbor 3040.0 1397.0 3054.0 1480.0
harbor 3233.0 1522.0 3323.0 1816.0
harbor 3390.0 1521.0 3509.0 1724.0
harbor 3543.0 1506.0 3631.0 1673.0
harbor 3420.0 2089.0 3589.0 2245.0
harbor 3258.0 2330.0 3373.0 2442.0
ship 757.0 796.0 786.0 816.0
harbor 3184.0 2444.0 3302.0 2538.0
harbor 155.0 1017.0 270.0 1084.0
harbor 203.0 1074.0 314.0 1196.0
harbor 526.0 903.0 580.0 1177.0
harbor 647.0 1026.0 678.0 1173.0
harbor 853.0 1000.0 908.0 1082.0
harbor 929.0 1027.0 993.0 1141.0
harbor 1100.0 1040.0 1122.0 1174.0
harbor 1161.0 1032.0 1212.0 1159.0
harbor 1291.0 1071.0 1371.0 1226.0
harbor 1445.0 1152.0 1474.0 1321.0
harbor 1904.0 1082.0 1977.0 1119.0
harbor 1991.0 1371.0 2067.0 1428.0
harbor 2095.0 1459.0 2174.0 1554.0
harbor 2180.0 1537.0 2276.0 1643.0
harbor 2399.0 1763.0 2502.0 1881.0
harbor 2522.0 1822.0 2613.0 1945.0
harbor 2596.0 1840.0 2678.0 1970.0
harbor 2733.0 1915.0 2834.0 2011.0
harbor 2853.0 2084.0 2972.0 2187.0
harbor 2929.0 2264.0 3040.0 2326.0
harbor 3064.0 2508.0 3123.0 2523.0
harbor 3723.0 1449.0 3745.0 1490.0
small-vehicle 42.0 1151.0 61.0 1173.0
swimming-pool 3484.0 95.0 3530.0 150.0
ship 3277.0 2319.0 3307.0 2347.0
ship 3418.0 2145.0 3447.0 2171.0
ship 3462.0 2074.0 3495.0 2103.0
ship 3576.0 2005.0 3608.0 2031.0
ship 3603.0 1996.0 3624.0 2016.0
ship 4242.0 2339.0 4270.0 2355.0
ship 3773.0 2515.0 3786.0 2537.0
small-vehicle 104.0 1526.0 122.0 1538.0 difficult
small-vehicle 161.0 1631.0 182.0 1650.0 difficult
small-vehicle 3902.0 2412.0 3924.0 2432.0 difficult
small-vehicle 3875.0 2392.0 3896.0 2410.0 difficult
ship 1174.0 540.0 1209.0 553.0
ship 1274.0 551.0 1300.0 565.0
ship 1335.0 563.0 1390.0 581.0
ship 1586.0 537.0 1614.0 569.0
ship 1844.0 503.0 1860.0 534.0
ship 1851.0 459.0 1863.0 486.0
ship 1861.0 378.0 1872.0 402.0
ship 1904.0 588.0 1937.0 611.0
ship 1690.0 211.0 1715.0 238.0
ship 1722.0 302.0 1740.0 326.0
ship 1663.0 52.0 1682.0 82.0
ship 3328.0 2257.0 3357.0 2285.0
ship 2445.0 987.0 2495.0 1021.0
small-vehicle 68.0 1184.0 84.0 1202.0
ship 2276.0 674.0 2309.0 695.0
ship 876.0 991.0 914.0 1010.0
ship 962.0 1018.0 993.0 1036.0
ship 1329.0 1068.0 1341.0 1089.0
ship 1131.0 1312.0 1143.0 1342.0
small-vehicle 1035.0 1739.0 1055.0 1759.0 difficult
small-vehicle 1053.0 1757.0 1078.0 1778.0 difficult
small-vehicle 1130.0 1931.0 1143.0 1952.0 difficult
small-vehicle 1104.0 1938.0 1119.0 1959.0 difficult
swimming-pool 1278.0 1687.0 1308.0 1731.0
swimming-pool 1280.0 2500.0 1309.0 2515.0
swimming-pool 1810.0 2492.0 1827.0 2523.0
ship 1477.0 1148.0 1489.0 1180.0
ship 2227.0 1546.0 2253.0 1572.0
small-vehicle 1772.0 1327.0 1792.0 1337.0
small-vehicle 1770.0 1344.0 1789.0 1351.0
swimming-pool 2472.0 2355.0 2515.0 2402.0
swimming-pool 2774.0 2165.0 2828.0 2223.0
swimming-pool 2526.0 1958.0 2563.0 1992.0
swimming-pool 2621.0 1988.0 2671.0 2019.0
small-vehicle 2339.0 1991.0 2352.0 2013.0
small-vehicle 2354.0 1981.0 2368.0 2002.0
harbor 137.0 942.0 211.0 972.0
