small-vehicle 1166.0 342.0 1198.0 378.0 difficult
small-vehicle 435.0 1168.0 470.0 1200.0 difficult
ship 1576.0 937.0 1612.0 1004.0
swimming-pool 515.0 1376.0 596.0 1474.0
harbor 47.0 2665.0 400.0 2977.0
harbor 214.0 2475.0 545.0 2790.0
harbor 340.0 2317.0 712.0 2624.0
harbor 624.0 2235.0 843.0 2396.0
harbor 573.0 1915.0 986.0 2200.0
harbor 630.0 1715.0 1065.0 1975.0
harbor 698.0 1487.0 1168.0 1851.0
harbor 824.0 1322.0 1252.0 1622.0
harbor 926.0 1193.0 1319.0 1460.0
harbor 1144.0 1015.0 1291.0 1124.0
harbor 1280.0 844.0 1653.0 1082.0
harbor 1270.0 429.0 1490.0 585.0
harbor 1327.0 344.0 1700.0 607.0 difficult
ship 1539.0 923.0 1574.0 980.0
ship 1514.0 1773.0 1581.0 1828.0
ship 1468.0 2101.0 1543.0 2202.0
small-vehicle 17.0 1950.0 52.0 1981.0
ship 1652.0 585.0 1698.0 623.0
ship 1090.0 1320.0 1111.0 1336.0
ship 810.0 2328.0 852.0 2366.0
ship 621.0 2604.0 660.0 2637.0
ship 499.0 2695.0 543.0 2736.0
small-vehicle 65.0 1980.0 103.0 2012.0
small-vehicle 42.0 1878.0 70.0 1908.0
ship 860.0 2166.0 919.0 2211.0
small-vehicle 26.0 1852.0 53.0 1882.0
small-vehicle 338.0 1291.0 367.0 1318.0
ship 334.0 1252.0 377.0 1287.0
ship 658.0 1076.0 700.0 1113.0
ship 740.0 714.0 765.0 753.0
small-vehicle 131.0 250.0 172.0 287.0 difficult
harbor 1374.0 138.0 1576.0 267.0
