ship 964.0 892.0 1020.0 914.0
ship 488.0 2304.0 502.0 2336.0
ship 527.0 2303.0 542.0 2340.0
ship 547.0 2302.0 562.0 2338.0
ship 571.0 2304.0 582.0 2335.0
ship 548.0 2347.0 560.0 2382.0
ship 527.0 2348.0 538.0 2379.0
ship 510.0 2349.0 522.0 2379.0
ship 490.0 2352.0 504.0 2383.0
ship 411.0 2353.0 423.0 2378.0
ship 413.0 2306.0 425.0 2334.0
ship 349.0 2308.0 362.0 2335.0
ship 350.0 2350.0 362.0 2377.0
ship 334.0 2349.0 346.0 2375.0
ship 292.0 2345.0 307.0 2383.0
ship 292.0 2304.0 305.0 2337.0
ship 276.0 2308.0 287.0 2333.0
ship 258.0 2307.0 271.0 2334.0
ship 255.0 2344.0 266.0 2368.0
ship 214.0 2302.0 231.0 2338.0
ship 244.0 2225.0 258.0 2259.0
ship 223.0 2224.0 240.0 2256.0
ship 264.0 2227.0 276.0 2251.0
ship 284.0 2226.0 297.0 2255.0
ship 304.0 2227.0 317.0 2256.0
ship 507.0 2308.0 520.0 2333.0
ship 453.0 2307.0 465.0 2338.0
ship 968.0 881.0 1023.0 899.0
ship 431.0 2300.0 444.0 2336.0
ship 556.0 2034.0 570.0 2075.0
ship 498.0 2079.0 513.0 2119.0
ship 479.0 2075.0 497.0 2123.0
ship 459.0 2077.0 477.0 2117.0
ship 439.0 2077.0 457.0 2125.0
ship 518.0 2179.0 533.0 2218.0
ship 537.0 2180.0 550.0 2208.0
ship 557.0 2180.0 573.0 2258.0
ship 541.0 2230.0 552.0 2257.0
ship 521.0 2226.0 534.0 2263.0
ship 501.0 2226.0 514.0 2253.0
ship 501.0 2183.0 512.0 2217.0
ship 478.0 2181.0 493.0 2215.0
ship 481.0 2230.0 492.0 2255.0
ship 460.0 2225.0 474.0 2257.0
ship 462.0 2186.0 476.0 2214.0
ship 422.0 2177.0 434.0 2215.0
ship 439.0 2229.0 452.0 2262.0
ship 380.0 2226.0 392.0 2256.0
ship 404.0 2183.0 418.0 2216.0
ship 384.0 2180.0 395.0 2209.0
ship 361.0 2178.0 374.0 2216.0
ship 361.0 2226.0 374.0 2256.0
ship 346.0 2229.0 357.0 2256.0
ship 343.0 2178.0 357.0 2216.0
ship 325.0 2181.0 337.0 2217.0
ship 304.0 2181.0 317.0 2218.0
ship 363.0 2578.0 375.0 2613.0
ship 308.0 2573.0 320.0 2603.0
ship 424.0 2582.0 437.0 2607.0
ship 341.0 2803.0 361.0 2854.0
ship 364.0 2800.0 382.0 2844.0
ship 387.0 2800.0 404.0 2853.0
ship 408.0 2800.0 426.0 2852.0
ship 433.0 2802.0 449.0 2853.0
ship 453.0 2807.0 472.0 2859.0
ship 480.0 2806.0 494.0 2845.0
ship 529.0 2805.0 549.0 2861.0
ship 551.0 2804.0 577.0 2873.0
ship 581.0 2806.0 601.0 2863.0
ship 541.0 2745.0 555.0 2789.0
ship 497.0 2743.0 514.0 2789.0
ship 473.0 2747.0 487.0 2783.0
ship 450.0 2742.0 469.0 2790.0
ship 385.0 2742.0 404.0 2789.0
ship 374.0 3381.0 433.0 3414.0
ship 328.0 3379.0 365.0 3401.0
ship 387.0 3366.0 439.0 3395.0
ship 327.0 3396.0 356.0 3416.0
ship 314.0 3437.0 347.0 3460.0
ship 362.0 2627.0 379.0 2661.0
ship 424.0 2635.0 436.0 2663.0
ship 561.0 2625.0 576.0 2664.0
ship 476.0 2483.0 488.0 2510.0
ship 286.0 2171.0 299.0 2215.0
ship 263.0 2178.0 277.0 2211.0
ship 229.0 2186.0 241.0 2213.0
ship 293.0 2444.0 305.0 2468.0
ship 391.0 2437.0 404.0 2467.0
ship 409.0 2442.0 422.0 2469.0
ship 477.0 2439.0 491.0 2473.0
ship 494.0 2444.0 507.0 2468.0
ship 443.0 2484.0 455.0 2514.0
ship 461.0 2486.0 473.0 2518.0
ship 494.0 2484.0 507.0 2511.0
ship 581.0 2625.0 596.0 2664.0
ship 425.0 2485.0 439.0 2519.0
ship 376.0 2482.0 387.0 2515.0
ship 293.0 2491.0 305.0 2515.0
ship 544.0 2480.0 560.0 2521.0
ship 595.0 2481.0 606.0 2508.0
ship 600.0 2571.0 617.0 2615.0
ship 641.0 2577.0 657.0 2613.0
ship 640.0 2624.0 658.0 2669.0
ship 620.0 2622.0 635.0 2661.0
ship 599.0 2621.0 617.0 2664.0
ship 557.0 2082.0 571.0 2122.0
ship 538.0 2084.0 554.0 2125.0
ship 519.0 2081.0 531.0 2116.0
ship 213.0 1860.0 229.0 1899.0
harbor 300.0 3360.0 431.0 3470.0 difficult
harbor 1810.0 3275.0 1933.0 3470.0 difficult
harbor 1914.0 3337.0 1972.0 3415.0
harbor 1834.0 3175.0 1917.0 3252.0
harbor 1712.0 3107.0 1841.0 3201.0
harbor 864.0 1847.0 918.0 1890.0
harbor 901.0 1898.0 997.0 1933.0
harbor 888.0 1968.0 1016.0 2012.0
harbor 901.0 2039.0 1009.0 2079.0
harbor 914.0 2098.0 1033.0 2140.0
harbor 951.0 2317.0 1078.0 2366.0
harbor 1659.0 3086.0 1712.0 3139.0
harbor 1531.0 3018.0 1662.0 3109.0
harbor 1453.0 2929.0 1541.0 3040.0
harbor 1388.0 2894.0 1466.0 2992.0
harbor 1344.0 2868.0 1406.0 2961.0
harbor 1263.0 2772.0 1365.0 2933.0
harbor 1151.0 2722.0 1293.0 2882.0
harbor 1078.0 2702.0 1203.0 2828.0
harbor 1016.0 2589.0 1131.0 2643.0
harbor 1030.0 2481.0 1105.0 2513.0
harbor 991.0 2387.0 1096.0 2451.0
ship 1637.0 79.0 1669.0 121.0
harbor 247.0 2739.0 610.0 2854.0
harbor 256.0 2574.0 643.0 2668.0
harbor 257.0 2438.0 615.0 2515.0
harbor 790.0 787.0 884.0 1041.0
harbor 1292.0 100.0 1380.0 177.0
harbor 1166.0 180.0 1395.0 454.0
harbor 1418.0 214.0 1491.0 321.0
harbor 1314.0 349.0 1445.0 456.0
harbor 1217.0 474.0 1403.0 615.0
harbor 1174.0 630.0 1356.0 778.0
harbor 964.0 472.0 1191.0 830.0
harbor 1086.0 782.0 1307.0 945.0
harbor 984.0 931.0 1257.0 1064.0
harbor 939.0 799.0 1024.0 967.0
tennis-court 1575.0 954.0 1640.0 1049.0
harbor 134.0 2302.0 587.0 2387.0
tennis-court 1626.0 969.0 1691.0 1064.0
harbor 788.0 1360.0 889.0 1418.0
harbor 792.0 1453.0 895.0 1493.0
harbor 799.0 1538.0 911.0 1579.0
harbor 828.0 1681.0 913.0 1711.0
harbor 852.0 1784.0 906.0 1828.0
harbor 255.0 1707.0 488.0 1792.0
harbor 145.0 1847.0 512.0 1977.0
harbor 167.0 2010.0 559.0 2123.0
harbor 137.0 2177.0 561.0 2257.0
ship 192.0 1920.0 208.0 1958.0
ship 234.0 1863.0 249.0 1901.0
ship 521.0 2037.0 533.0 2067.0
ship 253.0 1859.0 269.0 1901.0
ship 390.0 1760.0 402.0 1792.0
ship 196.0 2011.0 208.0 2036.0
ship 245.0 2022.0 260.0 2059.0
ship 284.0 2032.0 298.0 2066.0
ship 304.0 2028.0 317.0 2063.0
ship 324.0 2027.0 337.0 2066.0
ship 341.0 2028.0 355.0 2060.0
ship 366.0 2035.0 377.0 2063.0
ship 383.0 2028.0 399.0 2066.0
ship 405.0 2034.0 416.0 2063.0
ship 262.0 2092.0 272.0 2119.0
ship 422.0 2030.0 434.0 2062.0
ship 303.0 2077.0 319.0 2114.0
ship 322.0 2079.0 339.0 2120.0
ship 342.0 2074.0 361.0 2119.0
ship 362.0 2072.0 379.0 2121.0
ship 380.0 2079.0 396.0 2115.0
ship 404.0 2079.0 417.0 2114.0
ship 420.0 2076.0 436.0 2118.0
ship 444.0 2038.0 456.0 2060.0
ship 460.0 2031.0 475.0 2065.0
ship 481.0 2030.0 494.0 2063.0
ship 497.0 2030.0 513.0 2067.0
ship 455.0 1739.0 481.0 1750.0
ship 422.0 1738.0 451.0 1750.0
ship 470.0 1762.0 481.0 1792.0
ship 351.0 1857.0 366.0 1903.0
ship 157.0 1917.0 169.0 1949.0
ship 254.0 1915.0 266.0 1942.0
ship 291.0 1916.0 308.0 1962.0
ship 291.0 1857.0 306.0 1901.0
ship 274.0 1859.0 290.0 1903.0
ship 313.0 1870.0 326.0 1901.0
ship 329.0 1858.0 346.0 1905.0
ship 315.0 1924.0 328.0 1954.0
ship 334.0 1914.0 354.0 1966.0
ship 361.0 1917.0 376.0 1961.0
ship 370.0 1858.0 388.0 1905.0
ship 487.0 1741.0 504.0 1790.0
ship 390.0 1869.0 403.0 1899.0
ship 388.0 1921.0 401.0 1955.0
ship 409.0 1916.0 427.0 1965.0
ship 433.0 1927.0 446.0 1956.0
ship 431.0 1860.0 447.0 1903.0
ship 458.0 1920.0 474.0 1962.0
ship 480.0 1914.0 498.0 1978.0
ship 470.0 1858.0 487.0 1906.0
ship 490.0 1849.0 506.0 1903.0
ship 510.0 1854.0 529.0 1908.0
ship 1286.0 279.0 1325.0 314.0
ship 1352.0 351.0 1376.0 391.0
ship 1333.0 400.0 1360.0 444.0
small-vehicle 1426.0 1316.0 1434.0 1335.0
small-vehicle 1171.0 1123.0 1182.0 1147.0
small-vehicle 1087.0 1099.0 1107.0 1122.0
small-vehicle 1005.0 1104.0 1025.0 1121.0
small-vehicle 995.0 1082.0 1017.0 1098.0 difficult
small-vehicle 1181.0 1126.0 1193.0 1150.0 difficult
small-vehicle 1156.0 1122.0 1170.0 1143.0 difficult
small-vehicle 1155.0 1144.0 1166.0 1165.0 difficult
small-vehicle 1144.0 1143.0 1157.0 1161.0 difficult
small-vehicle 1133.0 1140.0 1144.0 1162.0 difficult
small-vehicle 1478.0 1160.0 1489.0 1179.0 difficult
small-vehicle 1570.0 1243.0 1587.0 1262.0 difficult
small-vehicle 1414.0 1314.0 1424.0 1332.0 difficult
small-vehicle 1447.0 1319.0 1459.0 1339.0 difficult
small-vehicle 1554.0 1303.0 1571.0 1318.0 difficult
small-vehicle 1475.0 1084.0 1493.0 1105.0
small-vehicle 1484.0 1091.0 1502.0 1110.0
small-vehicle 1523.0 1187.0 1540.0 1204.0
small-vehicle 1580.0 1254.0 1598.0 1272.0
small-vehicle 1591.0 1272.0 1611.0 1292.0
small-vehicle 1539.0 1284.0 1559.0 1302.0
small-vehicle 1547.0 1293.0 1565.0 1309.0
small-vehicle 1567.0 1314.0 1586.0 1332.0
small-vehicle 1461.0 1293.0 1490.0 1308.0
small-vehicle 1133.0 1116.0 1145.0 1135.0
small-vehicle 1212.0 1089.0 1224.0 1109.0
small-vehicle 1201.0 1086.0 1213.0 1105.0
small-vehicle 1244.0 2260.0 1256.0 2280.0
small-vehicle 1927.0 2819.0 1942.0 2839.0
small-vehicle 1883.0 2809.0 1900.0 2832.0
small-vehicle 1777.0 2798.0 1802.0 2816.0
small-vehicle 1850.0 2562.0 1864.0 2585.0
small-vehicle 2073.0 2594.0 2089.0 2613.0
small-vehicle 1676.0 2648.0 1694.0 2670.0
small-vehicle 1721.0 2419.0 1740.0 2443.0
small-vehicle 1735.0 2427.0 1753.0 2450.0
small-vehicle 1822.0 2433.0 1844.0 2446.0
small-vehicle 1475.0 2260.0 1498.0 2277.0
small-vehicle 1098.0 2014.0 1120.0 2025.0
small-vehicle 1185.0 1081.0 1196.0 1101.0
small-vehicle 1224.0 1944.0 1243.0 1955.0
small-vehicle 1393.0 1902.0 1417.0 1913.0
small-vehicle 1649.0 1766.0 1666.0 1774.0
small-vehicle 1043.0 1441.0 1063.0 1454.0
small-vehicle 1111.0 1422.0 1129.0 1434.0
small-vehicle 1711.0 1783.0 1722.0 1803.0
small-vehicle 1727.0 1764.0 1748.0 1777.0
small-vehicle 1100.0 1053.0 1112.0 1074.0
small-vehicle 1119.0 1059.0 1131.0 1079.0
small-vehicle 1147.0 1068.0 1157.0 1088.0
small-vehicle 1439.0 1320.0 1449.0 1338.0
small-vehicle 1435.0 1371.0 1449.0 1394.0
small-vehicle 1904.0 2853.0 1927.0 2869.0
small-vehicle 1451.0 1374.0 1468.0 1397.0
ship 1441.0 719.0 1477.0 741.0
ship 1581.0 840.0 1610.0 862.0
ship 1517.0 817.0 1541.0 835.0
small-vehicle 1459.0 658.0 1479.0 670.0
small-vehicle 1505.0 561.0 1525.0 575.0
small-vehicle 1605.0 583.0 1630.0 603.0
small-vehicle 1729.0 647.0 1744.0 667.0
small-vehicle 1702.0 659.0 1717.0 678.0
small-vehicle 1711.0 655.0 1727.0 674.0
small-vehicle 1721.0 766.0 1741.0 781.0
swimming-pool 2013.0 372.0 2054.0 413.0
swimming-pool 1752.0 161.0 1789.0 200.0
ship 1362.0 195.0 1387.0 223.0
ship 1332.0 223.0 1365.0 251.0
ship 1255.0 331.0 1281.0 355.0
ship 1400.0 372.0 1421.0 408.0
ship 1358.0 403.0 1372.0 436.0
ship 1346.0 565.0 1363.0 595.0
ship 1325.0 690.0 1341.0 721.0
ship 1266.0 723.0 1287.0 756.0
ship 1261.0 892.0 1281.0 924.0
ship 1501.0 860.0 1510.0 882.0
ship 1042.0 959.0 1062.0 990.0
ship 1467.0 844.0 1486.0 877.0
small-vehicle 1553.0 902.0 1565.0 921.0
small-vehicle 1416.0 899.0 1435.0 915.0
small-vehicle 1751.0 1829.0 1770.0 1840.0 difficult
small-vehicle 1477.0 1385.0 1493.0 1406.0
small-vehicle 1492.0 1115.0 1513.0 1124.0
small-vehicle 1750.0 1119.0 1769.0 1127.0
small-vehicle 1908.0 1343.0 1921.0 1364.0
small-vehicle 1881.0 1321.0 1903.0 1337.0
swimming-pool 1834.0 1384.0 1865.0 1410.0
small-vehicle 1776.0 2004.0 1798.0 2015.0
small-vehicle 1857.0 2278.0 1872.0 2297.0
small-vehicle 1751.0 1842.0 1772.0 1852.0 difficult
small-vehicle 1828.0 1657.0 1841.0 1680.0 difficult
ship 1728.0 1056.0 1743.0 1080.0
small-vehicle 1552.0 665.0 1569.0 679.0
ship 1749.0 1058.0 1774.0 1068.0
ship 1966.0 1153.0 1993.0 1165.0
swimming-pool 1464.0 975.0 1505.0 1024.0
small-vehicle 1436.0 921.0 1446.0 941.0 difficult
small-vehicle 1533.0 713.0 1556.0 726.0 difficult
small-vehicle 1694.0 706.0 1713.0 721.0 difficult
small-vehicle 1747.0 711.0 1766.0 726.0 difficult
small-vehicle 1395.0 871.0 1413.0 883.0
small-vehicle 1459.0 643.0 1482.0 658.0
small-vehicle 1555.0 646.0 1574.0 660.0
small-vehicle 1947.0 2834.0 1971.0 2856.0
swimming-pool 1731.0 3000.0 1763.0 3038.0
ship 1135.0 485.0 1169.0 514.0
ship 816.0 883.0 838.0 932.0
ship 1137.0 813.0 1157.0 843.0
ship 1115.0 791.0 1139.0 827.0
ship 1158.0 802.0 1174.0 825.0
ship 1175.0 816.0 1199.0 857.0
ship 1236.0 831.0 1260.0 868.0
ship 1271.0 848.0 1295.0 886.0
ship 1285.0 724.0 1313.0 769.0
ship 1225.0 706.0 1251.0 752.0
ship 1184.0 694.0 1212.0 740.0
ship 1159.0 667.0 1198.0 736.0
ship 1202.0 637.0 1232.0 687.0
ship 1243.0 643.0 1275.0 697.0
ship 1284.0 671.0 1304.0 702.0
ship 1306.0 681.0 1324.0 712.0
ship 1287.0 493.0 1318.0 539.0
ship 1332.0 511.0 1353.0 548.0
ship 1355.0 519.0 1376.0 556.0
ship 1316.0 564.0 1334.0 597.0
ship 1270.0 550.0 1293.0 586.0
ship 1249.0 535.0 1280.0 588.0
ship 1228.0 530.0 1253.0 572.0
ship 1440.0 233.0 1472.0 261.0
ship 516.0 178.0 536.0 203.0
ship 1117.0 849.0 1144.0 894.0
ship 1139.0 854.0 1162.0 891.0
ship 1158.0 863.0 1184.0 902.0
ship 1010.0 735.0 1047.0 762.0
ship 1118.0 511.0 1168.0 556.0
ship 1106.0 536.0 1164.0 578.0
ship 1096.0 559.0 1140.0 592.0
ship 1085.0 575.0 1147.0 621.0
ship 1075.0 596.0 1124.0 633.0
ship 1057.0 640.0 1096.0 669.0
ship 1046.0 655.0 1106.0 699.0
ship 1033.0 675.0 1092.0 714.0
ship 1023.0 692.0 1081.0 735.0
ship 1013.0 713.0 1072.0 752.0
ship 996.0 751.0 1050.0 789.0
ship 1200.0 875.0 1225.0 913.0
ship 986.0 770.0 1033.0 804.0
ship 975.0 818.0 1020.0 838.0
ship 967.0 838.0 1010.0 857.0
ship 965.0 860.0 1012.0 883.0
ship 1067.0 971.0 1085.0 1003.0
ship 1082.0 973.0 1104.0 1007.0
ship 1104.0 977.0 1126.0 1015.0
ship 1144.0 986.0 1167.0 1025.0
ship 1200.0 1018.0 1218.0 1046.0
ship 1227.0 1016.0 1246.0 1045.0
ship 839.0 809.0 861.0 850.0
ship 777.0 1572.0 824.0 1598.0
swimming-pool 1629.0 2963.0 1674.0 3001.0
ship 412.0 1757.0 424.0 1789.0
ship 1582.0 2783.0 1603.0 2812.0
ship 1577.0 2797.0 1596.0 2822.0
small-vehicle 1518.0 2916.0 1542.0 2939.0 difficult
small-vehicle 1564.0 2823.0 1582.0 2845.0 difficult
small-vehicle 1526.0 2841.0 1546.0 2868.0 difficult
small-vehicle 1473.0 2710.0 1484.0 2727.0 difficult
small-vehicle 1387.0 2680.0 1403.0 2703.0 difficult
ship 1456.0 2953.0 1489.0 2990.0
ship 1451.0 2930.0 1485.0 2974.0
ship 1410.0 2938.0 1445.0 2984.0
ship 1390.0 2933.0 1421.0 2969.0
ship 1188.0 2857.0 1214.0 2886.0
ship 1074.0 2766.0 1102.0 2793.0
small-vehicle 1455.0 2593.0 1473.0 2614.0
swimming-pool 911.0 1452.0 947.0 1476.0
swimming-pool 2110.0 3203.0 2163.0 3252.0
swimming-pool 1836.0 3060.0 1873.0 3103.0
small-vehicle 2044.0 3394.0 2072.0 3414.0
small-vehicle 2125.0 3346.0 2142.0 3368.0
ship 1810.0 3161.0 1836.0 3197.0
ship 1878.0 3225.0 1900.0 3248.0
ship 1864.0 3342.0 1893.0 3361.0
ship 1692.0 3103.0 1709.0 3130.0
ship 1470.0 3005.0 1492.0 3034.0
ship 1579.0 3056.0 1597.0 3082.0
ship 1619.0 3069.0 1637.0 3096.0
ship 776.0 2347.0 792.0 2374.0
ship 270.0 1763.0 283.0 1790.0
ship 189.0 2190.0 202.0 2217.0
ship 176.0 2194.0 188.0 2216.0
ship 142.0 2206.0 165.0 2217.0
ship 169.0 2226.0 180.0 2252.0
ship 184.0 2232.0 195.0 2253.0
ship 205.0 2225.0 217.0 2254.0
ship 143.0 2305.0 153.0 2332.0
ship 163.0 2342.0 189.0 2355.0
ship 449.0 2349.0 463.0 2379.0
swimming-pool 37.0 2404.0 107.0 2449.0
ship 1461.0 3280.0 1510.0 3299.0
ship 360.0 2439.0 373.0 2466.0
ship 526.0 2483.0 539.0 2508.0
ship 407.0 2484.0 419.0 2511.0
ship 361.0 2486.0 371.0 2511.0
ship 347.0 2586.0 362.0 2612.0
ship 401.0 2624.0 416.0 2657.0
ship 442.0 2583.0 451.0 2607.0
ship 478.0 2584.0 491.0 2609.0
ship 517.0 2625.0 536.0 2655.0
ship 1297.0 3193.0 1355.0 3221.0
harbor 1259.0 1.0 1576.0 95.0 difficult
