small-vehicle 191.0 738.0 226.0 756.0
plane 948.0 490.0 1033.0 547.0
plane 323.0 478.0 410.0 535.0
plane 428.0 476.0 513.0 539.0
plane 528.0 486.0 615.0 545.0
plane 630.0 482.0 711.0 540.0
plane 730.0 479.0 819.0 545.0
plane 837.0 487.0 923.0 547.0
plane 1178.0 22.0 1242.0 107.0
small-vehicle 191.0 666.0 248.0 687.0
plane 1040.0 223.0 1127.0 286.0
plane 942.0 225.0 1018.0 278.0
plane 836.0 220.0 922.0 281.0
plane 741.0 222.0 814.0 279.0
plane 541.0 220.0 617.0 271.0
plane 353.0 221.0 410.0 267.0
plane 252.0 797.0 393.0 914.0
plane 415.0 809.0 495.0 897.0
plane 536.0 783.0 670.0 909.0
plane 576.0 1165.0 689.0 1282.0
plane 755.0 1173.0 882.0 1301.0
plane 462.0 1664.0 630.0 1832.0
plane 986.0 1608.0 1162.0 1808.0
small-vehicle 192.0 574.0 230.0 592.0
small-vehicle 193.0 595.0 230.0 615.0
small-vehicle 65.0 719.0 84.0 756.0
small-vehicle 100.0 736.0 116.0 771.0
small-vehicle 124.0 731.0 140.0 767.0
small-vehicle 191.0 1103.0 208.0 1138.0
large-vehicle 182.0 384.0 261.0 411.0
large-vehicle 200.0 432.0 267.0 457.0
large-vehicle 197.0 478.0 245.0 501.0
small-vehicle 46.0 691.0 66.0 735.0
plane 239.0 214.0 323.0 268.0
