ship 675.0 1113.0 706.0 1136.0
ship 1340.0 626.0 1370.0 659.0
ship 1208.0 730.0 1243.0 764.0
ship 1218.0 741.0 1254.0 778.0
ship 1229.0 755.0 1265.0 790.0
ship 1265.0 729.0 1295.0 761.0
ship 1297.0 767.0 1334.0 802.0
ship 1306.0 787.0 1339.0 818.0
ship 1437.0 443.0 1500.0 516.0
ship 1327.0 811.0 1364.0 845.0
ship 1485.0 456.0 1523.0 496.0
ship 1500.0 457.0 1543.0 507.0
ship 1518.0 475.0 1554.0 520.0
ship 1533.0 492.0 1565.0 529.0
ship 1553.0 499.0 1586.0 542.0
ship 1581.0 526.0 1616.0 565.0
ship 1245.0 698.0 1283.0 733.0
ship 1269.0 812.0 1306.0 846.0
ship 459.0 1214.0 502.0 1240.0
ship 1480.0 696.0 1522.0 741.0
ship 1123.0 931.0 1177.0 977.0
ship 1099.0 899.0 1151.0 945.0
ship 1166.0 984.0 1208.0 1023.0
ship 1012.0 1067.0 1047.0 1099.0
ship 1411.0 626.0 1454.0 669.0
ship 1438.0 650.0 1483.0 696.0
ship 1391.0 679.0 1426.0 717.0
ship 1238.0 770.0 1274.0 805.0
ship 1360.0 649.0 1400.0 689.0
ship 1401.0 614.0 1436.0 652.0
ship 1389.0 596.0 1429.0 637.0
ship 1372.0 582.0 1415.0 626.0
ship 1328.0 581.0 1381.0 635.0
ship 1277.0 738.0 1315.0 776.0
ship 1595.0 537.0 1631.0 578.0
ship 1610.0 554.0 1643.0 595.0
ship 1582.0 599.0 1609.0 631.0
small-vehicle 1565.0 923.0 1586.0 938.0
small-vehicle 1777.0 1378.0 1795.0 1399.0
small-vehicle 1785.0 1371.0 1800.0 1389.0
small-vehicle 1792.0 1363.0 1811.0 1382.0
small-vehicle 1986.0 1352.0 2011.0 1374.0
small-vehicle 1901.0 1163.0 1928.0 1190.0
small-vehicle 1573.0 933.0 1590.0 948.0
small-vehicle 1577.0 892.0 1594.0 910.0
ship 1555.0 581.0 1594.0 627.0
small-vehicle 1585.0 887.0 1602.0 905.0
small-vehicle 1731.0 934.0 1753.0 950.0
small-vehicle 1774.0 955.0 1785.0 977.0
small-vehicle 1785.0 927.0 1803.0 948.0
small-vehicle 1802.0 904.0 1825.0 925.0
small-vehicle 1827.0 893.0 1844.0 910.0
small-vehicle 1329.0 1058.0 1348.0 1076.0
small-vehicle 1313.0 1082.0 1331.0 1101.0
small-vehicle 1085.0 1273.0 1105.0 1296.0
ship 882.0 670.0 911.0 696.0
ship 1796.0 76.0 1825.0 113.0
ship 1715.0 308.0 1769.0 379.0
ship 1683.0 317.0 1708.0 348.0
ship 1645.0 359.0 1679.0 402.0
ship 1620.0 343.0 1659.0 389.0
ship 1658.0 285.0 1701.0 338.0
ship 1641.0 266.0 1685.0 322.0
ship 1592.0 328.0 1641.0 386.0
ship 1619.0 249.0 1669.0 309.0
ship 1559.0 275.0 1620.0 345.0
ship 1667.0 377.0 1721.0 446.0
ship 1524.0 559.0 1561.0 604.0
ship 1544.0 570.0 1580.0 612.0
ship 1191.0 912.0 1241.0 957.0
ship 1179.0 894.0 1229.0 939.0
ship 1165.0 880.0 1214.0 922.0
ship 534.0 1259.0 572.0 1287.0
ship 229.0 1242.0 286.0 1278.0
ship 307.0 1263.0 349.0 1290.0
ship 242.0 1277.0 300.0 1309.0
ship 263.0 1295.0 305.0 1326.0
ship 305.0 1245.0 343.0 1272.0
ship 470.0 1275.0 519.0 1309.0
ship 513.0 1212.0 564.0 1245.0
ship 478.0 1078.0 524.0 1109.0
ship 514.0 1193.0 561.0 1223.0
ship 458.0 1229.0 509.0 1264.0
ship 441.0 1188.0 491.0 1219.0
ship 496.0 1148.0 539.0 1179.0
ship 489.0 1123.0 538.0 1157.0
ship 434.0 1143.0 479.0 1173.0
ship 228.0 1189.0 275.0 1220.0
ship 282.0 1189.0 334.0 1219.0
ship 278.0 1168.0 330.0 1202.0
ship 220.0 1171.0 269.0 1202.0
ship 262.0 1118.0 309.0 1146.0
ship 193.0 1135.0 255.0 1176.0
ship 425.0 1059.0 494.0 1099.0
ship 234.0 1097.0 289.0 1133.0
harbor 1448.0 452.0 1671.0 657.0
harbor 1329.0 582.0 1551.0 804.0
harbor 1203.0 695.0 1399.0 917.0
harbor 1053.0 788.0 1267.0 1037.0
harbor 853.0 897.0 1083.0 1166.0
harbor 621.0 991.0 811.0 1271.0
harbor 418.0 1073.0 578.0 1317.0
harbor 207.0 1113.0 367.0 1353.0
harbor 1576.0 241.0 1832.0 479.0
ship 482.0 1102.0 533.0 1137.0
ship 626.0 996.0 666.0 1027.0
ship 1144.0 851.0 1183.0 887.0
ship 938.0 1078.0 989.0 1117.0
ship 928.0 927.0 988.0 976.0
ship 939.0 941.0 1015.0 1000.0
ship 955.0 976.0 1007.0 1019.0
ship 894.0 1008.0 954.0 1055.0
ship 913.0 1028.0 969.0 1076.0
ship 909.0 1053.0 979.0 1106.0
ship 998.0 1045.0 1046.0 1085.0
ship 624.0 1020.0 676.0 1053.0
ship 985.0 1016.0 1038.0 1064.0
ship 1102.0 788.0 1156.0 837.0
ship 1124.0 814.0 1154.0 843.0
ship 1127.0 825.0 1178.0 871.0
ship 1084.0 862.0 1126.0 902.0
ship 1093.0 878.0 1143.0 920.0
ship 918.0 909.0 966.0 952.0
ship 897.0 879.0 969.0 935.0
ship 835.0 920.0 894.0 969.0
ship 747.0 1197.0 804.0 1229.0
ship 687.0 1213.0 744.0 1251.0
ship 678.0 1192.0 734.0 1231.0
ship 673.0 1175.0 723.0 1207.0
ship 732.0 1154.0 786.0 1189.0
ship 664.0 1150.0 716.0 1185.0
ship 666.0 1129.0 712.0 1158.0
ship 722.0 1111.0 766.0 1140.0
ship 715.0 1084.0 773.0 1122.0
ship 649.0 1084.0 699.0 1117.0
ship 638.0 1063.0 691.0 1096.0
ship 696.0 1050.0 736.0 1076.0
ship 689.0 1019.0 746.0 1056.0
ship 684.0 997.0 740.0 1031.0
small-vehicle 1850.0 892.0 1869.0 905.0
small-vehicle 1871.0 883.0 1891.0 893.0
small-vehicle 1898.0 875.0 1919.0 888.0
small-vehicle 2061.0 359.0 2082.0 372.0 difficult
small-vehicle 2082.0 408.0 2103.0 436.0
small-vehicle 2134.0 428.0 2151.0 451.0
small-vehicle 2142.0 433.0 2159.0 455.0 difficult
small-vehicle 2122.0 424.0 2137.0 446.0 difficult
small-vehicle 2118.0 421.0 2130.0 441.0 difficult
small-vehicle 2106.0 415.0 2119.0 438.0 difficult
small-vehicle 2063.0 350.0 2086.0 364.0 difficult
ship 1814.0 99.0 1834.0 129.0
small-vehicle 2070.0 332.0 2093.0 349.0 difficult
small-vehicle 2080.0 324.0 2102.0 340.0 difficult
small-vehicle 2092.0 274.0 2105.0 294.0 difficult
small-vehicle 2086.0 243.0 2098.0 262.0 difficult
small-vehicle 2103.0 282.0 2114.0 301.0
small-vehicle 2113.0 289.0 2125.0 308.0
small-vehicle 2077.0 404.0 2088.0 426.0
small-vehicle 2065.0 402.0 2081.0 426.0
small-vehicle 2025.0 315.0 2048.0 332.0
small-vehicle 2008.0 366.0 2027.0 379.0
small-vehicle 2002.0 386.0 2021.0 400.0
small-vehicle 1997.0 396.0 2017.0 408.0
small-vehicle 1981.0 436.0 2001.0 453.0
small-vehicle 2058.0 453.0 2072.0 475.0
small-vehicle 2067.0 457.0 2081.0 480.0
small-vehicle 2078.0 461.0 2092.0 483.0
small-vehicle 2087.0 467.0 2099.0 484.0
small-vehicle 2097.0 469.0 2110.0 489.0
small-vehicle 2115.0 475.0 2129.0 498.0
small-vehicle 2126.0 480.0 2140.0 501.0
small-vehicle 2137.0 484.0 2150.0 501.0
small-vehicle 2038.0 815.0 2061.0 833.0
small-vehicle 2056.0 799.0 2073.0 816.0
ship 2003.0 222.0 2019.0 247.0
ship 1796.0 129.0 1818.0 154.0
small-vehicle 2090.0 752.0 2107.0 772.0
ship 1265.0 803.0 1294.0 831.0
ship 1597.0 604.0 1623.0 630.0
ship 1354.0 641.0 1384.0 673.0
ship 1402.0 706.0 1431.0 733.0
ship 1440.0 744.0 1472.0 774.0
ship 1468.0 690.0 1496.0 719.0
ship 1233.0 688.0 1264.0 718.0
ship 1281.0 831.0 1315.0 858.0
ship 1818.0 136.0 1842.0 163.0
ship 1296.0 851.0 1320.0 868.0
ship 1322.0 800.0 1357.0 825.0
ship 948.0 1100.0 1009.0 1146.0
ship 292.0 1213.0 330.0 1239.0
ship 317.0 1285.0 354.0 1307.0
ship 249.0 1310.0 317.0 1351.0
ship 1620.0 573.0 1648.0 600.0
ship 1471.0 510.0 1498.0 544.0
ship 1666.0 365.0 1694.0 396.0
ship 1600.0 317.0 1624.0 347.0
ship 1613.0 250.0 1639.0 283.0
ship 1701.0 330.0 1729.0 361.0
ship 1758.0 366.0 1783.0 394.0
ship 1741.0 364.0 1766.0 391.0
ship 1765.0 331.0 1788.0 359.0
ship 2072.0 232.0 2090.0 262.0
ship 2055.0 223.0 2068.0 247.0
ship 2014.0 224.0 2030.0 252.0
ship 1822.0 192.0 1842.0 218.0
ship 1810.0 189.0 1829.0 217.0
ship 1796.0 181.0 1819.0 211.0
ship 1772.0 169.0 1798.0 200.0
ship 1833.0 143.0 1852.0 174.0
small-vehicle 2073.0 779.0 2090.0 797.0
small-vehicle 2101.0 730.0 2123.0 752.0
small-vehicle 1927.0 871.0 1947.0 882.0
small-vehicle 1831.0 692.0 1850.0 718.0 difficult
small-vehicle 1642.0 847.0 1659.0 869.0 difficult
small-vehicle 1751.0 866.0 1765.0 885.0 difficult
small-vehicle 1758.0 854.0 1774.0 880.0 difficult
small-vehicle 1782.0 852.0 1795.0 872.0 difficult
small-vehicle 1809.0 841.0 1823.0 861.0 difficult
small-vehicle 1902.0 716.0 1916.0 741.0 difficult
small-vehicle 1703.0 751.0 1717.0 771.0 difficult
small-vehicle 1789.0 770.0 1802.0 792.0 difficult
small-vehicle 1738.0 814.0 1751.0 835.0 difficult
small-vehicle 1750.0 786.0 1765.0 809.0 difficult
small-vehicle 1758.0 806.0 1771.0 826.0 difficult
small-vehicle 1780.0 798.0 1793.0 821.0 difficult
small-vehicle 1796.0 793.0 1810.0 814.0 difficult
small-vehicle 1805.0 786.0 1820.0 809.0 difficult
small-vehicle 1956.0 811.0 1968.0 832.0
small-vehicle 1946.0 813.0 1958.0 833.0
small-vehicle 1936.0 813.0 1947.0 834.0
small-vehicle 1924.0 812.0 1937.0 832.0
small-vehicle 1867.0 794.0 1875.0 818.0
small-vehicle 1799.0 844.0 1813.0 865.0
small-vehicle 1789.0 848.0 1805.0 868.0
small-vehicle 1770.0 857.0 1786.0 877.0
small-vehicle 1715.0 840.0 1732.0 866.0
small-vehicle 1688.0 802.0 1707.0 826.0
small-vehicle 1665.0 829.0 1684.0 852.0
small-vehicle 1655.0 838.0 1675.0 859.0
small-vehicle 1632.0 851.0 1647.0 869.0
small-vehicle 2026.0 831.0 2043.0 850.0
small-vehicle 2009.0 846.0 2025.0 863.0 difficult
small-vehicle 1978.0 856.0 2001.0 871.0
small-vehicle 1954.0 864.0 1973.0 878.0
small-vehicle 1830.0 765.0 1844.0 790.0 difficult
small-vehicle 1732.0 794.0 1746.0 815.0
small-vehicle 2117.0 714.0 2134.0 733.0
small-vehicle 1678.0 784.0 1694.0 805.0
small-vehicle 1922.0 678.0 1941.0 700.0
small-vehicle 1841.0 692.0 1861.0 718.0
small-vehicle 1755.0 727.0 1772.0 750.0
small-vehicle 1723.0 741.0 1740.0 763.0
small-vehicle 1712.0 744.0 1729.0 767.0
small-vehicle 1648.0 764.0 1669.0 781.0
small-vehicle 1789.0 713.0 1801.0 736.0
small-vehicle 1742.0 787.0 1757.0 811.0
small-vehicle 1799.0 708.0 1813.0 729.0
small-vehicle 1874.0 734.0 1887.0 754.0
small-vehicle 1877.0 755.0 1891.0 775.0
small-vehicle 2151.0 653.0 2169.0 673.0
small-vehicle 2141.0 674.0 2155.0 692.0
small-vehicle 2129.0 696.0 2143.0 715.0
small-vehicle 1920.0 704.0 1936.0 728.0
small-vehicle 1913.0 714.0 1926.0 736.0
small-vehicle 1931.0 746.0 1942.0 769.0
small-vehicle 1921.0 737.0 1928.0 755.0
small-vehicle 1910.0 742.0 1923.0 764.0
small-vehicle 1889.0 750.0 1905.0 779.0
small-vehicle 1900.0 749.0 1913.0 769.0
small-vehicle 1895.0 725.0 1907.0 748.0
small-vehicle 1885.0 731.0 1897.0 752.0
small-vehicle 1942.0 781.0 1966.0 795.0
small-vehicle 1749.0 809.0 1762.0 831.0
small-vehicle 1766.0 803.0 1780.0 823.0
small-vehicle 1811.0 782.0 1825.0 802.0
small-vehicle 1795.0 763.0 1814.0 784.0
small-vehicle 1782.0 777.0 1798.0 797.0
small-vehicle 1771.0 777.0 1787.0 800.0
small-vehicle 1759.0 781.0 1775.0 802.0
harbor 1770.0 74.0 1900.0 224.0
