small-vehicle 33.0 1552.0 66.0 1572.0
plane 792.0 370.0 875.0 468.0
plane 391.0 421.0 502.0 508.0
plane 503.0 463.0 601.0 545.0
plane 305.0 781.0 457.0 926.0
plane 145.0 688.0 351.0 887.0
plane 63.0 697.0 165.0 789.0
plane 583.0 738.0 666.0 821.0
plane 626.0 632.0 704.0 728.0
plane 695.0 621.0 773.0 702.0
plane 663.0 558.0 737.0 642.0
plane 728.0 553.0 791.0 621.0
plane 696.0 476.0 778.0 562.0
plane 761.0 453.0 845.0 548.0
plane 734.0 388.0 812.0 480.0
plane 767.0 312.0 842.0 398.0
small-vehicle 310.0 1498.0 343.0 1546.0
plane 823.0 290.0 913.0 383.0
plane 864.0 218.0 936.0 307.0
plane 835.0 160.0 909.0 247.0
plane 859.0 73.0 949.0 169.0
plane 913.0 52.0 1011.0 155.0
plane 27.0 1036.0 157.0 1164.0
plane 145.0 1080.0 289.0 1217.0
plane 380.0 1192.0 526.0 1327.0
plane 116.0 1296.0 256.0 1420.0
small-vehicle 27.0 1506.0 64.0 1527.0
small-vehicle 25.0 1529.0 71.0 1554.0
large-vehicle 446.0 1162.0 527.0 1216.0
small-vehicle 70.0 1418.0 93.0 1463.0
plane 292.0 372.0 397.0 473.0
