helicopter 1410.0 3702.0 1656.0 3949.0
helicopter 1953.0 937.0 2190.0 1180.0
plane 408.0 1907.0 601.0 2054.0
plane 570.0 1761.0 751.0 1926.0
plane 717.0 1617.0 901.0 1792.0
helicopter 2536.0 422.0 2758.0 650.0
helicopter 2318.0 544.0 2580.0 818.0
helicopter 2124.0 771.0 2324.0 977.0
helicopter 1656.0 1080.0 1931.0 1355.0
helicopter 1160.0 3237.0 1594.0 3665.0
helicopter 1385.0 1302.0 1659.0 1592.0
helicopter 1191.0 1642.0 1391.0 1839.0
helicopter 1088.0 1870.0 1232.0 2001.0
helicopter 1091.0 2048.0 1232.0 2163.0
helicopter 1060.0 2185.0 1260.0 2354.0
helicopter 1204.0 2747.0 1369.0 2897.0
plane 264.0 2039.0 430.0 2195.0
