small-vehicle 3460.0 3835.0 3505.0 3879.0 difficult
small-vehicle 3499.0 3773.0 3526.0 3822.0 difficult
plane 1017.0 707.0 1310.0 1004.0
plane 1534.0 1504.0 1967.0 1944.0
plane 227.0 2034.0 1024.0 2790.0
plane 327.0 2980.0 757.0 3427.0
plane 1334.0 3007.0 1787.0 3474.0
plane 2010.0 3424.0 2477.0 3860.0
plane 2387.0 3964.0 2837.0 4460.0
plane 2780.0 4854.0 3277.0 5370.0
plane 4010.0 5244.0 4404.0 5634.0
small-vehicle 386.0 29.0 454.0 89.0 difficult
small-vehicle 562.0 10.0 620.0 49.0 difficult
small-vehicle 456.0 587.0 532.0 635.0 difficult
small-vehicle 933.0 1422.0 974.0 1464.0 difficult
small-vehicle 539.0 2646.0 578.0 2669.0 difficult
small-vehicle 2296.0 1706.0 2336.0 1748.0 difficult
plane 200.0 7.0 827.0 630.0
