plane 3222.0 692.0 3414.0 895.0
plane 3110.0 810.0 3282.0 995.0
plane 500.0 3060.0 700.0 3269.0
plane 592.0 2969.0 792.0 3177.0
plane 689.0 2880.0 890.0 3099.0
plane 805.0 2777.0 999.0 2970.0
plane 902.0 2684.0 1104.0 2890.0
plane 1002.0 2615.0 1194.0 2814.0
plane 1100.0 2534.0 1289.0 2732.0
plane 1204.0 2434.0 1402.0 2639.0
plane 1309.0 2362.0 1494.0 2552.0
plane 1395.0 2292.0 1587.0 2485.0
plane 1477.0 2212.0 1665.0 2395.0
plane 1567.0 2130.0 1755.0 2320.0
plane 1679.0 2042.0 1875.0 2239.0
plane 1784.0 1942.0 1977.0 2139.0
plane 1887.0 1855.0 2084.0 2055.0
plane 2465.0 1257.0 2737.0 1560.0
plane 2600.0 1127.0 2875.0 1420.0
plane 2850.0 1040.0 3009.0 1202.0
plane 3017.0 889.0 3184.0 1067.0
helicopter 259.0 3174.0 565.0 3472.0
