small-vehicle 1640.0 3472.0 1663.0 3490.0
plane 1278.0 2476.0 1336.0 2535.0
plane 1454.0 2570.0 1498.0 2618.0
plane 1432.0 2605.0 1475.0 2648.0
plane 1412.0 2626.0 1460.0 2670.0
plane 1326.0 2296.0 1391.0 2356.0
plane 1366.0 2352.0 1414.0 2406.0
plane 1324.0 2396.0 1388.0 2460.0
plane 1234.0 2508.0 1284.0 2563.0
plane 1206.0 2786.0 1249.0 2832.0
plane 1216.0 2546.0 1280.0 2610.0
plane 1215.0 2740.0 1269.0 2794.0
plane 1290.0 2794.0 1328.0 2835.0
plane 1252.0 2780.0 1296.0 2821.0
plane 1268.0 2812.0 1326.0 2875.0
plane 1248.0 2856.0 1291.0 2901.0
plane 1413.0 2584.0 1457.0 2633.0
plane 1434.0 2540.0 1478.0 2590.0
plane 1475.0 2533.0 1523.0 2586.0
plane 1500.0 2496.0 1546.0 2544.0
plane 1518.0 2459.0 1564.0 2508.0
plane 1478.0 2458.0 1526.0 2512.0
plane 1536.0 2424.0 1581.0 2475.0
plane 1510.0 2396.0 1575.0 2459.0
plane 1789.0 2596.0 1838.0 2637.0
helicopter 1388.0 2278.0 1416.0 2296.0
helicopter 1630.0 2254.0 1680.0 2300.0
plane 1581.0 2300.0 1648.0 2368.0
plane 1611.0 2212.0 1660.0 2266.0
plane 1651.0 2214.0 1704.0 2272.0
plane 1671.0 2151.0 1742.0 2225.0
plane 1630.0 2140.0 1681.0 2195.0
plane 1656.0 2094.0 1725.0 2158.0
plane 1217.0 2842.0 1259.0 2879.0
plane 1188.0 2820.0 1225.0 2863.0
plane 1678.0 2057.0 1740.0 2119.0
plane 1850.0 3989.0 2004.0 4152.0
storage-tank 4268.0 1748.0 4380.0 1869.0
plane 5698.0 3394.0 5854.0 3552.0
plane 5718.0 3543.0 5874.0 3703.0
plane 4560.0 4973.0 4768.0 5189.0
plane 4502.0 5605.0 4745.0 5865.0
plane 4128.0 5477.0 4345.0 5710.0
plane 1588.0 4245.0 1748.0 4407.0
plane 1163.0 2850.0 1203.0 2894.0
plane 2132.0 4075.0 2287.0 4242.0
plane 3290.0 4499.0 3418.0 4649.0
plane 2958.0 4374.0 3110.0 4537.0
plane 2610.0 4243.0 2764.0 4405.0
plane 2465.0 4433.0 2620.0 4587.0
plane 2338.0 1617.0 2389.0 1659.0
storage-tank 4025.0 1988.0 4067.0 2033.0
storage-tank 3929.0 2033.0 3968.0 2074.0
storage-tank 3970.0 2128.0 4012.0 2172.0
storage-tank 4075.0 2129.0 4134.0 2185.0
storage-tank 4010.0 2225.0 4052.0 2267.0
storage-tank 4188.0 2354.0 4233.0 2399.0
storage-tank 4262.0 2325.0 4304.0 2368.0
roundabout 3788.0 2768.0 3879.0 2864.0
plane 1169.0 2982.0 1215.0 3023.0
plane 1128.0 2974.0 1176.0 3018.0
plane 1104.0 2947.0 1138.0 2990.0
plane 1119.0 2909.0 1165.0 2958.0
plane 1145.0 2883.0 1186.0 2928.0
plane 1177.0 2903.0 1219.0 2941.0
plane 1206.0 2920.0 1243.0 2962.0
plane 1193.0 2953.0 1237.0 3001.0
plane 1225.0 2888.0 1268.0 2934.0
plane 1722.0 2082.0 1786.0 2142.0
plane 1742.0 2040.0 1787.0 2089.0
small-vehicle 1577.0 3434.0 1602.0 3454.0
plane 2042.0 2750.0 2094.0 2805.0
small-vehicle 2843.0 1113.0 2859.0 1128.0
small-vehicle 2837.0 1126.0 2855.0 1141.0
small-vehicle 2834.0 1142.0 2852.0 1158.0
small-vehicle 2805.0 1138.0 2825.0 1146.0
small-vehicle 2749.0 1156.0 2765.0 1175.0
plane 1992.0 2758.0 2037.0 2813.0
plane 5022.0 3193.0 5088.0 3251.0
plane 5026.0 3321.0 5094.0 3380.0
plane 4999.0 3228.0 5046.0 3266.0
plane 4960.0 3218.0 5012.0 3264.0
plane 4933.0 3248.0 4978.0 3287.0
plane 5037.0 3241.0 5107.0 3316.0
plane 5002.0 3254.0 5054.0 3314.0
plane 5066.0 3293.0 5107.0 3342.0
small-vehicle 2845.0 1103.0 2864.0 1119.0
small-vehicle 2878.0 1058.0 2895.0 1073.0
small-vehicle 2882.0 1045.0 2904.0 1064.0
small-vehicle 2866.0 1043.0 2884.0 1051.0
small-vehicle 2857.0 1059.0 2874.0 1068.0
small-vehicle 2930.0 1241.0 2951.0 1259.0
small-vehicle 2927.0 1258.0 2943.0 1270.0 difficult
small-vehicle 2914.0 1001.0 2931.0 1016.0
small-vehicle 1005.0 2940.0 1025.0 2965.0
small-vehicle 1301.0 3032.0 1312.0 3054.0
small-vehicle 1370.0 3225.0 1388.0 3246.0
small-vehicle 1418.0 3254.0 1433.0 3272.0
small-vehicle 1478.0 3297.0 1496.0 3320.0
small-vehicle 1489.0 3300.0 1507.0 3324.0
small-vehicle 1504.0 3316.0 1520.0 3334.0
small-vehicle 1477.0 3355.0 1494.0 3367.0
small-vehicle 1551.0 3416.0 1575.0 3436.0
plane 5010.0 3298.0 5057.0 3352.0
plane 4952.0 3266.0 5003.0 3307.0
plane 1699.0 2022.0 1764.0 2086.0
plane 1617.0 1758.0 1730.0 1866.0
plane 2318.0 2138.0 2372.0 2189.0
plane 2212.0 2241.0 2257.0 2284.0
plane 2244.0 2261.0 2290.0 2304.0
plane 2183.0 2258.0 2249.0 2325.0
plane 1784.0 1801.0 1938.0 1967.0
plane 1699.0 1718.0 1763.0 1780.0
plane 1624.0 1872.0 1673.0 1923.0
plane 4890.0 3252.0 4936.0 3288.0
plane 1584.0 1908.0 1659.0 1985.0
plane 1552.0 1973.0 1602.0 2025.0
plane 1728.0 1974.0 1788.0 2037.0
plane 1770.0 1942.0 1813.0 1986.0
plane 1806.0 1953.0 1865.0 2006.0
plane 1786.0 1989.0 1845.0 2048.0
plane 2289.0 2092.0 2368.0 2169.0
plane 2324.0 2254.0 2376.0 2302.0
plane 2359.0 1893.0 2405.0 1938.0 difficult
plane 2252.0 1866.0 2291.0 1900.0
plane 2293.0 1880.0 2361.0 1948.0
plane 2270.0 1845.0 2332.0 1904.0
plane 2246.0 1819.0 2306.0 1873.0
helicopter 2627.0 1316.0 2671.0 1367.0
plane 4960.0 3474.0 5002.0 3524.0
plane 5050.0 3633.0 5117.0 3700.0
plane 5001.0 3540.0 5072.0 3612.0
plane 5081.0 3714.0 5144.0 3786.0
plane 5135.0 3704.0 5204.0 3768.0
plane 5190.0 3675.0 5251.0 3746.0
plane 5106.0 3442.0 5181.0 3516.0
plane 5110.0 3398.0 5163.0 3451.0
plane 5058.0 3321.0 5151.0 3414.0
plane 2283.0 609.0 2458.0 794.0
