soccer-ball-field 1055.0 1034.0 1241.0 1185.0
plane 1821.0 2475.0 1845.0 2494.0
plane 2030.0 1187.0 2080.0 1245.0
plane 2011.0 1240.0 2053.0 1296.0
plane 1915.0 2310.0 1938.0 2335.0
plane 1885.0 2290.0 1919.0 2321.0
plane 1822.0 2355.0 1860.0 2395.0
plane 1854.0 2371.0 1888.0 2404.0
plane 1898.0 2377.0 1926.0 2408.0
plane 1784.0 2442.0 1806.0 2461.0
plane 1869.0 2488.0 1890.0 2508.0
plane 1874.0 2470.0 1897.0 2489.0
plane 1850.0 2461.0 1874.0 2482.0
plane 1797.0 2466.0 1820.0 2487.0
soccer-ball-field 745.0 5620.0 929.0 5836.0
plane 1805.0 2450.0 1824.0 2469.0
plane 1785.0 2583.0 1818.0 2613.0
plane 1755.0 2574.0 1788.0 2603.0
plane 1786.0 2657.0 1821.0 2693.0
helicopter 1327.0 4155.0 1357.0 4191.0
helicopter 1262.0 4160.0 1285.0 4183.0
plane 1276.0 4281.0 1300.0 4300.0
plane 1250.0 4210.0 1274.0 4227.0 difficult
plane 1234.0 4267.0 1259.0 4283.0 difficult
ground-track-field 1978.0 3651.0 2221.0 3968.0
soccer-ball-field 803.0 5423.0 988.0 5638.0
plane 2046.0 1138.0 2091.0 1192.0
