ship 985.0 432.0 1017.0 442.0
ship 237.0 497.0 246.0 513.0
ship 226.0 483.0 237.0 501.0
ship 531.0 707.0 536.0 723.0
ship 504.0 683.0 511.0 702.0
ship 509.0 684.0 516.0 704.0
ship 558.0 725.0 578.0 741.0
ship 511.0 695.0 523.0 713.0
ship 535.0 707.0 547.0 727.0
ship 468.0 668.0 487.0 682.0
ship 614.0 618.0 636.0 632.0
ship 369.0 586.0 389.0 610.0
ship 347.0 560.0 366.0 576.0
ship 189.0 446.0 208.0 467.0
ship 258.0 513.0 277.0 530.0
ship 249.0 501.0 258.0 519.0
ship 292.0 525.0 309.0 544.0
ship 1041.0 463.0 1049.0 490.0
ship 165.0 428.0 182.0 444.0
ship 176.0 432.0 188.0 453.0
ship 154.0 419.0 165.0 441.0
ship 149.0 419.0 159.0 437.0
ship 135.0 415.0 144.0 432.0
ship 130.0 399.0 143.0 427.0
ship 130.0 213.0 144.0 224.0 difficult
ship 227.0 292.0 242.0 305.0 difficult
ship 294.0 269.0 316.0 284.0
ship 255.0 63.0 269.0 72.0 difficult
ship 267.0 41.0 280.0 52.0 difficult
ship 100.0 61.0 114.0 74.0 difficult
ship 92.0 56.0 112.0 75.0
ship 123.0 127.0 146.0 139.0
ship 329.0 477.0 346.0 488.0
ship 416.0 620.0 434.0 631.0
ship 539.0 673.0 554.0 688.0
ship 575.0 584.0 593.0 596.0
ship 1089.0 496.0 1113.0 505.0
ship 1160.0 544.0 1183.0 552.0
ship 921.0 927.0 949.0 945.0
ship 936.0 994.0 948.0 1012.0
ship 999.0 1082.0 1023.0 1096.0
ship 999.0 1052.0 1016.0 1068.0
ship 982.0 1033.0 999.0 1056.0
ship 1409.0 722.0 1436.0 735.0
ship 1350.0 706.0 1379.0 718.0
ship 1279.0 633.0 1307.0 644.0
ship 684.0 711.0 705.0 728.0
ship 675.0 714.0 696.0 728.0
ship 705.0 675.0 729.0 691.0
ship 710.0 667.0 734.0 672.0
ship 745.0 608.0 759.0 618.0 difficult
ship 739.0 613.0 758.0 622.0
ship 735.0 629.0 755.0 639.0
ship 735.0 622.0 761.0 631.0
ship 765.0 578.0 782.0 594.0
ship 756.0 586.0 774.0 598.0
ship 751.0 589.0 772.0 604.0
ship 750.0 596.0 767.0 610.0
ship 745.0 601.0 765.0 614.0
ship 723.0 635.0 748.0 646.0
ship 715.0 648.0 738.0 657.0
ship 653.0 744.0 671.0 763.0
ship 696.0 700.0 721.0 717.0
ship 692.0 703.0 717.0 721.0
ship 691.0 710.0 712.0 722.0
ship 966.0 2233.0 995.0 2271.0
