bridge 3066.0 1969.0 3078.0 1982.0 difficult
ship 2906.0 930.0 2982.0 1016.0
bridge 169.0 921.0 276.0 1346.0
bridge 676.0 3265.0 719.0 3339.0
ship 1734.0 202.0 1764.0 222.0
ship 1723.0 208.0 1761.0 232.0
ship 1720.0 217.0 1758.0 240.0
ship 2144.0 185.0 2187.0 240.0
ship 2307.0 345.0 2331.0 375.0
ship 2315.0 333.0 2345.0 363.0
ship 3067.0 1044.0 3114.0 1106.0
bridge 2693.0 3333.0 2714.0 3354.0
ship 3085.0 1045.0 3122.0 1095.0
ship 3218.0 1166.0 3280.0 1221.0
ship 3776.0 1607.0 3861.0 1687.0
ship 2501.0 1571.0 2583.0 1601.0
ship 2648.0 1625.0 2711.0 1655.0
ship 3025.0 1576.0 3119.0 1610.0
ship 3816.0 1977.0 3870.0 2001.0
bridge 490.0 3809.0 511.0 3828.0
bridge 106.0 909.0 251.0 1342.0
