bridge 611.0 2006.0 633.0 2029.0
bridge 1351.0 1346.0 1378.0 1375.0
bridge 421.0 2168.0 459.0 2203.0
bridge 302.0 2298.0 332.0 2323.0
bridge 946.0 1653.0 990.0 1696.0
bridge 1534.0 1114.0 1573.0 1146.0
bridge 1792.0 783.0 1890.0 877.0
bridge 2317.0 275.0 2377.0 333.0
bridge 2309.0 349.0 2398.0 419.0
bridge 2809.0 3252.0 2909.0 3337.0
bridge 3491.0 1013.0 3521.0 1053.0
bridge 3743.0 1122.0 3811.0 1185.0
ground-track-field 634.0 1287.0 756.0 1395.0
ground-track-field 472.0 1432.0 587.0 1537.0
roundabout 1870.0 1082.0 1900.0 1114.0
ground-track-field 1697.0 2842.0 1840.0 2922.0
roundabout 2862.0 2666.0 2912.0 2715.0
ground-track-field 2106.0 1773.0 2217.0 1914.0
ground-track-field 2357.0 1612.0 2559.0 1866.0
storage-tank 2489.0 976.0 2510.0 998.0
