bridge 1376.0 540.0 1403.0 565.0
bridge 2634.0 3553.0 2702.0 3600.0
ship 2659.0 3495.0 2686.0 3525.0
ship 2430.0 3064.0 2458.0 3099.0
ship 2520.0 3220.0 2544.0 3253.0
ship 2504.0 3184.0 2529.0 3216.0
bridge 2609.0 3808.0 2697.0 3999.0
bridge 2622.0 3532.0 2696.0 3582.0
ship 2504.0 3317.0 2523.0 3337.0
roundabout 3742.0 2109.0 3780.0 2142.0
ground-track-field 323.0 2014.0 462.0 2239.0
basketball-court 289.0 3909.0 316.0 3949.0
ground-track-field 1072.0 2535.0 1300.0 2770.0
ship 2488.0 3280.0 2506.0 3304.0
harbor 1859.0 3506.0 1888.0 3531.0
ground-track-field 2382.0 85.0 2502.0 226.0 difficult
ship 2644.0 3461.0 2673.0 3499.0
