bridge 1921.0 2816.0 2017.0 2919.0
harbor 111.0 3439.0 388.0 3619.0
storage-tank 582.0 3111.0 623.0 3152.0
storage-tank 559.0 3147.0 599.0 3189.0
storage-tank 521.0 3126.0 562.0 3166.0
storage-tank 502.0 3156.0 542.0 3197.0
storage-tank 539.0 3179.0 579.0 3220.0
storage-tank 478.0 3193.0 518.0 3234.0
storage-tank 515.0 3216.0 556.0 3257.0
storage-tank 459.0 3225.0 498.0 3266.0
storage-tank 495.0 3249.0 535.0 3289.0
storage-tank 435.0 3261.0 474.0 3303.0
storage-tank 471.0 3286.0 513.0 3327.0
storage-tank 413.0 3295.0 455.0 3336.0
storage-tank 451.0 3318.0 492.0 3357.0
bridge 38.0 1811.0 93.0 1866.0
bridge 468.0 2365.0 498.0 2396.0
bridge 1110.0 2421.0 1174.0 2479.0
bridge 1021.0 422.0 1086.0 480.0
bridge 1894.0 1341.0 1923.0 1365.0
bridge 1658.0 3095.0 1698.0 3141.0
bridge 2135.0 992.0 2187.0 1049.0
bridge 2577.0 3091.0 2635.0 3135.0
bridge 2559.0 3117.0 2623.0 3164.0
bridge 3114.0 2143.0 3149.0 2172.0
bridge 3403.0 1588.0 3449.0 1636.0
bridge 3362.0 1691.0 3392.0 1716.0
bridge 3288.0 3455.0 3328.0 3491.0
bridge 3272.0 3478.0 3323.0 3521.0
basketball-court 2073.0 1351.0 2116.0 1388.0
ground-track-field 2452.0 1544.0 2570.0 1678.0
storage-tank 548.0 3089.0 587.0 3129.0
