ship 2392.0 3745.0 2456.0 3800.0
ship 3450.0 1814.0 3488.0 1882.0
harbor 1806.0 2516.0 1893.0 2542.0
ship 499.0 2911.0 564.0 2944.0
ship 3670.0 3788.0 3684.0 3810.0
ship 2719.0 3118.0 2756.0 3176.0
ship 2744.0 3117.0 2777.0 3182.0
ship 3084.0 3123.0 3148.0 3143.0
ship 3624.0 1719.0 3647.0 1777.0
ship 3602.0 1707.0 3627.0 1812.0
ship 3571.0 1732.0 3600.0 1794.0
ship 3426.0 1791.0 3469.0 1878.0
ship 2409.0 3766.0 2469.0 3817.0
ship 3174.0 1943.0 3236.0 1986.0
ship 3186.0 1871.0 3244.0 1895.0
ship 3179.0 1819.0 3244.0 1869.0
ship 3118.0 1475.0 3197.0 1514.0
ship 3523.0 1129.0 3556.0 1212.0
ship 3502.0 1131.0 3536.0 1212.0
ship 2486.0 1536.0 2524.0 1586.0
ship 2493.0 2875.0 2517.0 2911.0
ship 1865.0 2507.0 1891.0 2517.0
ship 2621.0 2641.0 2660.0 2715.0
ship 2645.0 2651.0 2685.0 2721.0
ship 3029.0 1301.0 3094.0 1351.0
ship 3111.0 1205.0 3187.0 1241.0
ship 2431.0 3805.0 2490.0 3852.0
ship 2435.0 3821.0 2508.0 3882.0
ship 2513.0 3921.0 2570.0 3981.0
ship 2619.0 3604.0 2681.0 3680.0
ship 2740.0 3801.0 2803.0 3855.0
ship 2753.0 3824.0 2805.0 3867.0
ship 2761.0 3833.0 2823.0 3884.0
ship 2794.0 3878.0 2857.0 3931.0
ship 3580.0 1936.0 3592.0 1955.0
ship 2620.0 2725.0 2633.0 2751.0
ship 3104.0 1221.0 3120.0 1240.0
ship 3248.0 3485.0 3259.0 3505.0
ship 2998.0 3544.0 3007.0 3562.0
ship 3146.0 3717.0 3187.0 3737.0
ship 2624.0 3624.0 2639.0 3645.0
ship 2644.0 3658.0 2662.0 3683.0
ship 2753.0 3787.0 2771.0 3810.0
ship 2481.0 3445.0 2517.0 3466.0 difficult
ship 2670.0 3056.0 2690.0 3098.0 difficult
ship 2071.0 2032.0 2087.0 2052.0
