bridge 3615.0 1154.0 3642.0 1177.0
bridge 2566.0 2338.0 2596.0 2404.0
bridge 907.0 3775.0 935.0 3806.0
bridge 933.0 2574.0 971.0 2603.0
bridge 964.0 1830.0 988.0 1863.0
bridge 1405.0 1774.0 1431.0 1809.0
bridge 1085.0 1118.0 1116.0 1139.0
bridge 1192.0 770.0 1250.0 801.0
bridge 1894.0 181.0 1911.0 207.0
bridge 1777.0 270.0 1804.0 285.0
bridge 1869.0 1731.0 1896.0 1760.0
bridge 1657.0 2271.0 1696.0 2307.0
bridge 1821.0 2666.0 1866.0 2753.0
bridge 1923.0 2604.0 1955.0 2622.0
bridge 2040.0 3930.0 2053.0 3953.0
bridge 2269.0 3148.0 2334.0 3167.0
bridge 2490.0 1210.0 2524.0 1261.0
bridge 3832.0 2114.0 3859.0 2128.0
bridge 3367.0 434.0 3397.0 454.0
bridge 3526.0 529.0 3545.0 561.0
bridge 3310.0 691.0 3350.0 712.0
ship 3451.0 2048.0 3493.0 2073.0
ship 3429.0 2073.0 3454.0 2094.0
ship 3465.0 2061.0 3490.0 2078.0
ship 3428.0 2076.0 3462.0 2102.0
ship 3284.0 2172.0 3326.0 2202.0
ship 3537.0 2005.0 3572.0 2025.0
bridge 3313.0 3106.0 3326.0 3138.0
bridge 2883.0 2680.0 2908.0 2694.0
bridge 3262.0 2608.0 3288.0 2622.0
bridge 2781.0 3553.0 2801.0 3566.0
bridge 3726.0 3063.0 3774.0 3077.0
bridge 284.0 1696.0 309.0 1721.0
