bridge 1767.0 1726.0 1890.0 1894.0
bridge 2168.0 2050.0 2242.0 2131.0
ship 2279.0 2198.0 2324.0 2232.0
ship 2235.0 2148.0 2268.0 2195.0
ship 1044.0 1181.0 1084.0 1224.0
ship 962.0 1156.0 1003.0 1209.0
ship 971.0 1151.0 1007.0 1195.0
ship 979.0 1142.0 1016.0 1188.0
ship 987.0 1137.0 1024.0 1182.0
ship 994.0 1130.0 1036.0 1180.0
ship 1002.0 1123.0 1044.0 1171.0
ship 947.0 1128.0 992.0 1169.0
ship 943.0 1121.0 982.0 1158.0
ship 918.0 1041.0 955.0 1079.0
ship 801.0 928.0 817.0 950.0
ship 773.0 922.0 798.0 948.0
ship 767.0 946.0 793.0 974.0
ship 792.0 940.0 829.0 978.0
ship 799.0 949.0 832.0 985.0
ship 2702.0 2475.0 2756.0 2526.0
ship 3070.0 2751.0 3114.0 2785.0
ship 3233.0 2849.0 3288.0 2886.0
ship 3726.0 2871.0 3777.0 2894.0
bridge 2437.0 2190.0 2538.0 2367.0
bridge 1948.0 3794.0 2024.0 3848.0
bridge 2718.0 1440.0 2777.0 1493.0
bridge 3208.0 1395.0 3264.0 1455.0
bridge 3480.0 1660.0 3513.0 1695.0
bridge 3372.0 1818.0 3408.0 1853.0
bridge 3448.0 2374.0 3509.0 2420.0
ship 3731.0 2881.0 3782.0 2906.0
ship 3332.0 2816.0 3361.0 2877.0
ship 3390.0 2726.0 3417.0 2764.0
ship 3386.0 2781.0 3418.0 2822.0
ship 3381.0 2769.0 3413.0 2817.0
ship 3373.0 2766.0 3404.0 2814.0
ship 3353.0 2765.0 3391.0 2816.0
ship 3359.0 2817.0 3384.0 2870.0
ship 3349.0 2814.0 3374.0 2866.0
bridge 378.0 713.0 427.0 834.0
