bridge 3735.0 3266.0 3795.0 3295.0
bridge 2335.0 2195.0 2443.0 2264.0
bridge 636.0 2456.0 731.0 2528.0
bridge 238.0 3052.0 304.0 3135.0
bridge 350.0 3876.0 384.0 3898.0
bridge 1309.0 3815.0 1362.0 3834.0
bridge 1405.0 3471.0 1428.0 3527.0
bridge 1227.0 2336.0 1274.0 2492.0
bridge 1369.0 2074.0 1428.0 2132.0
bridge 1381.0 900.0 1469.0 1005.0
bridge 1180.0 205.0 1200.0 230.0
bridge 1480.0 70.0 1499.0 92.0
bridge 2024.0 1678.0 2146.0 1763.0
bridge 2035.0 2130.0 2064.0 2194.0
bridge 2234.0 3623.0 2287.0 3652.0
bridge 3681.0 2835.0 3725.0 2909.0
bridge 3013.0 44.0 3035.0 90.0
bridge 3326.0 125.0 3361.0 148.0
bridge 3454.0 432.0 3494.0 455.0
bridge 3353.0 999.0 3409.0 1050.0
bridge 3349.0 945.0 3405.0 980.0
bridge 3353.0 1285.0 3396.0 1339.0
bridge 3387.0 1280.0 3429.0 1330.0
bridge 3488.0 1905.0 3555.0 1983.0
bridge 3427.0 1851.0 3458.0 1865.0
bridge 3577.0 1825.0 3616.0 1841.0
bridge 3552.0 2367.0 3624.0 2440.0
bridge 3646.0 2843.0 3693.0 2916.0
bridge 616.0 2.0 687.0 53.0
