ship 3510.0 884.0 3550.0 910.0
ship 1225.0 98.0 1264.0 123.0
ship 1682.0 1468.0 1709.0 1480.0
ship 2055.0 1307.0 2080.0 1323.0
ship 1390.0 1196.0 1418.0 1213.0
ship 1833.0 1126.0 1860.0 1144.0
ship 1908.0 1025.0 1932.0 1042.0
ship 1844.0 807.0 1871.0 824.0
ship 1893.0 846.0 1910.0 890.0
ship 1238.0 879.0 1268.0 898.0
ship 3709.0 1610.0 3733.0 1630.0
bridge 131.0 3935.0 159.0 3970.0
ship 278.0 1103.0 319.0 1117.0
bridge 101.0 613.0 111.0 641.0
ship 221.0 433.0 232.0 472.0
ship 215.0 389.0 253.0 405.0
ship 183.0 187.0 211.0 210.0
ship 192.0 165.0 205.0 193.0
ship 1562.0 1533.0 1586.0 1543.0
ship 1637.0 1672.0 1659.0 1710.0
ship 2035.0 1515.0 2065.0 1525.0
ship 2100.0 1660.0 2145.0 1672.0
ship 3367.0 2726.0 3377.0 2738.0 difficult
ship 2975.0 1890.0 3041.0 1991.0
ship 2997.0 1715.0 3020.0 1732.0
ship 2977.0 1779.0 3022.0 1795.0
bridge 2905.0 479.0 2927.0 510.0
bridge 3202.0 397.0 3238.0 437.0
ship 2707.0 1179.0 2743.0 1190.0
ship 2218.0 1609.0 2249.0 1619.0
ship 2401.0 1639.0 2422.0 1673.0
ship 2855.0 1830.0 2876.0 1857.0
ship 2418.0 2223.0 2438.0 2248.0
ship 2409.0 2186.0 2444.0 2236.0
ship 2664.0 2914.0 2725.0 2942.0
ship 1715.0 1848.0 1751.0 1862.0
ship 2141.0 1451.0 2164.0 1471.0
ship 172.0 8.0 211.0 25.0
