plane 1408.0 3108.0 1496.0 3196.0
basketball-court 1365.0 2165.0 1407.0 2208.0
plane 580.0 3145.0 649.0 3215.0
plane 141.0 3463.0 219.0 3538.0
plane 72.0 3457.0 126.0 3519.0
plane 6.0 3474.0 65.0 3537.0
plane 1965.0 3072.0 2010.0 3118.0
plane 1.0 1250.0 25.0 1284.0
basketball-court 2219.0 1812.0 2250.0 1858.0
plane 1719.0 3787.0 1797.0 3868.0
basketball-court 2245.0 1821.0 2276.0 1862.0
basketball-court 1670.0 2521.0 1709.0 2565.0
basketball-court 1686.0 2507.0 1727.0 2551.0
basketball-court 1703.0 2493.0 1743.0 2539.0
basketball-court 1998.0 2550.0 2041.0 2592.0
basketball-court 2015.0 2534.0 2059.0 2581.0
plane 653.0 2210.0 710.0 2268.0
plane 270.0 2043.0 334.0 2106.0
plane 320.0 2102.0 380.0 2167.0
storage-tank 2992.0 3900.0 3024.0 3936.0
storage-tank 3038.0 3872.0 3078.0 3913.0
storage-tank 2967.0 3857.0 3002.0 3890.0
storage-tank 3024.0 3832.0 3052.0 3865.0
storage-tank 2994.0 3787.0 3031.0 3820.0
storage-tank 2944.0 3810.0 2978.0 3846.0
storage-tank 2734.0 3959.0 2777.0 4002.0
storage-tank 2780.0 3934.0 2821.0 3980.0
storage-tank 2646.0 3916.0 2679.0 3949.0
storage-tank 2682.0 3903.0 2706.0 3935.0
storage-tank 2710.0 3890.0 2739.0 3917.0
storage-tank 2744.0 3874.0 2773.0 3900.0
storage-tank 2728.0 3837.0 2754.0 3869.0
storage-tank 2693.0 3858.0 2721.0 3884.0
basketball-court 2034.0 2522.0 2075.0 2565.0
ground-track-field 2023.0 2554.0 2169.0 2711.0
ground-track-field 2861.0 716.0 3109.0 952.0
plane 581.0 2125.0 664.0 2208.0
plane 1859.0 3660.0 1964.0 3769.0
plane 1412.0 3405.0 1479.0 3470.0
plane 1614.0 3358.0 1699.0 3442.0
plane 1555.0 3280.0 1614.0 3339.0
plane 1237.0 2880.0 1308.0 2952.0
plane 1090.0 2829.0 1158.0 2898.0
plane 1012.0 2676.0 1078.0 2745.0
plane 1054.0 2642.0 1124.0 2712.0
plane 822.0 2414.0 888.0 2482.0
plane 621.0 2473.0 690.0 2542.0
plane 575.0 2416.0 639.0 2480.0
plane 713.0 2283.0 775.0 2346.0
plane 482.0 2303.0 541.0 2360.0
plane 430.0 2241.0 496.0 2307.0
plane 516.0 2045.0 614.0 2143.0
ground-track-field 2883.0 1.0 3011.0 176.0
plane 225.0 1992.0 283.0 2049.0
plane 474.0 1988.0 538.0 2051.0
plane 344.0 1834.0 429.0 1917.0
plane 282.0 1758.0 368.0 1844.0
plane 156.0 1609.0 250.0 1704.0
plane 230.0 1294.0 279.0 1340.0
plane 200.0 1324.0 246.0 1372.0
plane 162.0 1346.0 215.0 1400.0
plane 109.0 1413.0 155.0 1460.0
plane 86.0 1439.0 125.0 1479.0
plane 19.0 1467.0 63.0 1511.0
plane 20.0 1223.0 58.0 1265.0
plane 45.0 1198.0 93.0 1249.0
plane 73.0 1171.0 130.0 1229.0
storage-tank 2659.0 3873.0 2688.0 3900.0
