ship 4184.0 1871.0 4274.0 1960.0 difficult
ship 1765.0 1418.0 1909.0 1500.0
ship 2059.0 1570.0 2145.0 1631.0
ship 2055.0 1535.0 2155.0 1598.0
ship 2068.0 1507.0 2163.0 1562.0
ship 2055.0 1467.0 2166.0 1529.0
ship 2075.0 1429.0 2179.0 1489.0
ship 2067.0 1364.0 2198.0 1445.0
harbor 1572.0 1271.0 1946.0 1704.0
ship 1727.0 1589.0 1835.0 1648.0
ship 1740.0 1549.0 1854.0 1613.0
ship 1748.0 1509.0 1864.0 1575.0
ship 1752.0 1464.0 1900.0 1538.0
ship 1770.0 1387.0 1906.0 1454.0
ship 1341.0 1483.0 1475.0 1554.0
ship 1785.0 1348.0 1912.0 1416.0
ship 1789.0 1297.0 1938.0 1365.0
ship 1647.0 1604.0 1715.0 1650.0
ship 1593.0 1542.0 1727.0 1618.0
ship 1611.0 1507.0 1734.0 1576.0
ship 1611.0 1467.0 1746.0 1535.0
ship 1648.0 1393.0 1764.0 1451.0
ship 1677.0 1367.0 1769.0 1415.0
ship 1681.0 1316.0 1784.0 1378.0
ship 1693.0 1281.0 1795.0 1340.0
harbor 1228.0 1199.0 1544.0 1596.0
ship 2045.0 1598.0 2136.0 1652.0
ship 2030.0 1628.0 2126.0 1679.0
ship 2027.0 1690.0 2114.0 1742.0
ship 2046.0 1722.0 2113.0 1760.0
ship 2579.0 1534.0 2687.0 1597.0
ship 2403.0 1791.0 2496.0 1843.0
ship 2419.0 1768.0 2500.0 1814.0
ship 2420.0 1740.0 2508.0 1789.0
ship 2418.0 1702.0 2519.0 1762.0
ship 2436.0 1639.0 2536.0 1693.0
ship 2440.0 1598.0 2544.0 1663.0
ship 2466.0 1578.0 2555.0 1624.0
ship 2461.0 1535.0 2563.0 1594.0
ship 2474.0 1507.0 2575.0 1571.0
ship 2431.0 1455.0 2603.0 1533.0
harbor 1982.0 1346.0 2350.0 1806.0
ship 2114.0 1717.0 2190.0 1770.0
ship 2126.0 1688.0 2202.0 1741.0
ship 2133.0 1658.0 2208.0 1705.0
ship 2141.0 1621.0 2208.0 1669.0
ship 2150.0 1592.0 2219.0 1638.0
ship 2158.0 1568.0 2240.0 1613.0
ship 2163.0 1534.0 2228.0 1578.0
ship 2168.0 1512.0 2262.0 1570.0
ship 2176.0 1486.0 2260.0 1538.0
ship 2181.0 1457.0 2263.0 1506.0
ship 2185.0 1402.0 2322.0 1492.0
ship 1335.0 1519.0 1412.0 1565.0
ship 1356.0 1447.0 1460.0 1504.0
small-vehicle 2390.0 1957.0 2421.0 1997.0 difficult
ship 635.0 1185.0 715.0 1239.0
ship 924.0 1183.0 1008.0 1236.0
ship 922.0 1146.0 1020.0 1207.0
ship 695.0 1329.0 761.0 1383.0
ship 708.0 1277.0 770.0 1319.0
ship 714.0 1250.0 798.0 1301.0
ship 721.0 1219.0 801.0 1266.0
ship 730.0 1188.0 811.0 1237.0
ship 738.0 1159.0 816.0 1202.0
ship 745.0 1129.0 828.0 1173.0
ship 616.0 1282.0 691.0 1330.0
ship 628.0 1252.0 700.0 1301.0
ship 636.0 1118.0 732.0 1171.0
ship 1365.0 1408.0 1486.0 1468.0
ship 671.0 1096.0 738.0 1138.0
ship 670.0 1055.0 818.0 1134.0
ship 425.0 1249.0 484.0 1284.0
ship 434.0 1227.0 492.0 1261.0
ship 438.0 1201.0 496.0 1237.0
ship 445.0 1182.0 502.0 1217.0
ship 447.0 1153.0 510.0 1197.0
ship 468.0 1084.0 532.0 1120.0
ship 474.0 1061.0 543.0 1097.0
ship 477.0 1034.0 540.0 1067.0
ship 487.0 1004.0 556.0 1046.0
ship 925.0 1220.0 1000.0 1257.0
ship 888.0 1232.0 996.0 1300.0
harbor 595.0 1047.0 853.0 1400.0
ship 910.0 1280.0 984.0 1326.0
ship 1372.0 1368.0 1470.0 1425.0
ship 1386.0 1339.0 1490.0 1385.0
ship 1396.0 1249.0 1523.0 1322.0
ship 1253.0 1502.0 1334.0 1547.0
ship 1245.0 1463.0 1342.0 1515.0
ship 1257.0 1434.0 1352.0 1479.0
ship 1264.0 1363.0 1369.0 1414.0
ship 1292.0 1330.0 1374.0 1372.0
ship 1274.0 1289.0 1383.0 1349.0
ship 1302.0 1261.0 1394.0 1316.0
ship 1319.0 1240.0 1397.0 1291.0
ship 1320.0 1211.0 1407.0 1265.0
harbor 850.0 1094.0 1176.0 1489.0
ship 913.0 1101.0 1029.0 1180.0
ship 978.0 1345.0 1052.0 1391.0
ship 985.0 1302.0 1090.0 1366.0
ship 998.0 1261.0 1102.0 1327.0
ship 1007.0 1222.0 1144.0 1300.0
ship 1022.0 1180.0 1154.0 1255.0
ship 1029.0 1133.0 1167.0 1219.0
ship 871.0 1370.0 956.0 1406.0
ship 886.0 1338.0 963.0 1381.0
ship 888.0 1298.0 976.0 1359.0
ship 2565.0 1568.0 2672.0 1638.0
ship 2552.0 1611.0 2652.0 1673.0
ship 2548.0 1655.0 2653.0 1720.0
harbor 3116.0 1530.0 3472.0 2081.0
ship 3885.0 2042.0 3971.0 2089.0
ship 3884.0 2000.0 3979.0 2064.0
ship 3890.0 1975.0 3983.0 2020.0
ship 3913.0 1946.0 3986.0 1988.0
ship 3908.0 1906.0 3994.0 1957.0
ship 3931.0 1882.0 3999.0 1924.0
ship 3920.0 1834.0 4012.0 1892.0
ship 3936.0 1794.0 4014.0 1848.0
ship 3946.0 1767.0 4026.0 1828.0
ship 3953.0 1722.0 4106.0 1805.0
harbor 3475.0 1618.0 3849.0 2184.0
harbor 2733.0 1469.0 3105.0 1986.0
ship 2538.0 1685.0 2644.0 1748.0
harbor 2347.0 1444.0 2710.0 1910.0
ship 3630.0 2107.0 3705.0 2152.0
ship 3649.0 2046.0 3738.0 2094.0
ship 3651.0 2014.0 3724.0 2057.0
ship 3668.0 1947.0 3758.0 2003.0
ship 3677.0 1920.0 3748.0 1966.0
ship 3680.0 1885.0 3758.0 1937.0
ship 3691.0 1854.0 3786.0 1908.0
ship 3697.0 1815.0 3788.0 1867.0
ship 3698.0 1772.0 3808.0 1839.0
ship 3709.0 1741.0 3804.0 1799.0
ship 3865.0 2064.0 3961.0 2110.0
ship 3865.0 2098.0 3952.0 2144.0
ship 3868.0 2134.0 3944.0 2171.0
ship 3857.0 2156.0 3941.0 2206.0
small-vehicle 2350.0 1951.0 2400.0 1999.0 difficult
ship 4206.0 1731.0 4258.0 1798.0
ship 4205.0 1772.0 4259.0 1862.0
ship 4154.0 2042.0 4226.0 2146.0
harbor 3819.0 1718.0 4140.0 2271.0
ship 3934.0 2205.0 4004.0 2247.0
ship 3947.0 2184.0 4008.0 2224.0
ship 3953.0 2162.0 4028.0 2208.0
ship 3963.0 2135.0 4026.0 2184.0
ship 3964.0 2111.0 4035.0 2155.0
ship 3970.0 2090.0 4039.0 2135.0
ship 3974.0 2064.0 4041.0 2111.0
ship 3983.0 2038.0 4057.0 2085.0
ship 3990.0 2012.0 4074.0 2062.0
ship 3996.0 1991.0 4064.0 2032.0
ship 4001.0 1962.0 4080.0 2009.0
ship 4008.0 1927.0 4080.0 1976.0
ship 4014.0 1904.0 4089.0 1949.0
ship 4018.0 1876.0 4095.0 1925.0
ship 4023.0 1847.0 4102.0 1896.0
ship 4030.0 1818.0 4110.0 1867.0
ship 4039.0 1795.0 4118.0 1835.0
ship 3872.0 2192.0 3932.0 2231.0
ship 3720.0 1709.0 3831.0 1766.0
ship 3508.0 2063.0 3628.0 2127.0
ship 3544.0 2001.0 3641.0 2054.0
ship 3256.0 1543.0 3396.0 1615.0
ship 2891.0 1853.0 2993.0 1916.0
ship 2900.0 1821.0 3005.0 1881.0
ship 2909.0 1786.0 3006.0 1843.0
ship 2913.0 1752.0 3020.0 1814.0
ship 2920.0 1713.0 3042.0 1781.0
ship 2930.0 1681.0 3041.0 1732.0
ship 2937.0 1619.0 3056.0 1697.0
ship 2944.0 1581.0 3058.0 1651.0
ship 2960.0 1552.0 3082.0 1620.0
ship 2752.0 1886.0 2828.0 1936.0
ship 2752.0 1845.0 2879.0 1917.0
ship 2786.0 1824.0 2890.0 1884.0
ship 2810.0 1802.0 2896.0 1849.0
ship 2765.0 1756.0 2900.0 1815.0
ship 2795.0 1728.0 2905.0 1784.0
ship 2804.0 1695.0 2915.0 1756.0
ship 2833.0 1665.0 2922.0 1717.0
ship 2799.0 1610.0 2933.0 1685.0
ship 2816.0 1570.0 2940.0 1639.0
ship 2825.0 1519.0 2951.0 1599.0
ship 2909.0 1490.0 3037.0 1563.0
ship 2494.0 1817.0 2585.0 1869.0
ship 2521.0 1748.0 2614.0 1804.0
ship 2878.0 1888.0 2993.0 1962.0
ship 3213.0 1570.0 3324.0 1645.0
ship 3518.0 1951.0 3653.0 2021.0
ship 3202.0 1616.0 3311.0 1673.0
ship 3576.0 1944.0 3656.0 1985.0
ship 3542.0 1889.0 3665.0 1963.0
ship 3542.0 1848.0 3673.0 1924.0
ship 3555.0 1816.0 3679.0 1871.0
ship 3583.0 1719.0 3701.0 1803.0
ship 3654.0 1641.0 3806.0 1719.0
ship 3246.0 1986.0 3348.0 2054.0
ship 3258.0 1951.0 3352.0 2007.0
ship 3263.0 1912.0 3375.0 1979.0
ship 3270.0 1885.0 3364.0 1932.0
ship 3275.0 1845.0 3396.0 1911.0
ship 3283.0 1802.0 3396.0 1863.0
ship 3299.0 1707.0 3414.0 1772.0
ship 3310.0 1664.0 3436.0 1730.0
ship 3326.0 1612.0 3456.0 1684.0
ship 3144.0 1935.0 3252.0 1991.0
ship 3178.0 1884.0 3256.0 1918.0
ship 3183.0 1846.0 3267.0 1889.0
ship 3173.0 1804.0 3278.0 1859.0
ship 3190.0 1765.0 3280.0 1826.0
ship 3201.0 1730.0 3293.0 1790.0
ship 3198.0 1695.0 3300.0 1757.0
ship 3200.0 1651.0 3304.0 1718.0
ship 493.0 970.0 584.0 1022.0
