small-vehicle 1445.0 2706.0 1469.0 2719.0
plane 1958.0 1758.0 2093.0 1903.0
plane 2149.0 2064.0 2278.0 2213.0
plane 2283.0 2067.0 2408.0 2215.0
plane 2414.0 2080.0 2536.0 2216.0
plane 2539.0 2073.0 2678.0 2227.0
plane 2677.0 2081.0 2805.0 2226.0
plane 2805.0 2087.0 2930.0 2228.0
plane 2932.0 2090.0 3062.0 2235.0
plane 3071.0 2095.0 3197.0 2236.0
plane 3202.0 2097.0 3329.0 2240.0
plane 3131.0 2196.0 3256.0 2342.0
plane 3000.0 2193.0 3124.0 2339.0
plane 2870.0 2188.0 2995.0 2335.0
plane 2737.0 2187.0 2860.0 2330.0
plane 2608.0 2181.0 2735.0 2328.0
plane 2471.0 2174.0 2603.0 2324.0
plane 2019.0 2060.0 2150.0 2211.0
plane 2088.0 1763.0 2215.0 1907.0
plane 2209.0 2188.0 2335.0 2314.0
plane 2221.0 1766.0 2348.0 1908.0
plane 2290.0 1663.0 2419.0 1811.0
plane 2421.0 1668.0 2547.0 1814.0
plane 2552.0 1668.0 2677.0 1818.0
plane 2683.0 1670.0 2809.0 1822.0
plane 2811.0 1679.0 2943.0 1823.0
plane 2948.0 1682.0 3079.0 1828.0
plane 3079.0 1687.0 3205.0 1831.0
plane 3214.0 1691.0 3336.0 1832.0
plane 3145.0 1793.0 3272.0 1932.0
plane 3011.0 1787.0 3139.0 1930.0
plane 2882.0 1786.0 3004.0 1925.0
plane 2747.0 1783.0 2872.0 1922.0
plane 2616.0 1775.0 2742.0 1920.0
plane 2483.0 1769.0 2611.0 1915.0
plane 2355.0 1771.0 2481.0 1912.0
plane 2342.0 2173.0 2473.0 2320.0
plane 2078.0 2162.0 2203.0 2312.0
small-vehicle 1194.0 2698.0 1218.0 2712.0
plane 2922.0 2832.0 2996.0 2901.0
plane 3078.0 2844.0 3136.0 2932.0
plane 3141.0 2837.0 3200.0 2915.0
plane 3197.0 2843.0 3257.0 2926.0
plane 3265.0 2847.0 3321.0 2930.0
plane 249.0 2427.0 487.0 2634.0
plane 492.0 2447.0 682.0 2637.0
plane 669.0 2338.0 962.0 2644.0
plane 954.0 2457.0 1132.0 2644.0
plane 1135.0 2495.0 1255.0 2644.0
plane 3659.0 2852.0 3761.0 2950.0
plane 3764.0 2856.0 3838.0 2932.0
plane 3856.0 2865.0 3913.0 2919.0
plane 3918.0 2864.0 3966.0 2907.0
plane 3977.0 2860.0 4014.0 2919.0
plane 4016.0 2862.0 4103.0 2929.0
plane 2997.0 2848.0 3051.0 2919.0
plane 2867.0 2857.0 2918.0 2925.0
plane 1946.0 2162.0 2079.0 2312.0
plane 2811.0 2841.0 2858.0 2904.0
plane 2077.0 2468.0 2192.0 2594.0
plane 2202.0 2445.0 2319.0 2593.0
plane 2328.0 2409.0 2513.0 2600.0
plane 2686.0 2503.0 2857.0 2632.0
plane 2856.0 2500.0 3022.0 2635.0
plane 3035.0 2506.0 3201.0 2636.0
plane 2064.0 2806.0 2120.0 2885.0
plane 2124.0 2814.0 2178.0 2875.0
plane 2223.0 2807.0 2317.0 2904.0
plane 2328.0 2827.0 2398.0 2902.0
plane 2407.0 2813.0 2472.0 2902.0
plane 2480.0 2829.0 2527.0 2890.0
plane 2527.0 2822.0 2607.0 2902.0
plane 2615.0 2825.0 2697.0 2906.0
plane 2717.0 2843.0 2799.0 2925.0
plane 2159.0 1657.0 2290.0 1808.0
plane 2027.0 1651.0 2154.0 1802.0
plane 1975.0 1343.0 2104.0 1490.0
plane 2910.0 860.0 3033.0 1007.0
plane 3169.0 868.0 3296.0 1011.0
plane 3236.0 984.0 3362.0 1128.0
plane 3103.0 982.0 3229.0 1125.0
plane 2971.0 984.0 3096.0 1123.0
plane 2842.0 971.0 2963.0 1114.0
plane 2709.0 976.0 2838.0 1114.0
plane 2573.0 960.0 2698.0 1108.0
plane 2446.0 959.0 2569.0 1106.0
plane 2313.0 952.0 2447.0 1104.0
plane 2180.0 947.0 2311.0 1097.0
plane 2050.0 946.0 2182.0 1098.0
plane 1916.0 943.0 2043.0 1093.0
plane 1995.0 444.0 2122.0 581.0
plane 2129.0 442.0 2257.0 587.0
plane 2262.0 443.0 2389.0 587.0
plane 3038.0 864.0 3170.0 1012.0
plane 2777.0 868.0 2905.0 1005.0
plane 2108.0 1345.0 2234.0 1491.0
plane 2642.0 852.0 2775.0 1001.0
plane 766.0 511.0 992.0 706.0
plane 651.0 677.0 880.0 867.0
plane 888.0 674.0 1113.0 868.0
plane 997.0 515.0 1234.0 714.0
plane 1120.0 674.0 1351.0 876.0
plane 1234.0 512.0 1460.0 716.0
plane 512.0 1092.0 747.0 1301.0
plane 762.0 1092.0 986.0 1299.0
plane 992.0 1101.0 1217.0 1304.0
plane 1226.0 1106.0 1455.0 1303.0
plane 1985.0 832.0 2110.0 978.0
plane 2117.0 831.0 2249.0 985.0
plane 2252.0 843.0 2375.0 989.0
plane 2382.0 847.0 2503.0 992.0
plane 2513.0 849.0 2636.0 996.0
plane 2394.0 445.0 2521.0 590.0
plane 2527.0 452.0 2650.0 598.0
plane 2656.0 457.0 2782.0 601.0
plane 2788.0 459.0 2915.0 607.0
plane 2436.0 1251.0 2570.0 1400.0
plane 2561.0 1258.0 2691.0 1403.0
plane 2694.0 1263.0 2824.0 1405.0
plane 2829.0 1266.0 2954.0 1408.0
plane 2962.0 1264.0 3092.0 1414.0
plane 3095.0 1272.0 3221.0 1418.0
plane 3224.0 1276.0 3356.0 1422.0
plane 3159.0 1374.0 3279.0 1519.0
plane 3026.0 1370.0 3150.0 1518.0
plane 2893.0 1367.0 3018.0 1512.0
plane 2764.0 1364.0 2889.0 1507.0
plane 2633.0 1360.0 2758.0 1506.0
plane 2499.0 1366.0 2626.0 1506.0
plane 2369.0 1350.0 2496.0 1496.0
plane 2239.0 1347.0 2362.0 1492.0
plane 2303.0 1245.0 2427.0 1392.0
plane 2170.0 1245.0 2298.0 1392.0
plane 2039.0 1259.0 2174.0 1391.0
plane 2851.0 565.0 2974.0 708.0
plane 2920.0 462.0 3041.0 606.0
plane 3051.0 466.0 3174.0 613.0
plane 3184.0 468.0 3306.0 617.0
plane 3244.0 575.0 3366.0 720.0
plane 3114.0 573.0 3236.0 715.0
plane 2981.0 569.0 3104.0 713.0
plane 2718.0 561.0 2842.0 705.0
plane 1911.0 1239.0 2038.0 1385.0
plane 2587.0 557.0 2714.0 702.0
plane 2456.0 552.0 2586.0 701.0
plane 2323.0 545.0 2451.0 693.0
plane 2194.0 566.0 2322.0 695.0
plane 2058.0 540.0 2187.0 688.0
plane 1927.0 541.0 2056.0 687.0
helicopter 4091.0 2864.0 4114.0 2919.0
helicopter 4114.0 2866.0 4141.0 2920.0
helicopter 4136.0 2876.0 4162.0 2926.0
plane 5411.0 1682.0 5580.0 1800.0
plane 5757.0 1678.0 5930.0 1817.0
plane 5663.0 1992.0 5830.0 2121.0
plane 5499.0 1985.0 5666.0 2119.0
plane 5331.0 1980.0 5499.0 2114.0
plane 5151.0 1968.0 5329.0 2106.0
plane 4976.0 1964.0 5153.0 2104.0
plane 4888.0 2058.0 5066.0 2185.0
plane 5066.0 2066.0 5241.0 2195.0
plane 5236.0 2070.0 5402.0 2205.0
plane 5405.0 2081.0 5573.0 2205.0
plane 5571.0 2081.0 5745.0 2215.0
plane 5749.0 2090.0 5920.0 2222.0
plane 5656.0 2402.0 5814.0 2529.0
plane 5480.0 2392.0 5645.0 2525.0
plane 5310.0 2388.0 5475.0 2519.0
plane 5582.0 1677.0 5757.0 1809.0
plane 5243.0 1668.0 5408.0 1794.0
plane 5677.0 1177.0 5855.0 1311.0
plane 5073.0 1659.0 5235.0 1784.0
plane 5333.0 1165.0 5501.0 1297.0
plane 5166.0 1157.0 5326.0 1289.0
plane 4990.0 1152.0 5154.0 1281.0
plane 4904.0 1244.0 5078.0 1377.0
plane 5078.0 1256.0 5243.0 1379.0
plane 5251.0 1263.0 5412.0 1393.0
plane 5419.0 1271.0 5583.0 1396.0
plane 5594.0 1278.0 5755.0 1398.0
plane 5758.0 1269.0 5936.0 1416.0
plane 5675.0 1580.0 5844.0 1716.0
plane 5498.0 1574.0 5680.0 1714.0
plane 5330.0 1566.0 5502.0 1698.0
plane 5157.0 1561.0 5325.0 1700.0
plane 4986.0 1556.0 5155.0 1691.0
plane 4906.0 1653.0 5067.0 1776.0
plane 5138.0 2380.0 5309.0 2514.0
plane 4966.0 2375.0 5132.0 2503.0
plane 4884.0 2464.0 5055.0 2603.0
plane 5056.0 2476.0 5224.0 2605.0
plane 1457.0 2804.0 1582.0 2951.0
plane 1584.0 2807.0 1647.0 2888.0
small-vehicle 4768.0 156.0 4799.0 169.0
small-vehicle 4893.0 137.0 4925.0 152.0
small-vehicle 4388.0 127.0 4420.0 137.0
small-vehicle 4123.0 117.0 4154.0 132.0
small-vehicle 6132.0 254.0 6161.0 268.0
small-vehicle 6236.0 265.0 6266.0 276.0
small-vehicle 74.0 2577.0 88.0 2605.0
small-vehicle 134.0 694.0 145.0 720.0
small-vehicle 136.0 631.0 149.0 655.0
small-vehicle 1740.0 142.0 1767.0 156.0
small-vehicle 1892.0 54.0 1920.0 69.0
small-vehicle 1994.0 58.0 2016.0 75.0
small-vehicle 110.0 1906.0 122.0 1931.0
plane 1321.0 2798.0 1452.0 2937.0
plane 1191.0 2797.0 1318.0 2915.0
plane 1086.0 2788.0 1177.0 2897.0
plane 5390.0 2931.0 5559.0 3067.0
plane 5223.0 2475.0 5398.0 2617.0
plane 5398.0 2486.0 5564.0 2618.0
plane 5568.0 2497.0 5739.0 2627.0
plane 5738.0 2497.0 5907.0 2637.0
plane 5733.0 2943.0 5901.0 3078.0
plane 5560.0 2938.0 5720.0 3067.0
plane 5213.0 2924.0 5390.0 3059.0
plane 994.0 2788.0 1090.0 2846.0
plane 5046.0 2916.0 5221.0 3055.0
plane 4871.0 2910.0 5044.0 3052.0
plane 756.0 2799.0 815.0 2855.0
plane 844.0 2798.0 897.0 2839.0
plane 904.0 2789.0 939.0 2848.0
plane 947.0 2794.0 991.0 2834.0
plane 5507.0 1166.0 5678.0 1301.0
plane 5765.0 874.0 5932.0 1003.0
helicopter 4166.0 2866.0 4197.0 2932.0
plane 4280.0 2148.0 4448.0 2271.0
plane 3950.0 1798.0 4119.0 1965.0
plane 3619.0 1790.0 3784.0 1951.0
plane 3710.0 1658.0 3870.0 1821.0
plane 3869.0 1664.0 4039.0 1838.0
plane 4041.0 1669.0 4210.0 1839.0
plane 4216.0 1675.0 4373.0 1847.0
plane 4385.0 1682.0 4544.0 1851.0
plane 4500.0 1346.0 4619.0 1497.0
plane 4367.0 1340.0 4491.0 1490.0
plane 4226.0 1332.0 4363.0 1491.0
plane 4100.0 1331.0 4224.0 1481.0
plane 3982.0 1323.0 4094.0 1475.0
plane 3854.0 1319.0 3978.0 1468.0
plane 3736.0 1318.0 3850.0 1466.0
plane 3662.0 1214.0 3788.0 1367.0
plane 4123.0 1805.0 4292.0 1970.0
plane 4109.0 2137.0 4282.0 2273.0
plane 5595.0 865.0 5765.0 997.0
plane 3938.0 2135.0 4101.0 2263.0
helicopter 4196.0 2873.0 4230.0 2957.0
helicopter 4230.0 2868.0 4255.0 2930.0
helicopter 4262.0 2871.0 4297.0 2946.0
helicopter 4297.0 2874.0 4316.0 2917.0
helicopter 4384.0 2870.0 4413.0 2939.0
plane 4418.0 2882.0 4510.0 2934.0
plane 4520.0 2880.0 4591.0 2935.0
plane 4444.0 2559.0 4531.0 2628.0
plane 4342.0 2570.0 4435.0 2625.0
plane 4222.0 2562.0 4297.0 2619.0
plane 4146.0 2544.0 4210.0 2605.0
plane 4049.0 2519.0 4159.0 2602.0
plane 3848.0 2447.0 4011.0 2612.0
plane 3744.0 2532.0 3848.0 2612.0
plane 3768.0 2136.0 3927.0 2260.0
plane 3800.0 1216.0 3922.0 1376.0
plane 3918.0 1225.0 4044.0 1380.0
plane 4042.0 1231.0 4170.0 1384.0
plane 4170.0 1236.0 4296.0 1389.0
plane 3739.0 443.0 3908.0 580.0
plane 4910.0 430.0 5082.0 561.0
plane 5083.0 437.0 5250.0 567.0
plane 5252.0 443.0 5423.0 576.0
plane 5428.0 448.0 5593.0 579.0
plane 5600.0 450.0 5762.0 588.0
plane 5769.0 462.0 5939.0 596.0
plane 5684.0 768.0 5854.0 904.0
plane 5338.0 754.0 5509.0 888.0
plane 5161.0 737.0 5333.0 883.0
plane 4992.0 737.0 5157.0 873.0
plane 4905.0 836.0 5070.0 965.0
plane 5079.0 847.0 5246.0 978.0
plane 5252.0 850.0 5411.0 978.0
plane 5420.0 850.0 5589.0 989.0
plane 3907.0 451.0 4082.0 582.0
plane 4083.0 456.0 4253.0 589.0
plane 4252.0 462.0 4426.0 595.0
plane 3800.0 854.0 3965.0 983.0
plane 4304.0 1240.0 4425.0 1393.0
plane 4436.0 1247.0 4557.0 1400.0
plane 4485.0 872.0 4658.0 1008.0
plane 4314.0 867.0 4484.0 1002.0
plane 4136.0 864.0 4311.0 996.0
plane 3972.0 861.0 4132.0 988.0
plane 3628.0 846.0 3793.0 977.0
plane 4425.0 466.0 4594.0 598.0
plane 3647.0 530.0 3824.0 669.0
plane 3812.0 541.0 3988.0 665.0
plane 3988.0 540.0 4168.0 680.0
plane 4163.0 552.0 4332.0 681.0
plane 4341.0 558.0 4504.0 689.0
plane 4506.0 559.0 4682.0 700.0
plane 536.0 506.0 766.0 704.0
