plane 556.0 4700.0 780.0 4826.0
plane 992.0 1437.0 1215.0 1736.0
plane 822.0 2860.0 1041.0 3156.0
plane 820.0 2540.0 1046.0 2838.0
plane 816.0 2227.0 1040.0 2529.0
plane 817.0 1916.0 1048.0 2211.0
plane 819.0 1596.0 1045.0 1896.0
plane 818.0 1283.0 1042.0 1588.0
plane 818.0 969.0 1042.0 1271.0
plane 818.0 659.0 1038.0 954.0
plane 992.0 500.0 1214.0 795.0
plane 991.0 810.0 1214.0 1110.0
plane 992.0 1757.0 1214.0 2057.0
plane 1567.0 2014.0 1710.0 2118.0
plane 995.0 2070.0 1210.0 2367.0
plane 993.0 2384.0 1209.0 2679.0
plane 996.0 2700.0 1217.0 2995.0
plane 996.0 3012.0 1217.0 3309.0
plane 1007.0 3740.0 1232.0 4040.0
plane 986.0 4055.0 1243.0 4378.0
plane 1172.0 4234.0 1404.0 4542.0
plane 1385.0 4058.0 1610.0 4354.0
plane 1254.0 3648.0 1481.0 3938.0
plane 1256.0 3332.0 1486.0 3632.0
plane 818.0 3172.0 1046.0 3461.0
plane 832.0 3581.0 1048.0 3874.0
plane 811.0 3894.0 1062.0 4203.0
plane 818.0 4522.0 1046.0 4816.0
plane 254.0 970.0 487.0 1265.0
plane 248.0 1275.0 484.0 1578.0
plane 249.0 1591.0 474.0 1894.0
plane 351.0 2070.0 499.0 2175.0
plane 346.0 2312.0 493.0 2407.0
plane 342.0 2428.0 491.0 2534.0
plane 344.0 2545.0 486.0 2648.0
plane 248.0 2849.0 467.0 3148.0
plane 248.0 3163.0 468.0 3466.0
plane 242.0 3476.0 471.0 3776.0
plane 246.0 3790.0 469.0 4090.0
plane 245.0 4109.0 465.0 4403.0
plane 244.0 4424.0 463.0 4722.0
plane 178.0 4797.0 325.0 4889.0
plane 178.0 4899.0 322.0 4985.0
plane 174.0 5010.0 321.0 5103.0
plane 170.0 5114.0 316.0 5215.0
plane 168.0 5240.0 311.0 5338.0
plane 168.0 5345.0 312.0 5438.0
plane 166.0 5459.0 308.0 5554.0
plane 166.0 5565.0 309.0 5656.0
plane 1538.0 1116.0 1724.0 1277.0
plane 1694.0 2064.0 1840.0 2164.0
plane 560.0 4856.0 741.0 4945.0
plane 3295.0 2890.0 3863.0 3434.0
plane 2722.0 433.0 3341.0 982.0
plane 2718.0 971.0 3306.0 1500.0
plane 2726.0 1495.0 3293.0 1987.0
plane 2715.0 1997.0 3284.0 2497.0
plane 2705.0 2492.0 3269.0 3004.0
plane 2691.0 3013.0 3269.0 3539.0
plane 2667.0 3526.0 3252.0 4056.0
plane 2642.0 4031.0 3246.0 4564.0
plane 3166.0 4313.0 3917.0 5023.0
plane 3279.0 3423.0 3844.0 3935.0
plane 3304.0 2388.0 3879.0 2916.0
plane 1567.0 2135.0 1716.0 2232.0
plane 3317.0 1878.0 3884.0 2412.0
plane 3328.0 1368.0 3900.0 1894.0
plane 3340.0 881.0 3899.0 1382.0
plane 3354.0 360.0 3936.0 869.0
plane 1564.0 1919.0 1700.0 1991.0
plane 1558.0 1806.0 1697.0 1882.0
plane 1567.0 1707.0 1703.0 1780.0
plane 1711.0 1867.0 1847.0 1939.0
plane 1715.0 1760.0 1848.0 1833.0
plane 560.0 4996.0 787.0 5113.0
plane 2093.0 773.0 2699.0 1344.0
plane 2106.0 1323.0 2676.0 1812.0
plane 2100.0 1828.0 2667.0 2345.0
plane 2056.0 2317.0 2668.0 2855.0
plane 1716.0 2190.0 1857.0 2292.0
plane 1578.0 2252.0 1721.0 2358.0
plane 1713.0 2311.0 1859.0 2415.0
plane 1581.0 2370.0 1725.0 2475.0
plane 1718.0 2431.0 1858.0 2524.0
plane 1588.0 2484.0 1729.0 2589.0
plane 1720.0 2545.0 1865.0 2647.0
plane 1588.0 2602.0 1736.0 2708.0
plane 1722.0 2658.0 1866.0 2768.0
plane 1596.0 2727.0 1733.0 2827.0
plane 1730.0 2778.0 1872.0 2876.0
plane 1585.0 2844.0 1735.0 2933.0
plane 1734.0 2908.0 1873.0 2997.0
plane 1592.0 2967.0 1740.0 3054.0
plane 1739.0 3016.0 1877.0 3113.0
plane 1592.0 3083.0 1743.0 3182.0
plane 1727.0 3136.0 1879.0 3230.0
plane 1605.0 3203.0 1750.0 3304.0
plane 2031.0 3877.0 2631.0 4404.0
plane 2034.0 3363.0 2643.0 3896.0
plane 2040.0 2827.0 2652.0 3377.0
plane 256.0 652.0 487.0 955.0
