plane 3655.0 3303.0 3735.0 3381.0
storage-tank 1911.0 2158.0 1929.0 2176.0
plane 1900.0 1105.0 1941.0 1140.0
plane 1865.0 1460.0 1907.0 1509.0
plane 3490.0 2599.0 3563.0 2683.0
plane 3602.0 2569.0 3677.0 2654.0
storage-tank 1894.0 2190.0 1910.0 2209.0
storage-tank 1918.0 2184.0 1936.0 2204.0
storage-tank 3786.0 2711.0 3803.0 2726.0
plane 3632.0 3201.0 3708.0 3274.0
storage-tank 3816.0 2701.0 3832.0 2717.0
plane 2096.0 1620.0 2128.0 1666.0
plane 1934.0 1252.0 1965.0 1282.0
plane 2785.0 6.0 2862.0 92.0
plane 2520.0 3284.0 2561.0 3339.0
plane 3603.0 3102.0 3683.0 3176.0
ground-track-field 0.0 2355.0 136.0 2595.0
