plane 2913.0 3239.0 2936.0 3266.0
plane 2305.0 2998.0 2332.0 3027.0
plane 1593.0 3619.0 1659.0 3679.0
plane 1574.0 3721.0 1609.0 3757.0
plane 1749.0 3760.0 1783.0 3792.0
plane 1524.0 3692.0 1552.0 3719.0
plane 1776.0 3719.0 1796.0 3744.0
plane 1946.0 2363.0 1977.0 2397.0
baseball-diamond 2737.0 1849.0 2820.0 1932.0
baseball-diamond 2662.0 1876.0 2740.0 1955.0
baseball-diamond 2774.0 2016.0 2853.0 2098.0
baseball-diamond 2699.0 2036.0 2779.0 2117.0
plane 1882.0 2370.0 1909.0 2399.0
plane 1862.0 2348.0 1888.0 2375.0
baseball-diamond 3271.0 2459.0 3360.0 2543.0
baseball-diamond 3277.0 2623.0 3369.0 2714.0
plane 3022.0 3031.0 3063.0 3072.0
plane 3041.0 3001.0 3078.0 3038.0
baseball-diamond 3889.0 470.0 3985.0 561.0
plane 1834.0 2345.0 1861.0 2373.0
plane 1844.0 2332.0 1867.0 2356.0
plane 1853.0 2316.0 1876.0 2340.0
plane 1916.0 2383.0 1940.0 2407.0
plane 1927.0 2371.0 1947.0 2392.0
plane 1956.0 2233.0 1974.0 2251.0
plane 1965.0 2258.0 1986.0 2278.0
plane 1955.0 2264.0 1970.0 2280.0 difficult
plane 1778.0 3724.0 1848.0 3789.0
