roundabout 3035.0 2288.0 3056.0 2312.0
soccer-ball-field 2126.0 2423.0 2229.0 2574.0 difficult
roundabout 2867.0 89.0 2910.0 136.0
plane 1504.0 12.0 1530.0 41.0
plane 1500.0 62.0 1563.0 124.0
plane 1468.0 924.0 1538.0 1002.0
roundabout 2183.0 3304.0 2239.0 3382.0
roundabout 1658.0 4310.0 1704.0 4350.0
roundabout 961.0 2949.0 997.0 2987.0
roundabout 1025.0 2503.0 1055.0 2536.0
plane 712.0 863.0 766.0 926.0
plane 1138.0 406.0 1240.0 506.0
plane 710.0 809.0 819.0 904.0
plane 774.0 786.0 832.0 845.0
plane 872.0 723.0 918.0 771.0
plane 1050.0 569.0 1090.0 615.0
plane 1011.0 569.0 1048.0 614.0
roundabout 3112.0 39.0 3181.0 110.0
plane 2486.0 158.0 2551.0 235.0
plane 2654.0 290.0 2687.0 326.0
roundabout 3757.0 347.0 3838.0 428.0
plane 3966.0 2188.0 4000.0 2227.0
plane 3960.0 2078.0 3980.0 2099.0
plane 3929.0 2064.0 3950.0 2088.0
plane 3931.0 2086.0 3955.0 2111.0
plane 3951.0 1000.0 4001.0 1058.0
plane 3876.0 945.0 3936.0 1012.0
plane 3696.0 2096.0 3743.0 2142.0
plane 2710.0 334.0 2759.0 386.0
plane 3698.0 2134.0 3745.0 2186.0
plane 3720.0 2181.0 3752.0 2226.0
ground-track-field 3052.0 2672.0 3207.0 2797.0
roundabout 2886.0 2516.0 2922.0 2555.0
roundabout 3177.0 1450.0 3227.0 1506.0
roundabout 2586.0 1231.0 2642.0 1289.0
roundabout 565.0 529.0 604.0 575.0
