roundabout 1876.0 1295.0 1916.0 1339.0
storage-tank 3134.0 1053.0 3183.0 1108.0
plane 412.0 1991.0 433.0 2011.0 difficult
plane 406.0 2018.0 427.0 2043.0
plane 327.0 2209.0 349.0 2233.0
plane 270.0 2293.0 289.0 2317.0
plane 264.0 2327.0 284.0 2347.0
plane 256.0 2349.0 273.0 2366.0 difficult
plane 231.0 2395.0 249.0 2415.0
plane 338.0 2185.0 354.0 2201.0 difficult
storage-tank 2026.0 1323.0 2076.0 1375.0
storage-tank 3080.0 1066.0 3128.0 1119.0
plane 457.0 3234.0 481.0 3256.0
plane 744.0 2486.0 769.0 2510.0
plane 475.0 3243.0 497.0 3265.0
plane 501.0 3255.0 518.0 3273.0 difficult
plane 535.0 3228.0 557.0 3248.0
plane 385.0 3204.0 405.0 3224.0
plane 358.0 3329.0 381.0 3353.0
plane 700.0 2473.0 719.0 2495.0
plane 690.0 2489.0 713.0 2515.0
plane 671.0 2523.0 691.0 2543.0
plane 663.0 2539.0 683.0 2562.0
plane 652.0 2555.0 675.0 2576.0
plane 461.0 1920.0 483.0 1944.0
