bridge 3525.0 1293.0 3554.0 1316.0
plane 3593.0 3585.0 3607.0 3596.0 difficult
plane 3721.0 3679.0 3737.0 3696.0 difficult
plane 3704.0 3667.0 3720.0 3685.0 difficult
plane 3708.0 3623.0 3728.0 3644.0
plane 3693.0 3613.0 3710.0 3631.0 difficult
plane 3676.0 3601.0 3694.0 3621.0
plane 3661.0 3590.0 3678.0 3608.0 difficult
plane 3624.0 3609.0 3640.0 3627.0 difficult
plane 3611.0 3595.0 3627.0 3611.0 difficult
plane 3545.0 3566.0 3560.0 3582.0 difficult
roundabout 1511.0 720.0 1544.0 753.0
plane 3553.0 3608.0 3569.0 3623.0 difficult
plane 3532.0 3641.0 3548.0 3657.0 difficult
bridge 3428.0 1519.0 3494.0 1619.0
storage-tank 2352.0 452.0 2372.0 471.0
storage-tank 2412.0 408.0 2441.0 443.0
bridge 2052.0 2555.0 2261.0 2602.0
bridge 2068.0 2527.0 2269.0 2576.0
storage-tank 810.0 660.0 826.0 679.0
plane 3583.0 3760.0 3594.0 3777.0
plane 3588.0 3779.0 3604.0 3798.0
plane 3598.0 3798.0 3614.0 3815.0 difficult
plane 3578.0 3832.0 3594.0 3852.0
bridge 3327.0 504.0 3431.0 599.0
bridge 3337.0 871.0 3363.0 891.0
plane 3487.0 3982.0 3501.0 3994.0 difficult
plane 3507.0 3924.0 3522.0 3936.0 difficult
plane 3505.0 3845.0 3520.0 3860.0 difficult
plane 3483.0 3844.0 3496.0 3858.0 difficult
plane 3769.0 3714.0 3789.0 3734.0
plane 3801.0 3741.0 3818.0 3761.0 difficult
plane 3858.0 3819.0 3873.0 3837.0 difficult
plane 3825.0 3897.0 3839.0 3913.0 difficult
plane 3810.0 3936.0 3824.0 3953.0 difficult
plane 3781.0 3981.0 3798.0 3999.0
plane 3547.0 3951.0 3561.0 3966.0 difficult
plane 3591.0 3987.0 3602.0 3999.0 difficult
plane 3608.0 3958.0 3621.0 3975.0
plane 3590.0 3936.0 3603.0 3953.0
plane 3585.0 3849.0 3599.0 3871.0
storage-tank 666.0 770.0 683.0 789.0
