baseball-diamond 3364.0 1857.0 3438.0 1934.0
storage-tank 1311.0 3966.0 1341.0 3991.0
bridge 336.0 2484.0 384.0 2556.0
bridge 653.0 2616.0 703.0 2702.0
storage-tank 72.0 1291.0 129.0 1348.0
storage-tank 165.0 1268.0 228.0 1326.0
bridge 1413.0 3639.0 1484.0 3681.0
storage-tank 1165.0 3877.0 1210.0 3918.0
storage-tank 1186.0 3935.0 1218.0 3965.0
storage-tank 1169.0 3967.0 1187.0 3984.0
storage-tank 1335.0 3934.0 1351.0 3951.0
storage-tank 1411.0 3941.0 1439.0 3967.0
storage-tank 1362.0 3952.0 1389.0 3981.0
storage-tank 1473.0 3159.0 1494.0 3179.0
baseball-diamond 3414.0 1772.0 3472.0 1831.0
storage-tank 1442.0 3098.0 1463.0 3119.0
storage-tank 1410.0 3038.0 1431.0 3060.0
storage-tank 1355.0 3064.0 1382.0 3092.0
storage-tank 1383.0 3121.0 1414.0 3150.0
storage-tank 1417.0 3182.0 1446.0 3211.0
storage-tank 1360.0 2955.0 1414.0 3004.0
storage-tank 3013.0 372.0 3032.0 391.0
ground-track-field 1108.0 1668.0 1366.0 1820.0
baseball-diamond 1232.0 1480.0 1309.0 1560.0
baseball-diamond 2221.0 1583.0 2283.0 1649.0
baseball-diamond 3352.0 1777.0 3399.0 1826.0
bridge 291.0 2460.0 343.0 2539.0
