storage-tank 3845.0 3201.0 3868.0 3226.0
storage-tank 1360.0 126.0 1388.0 154.0
bridge 1969.0 684.0 2056.0 745.0
bridge 2636.0 1934.0 2695.0 1980.0
bridge 2500.0 1696.0 2576.0 1742.0
bridge 3475.0 2986.0 3538.0 3048.0
bridge 3552.0 3049.0 3598.0 3112.0
storage-tank 1199.0 0.0 1238.0 35.0
storage-tank 1196.0 52.0 1254.0 106.0
storage-tank 1346.0 32.0 1400.0 87.0
storage-tank 1423.0 15.0 1474.0 70.0
storage-tank 2608.0 561.0 2635.0 593.0
storage-tank 3884.0 3222.0 3912.0 3254.0
storage-tank 2552.0 572.0 2588.0 609.0
storage-tank 2568.0 633.0 2605.0 674.0
storage-tank 2478.0 734.0 2517.0 773.0
storage-tank 2466.0 791.0 2505.0 828.0
storage-tank 2480.0 845.0 2517.0 880.0
storage-tank 2499.0 920.0 2524.0 945.0
storage-tank 2552.0 935.0 2592.0 973.0
storage-tank 2606.0 921.0 2647.0 958.0
storage-tank 3933.0 3246.0 3975.0 3294.0
bridge 1916.0 609.0 1997.0 655.0
