harbor 1572.0 2039.0 1706.0 2130.0
storage-tank 1317.0 404.0 1396.0 478.0
harbor 1726.0 1926.0 1951.0 2198.0 difficult
harbor 1439.0 2014.0 1841.0 2292.0
plane 2539.0 581.0 2576.0 615.0
plane 2406.0 709.0 2438.0 742.0
plane 2358.0 789.0 2387.0 817.0
storage-tank 1283.0 485.0 1365.0 559.0
roundabout 2110.0 238.0 2139.0 264.0
harbor 1606.0 1993.0 1790.0 2092.0
storage-tank 2407.0 1510.0 2424.0 1535.0
storage-tank 2382.0 1510.0 2407.0 1541.0
roundabout 3683.0 459.0 3733.0 509.0
roundabout 3911.0 1279.0 3965.0 1339.0
roundabout 3706.0 1554.0 3774.0 1615.0
roundabout 3379.0 2045.0 3419.0 2087.0
plane 2518.0 707.0 2549.0 738.0
plane 2477.0 752.0 2506.0 783.0
plane 2430.0 795.0 2460.0 826.0
plane 2499.0 730.0 2528.0 762.0
plane 2540.0 686.0 2570.0 719.0
plane 2564.0 666.0 2592.0 696.0
plane 2363.0 486.0 2406.0 530.0
plane 2520.0 518.0 2556.0 556.0
plane 2606.0 523.0 2641.0 551.0
plane 2521.0 603.0 2548.0 632.0
plane 2675.0 555.0 2712.0 593.0
plane 2636.0 356.0 2693.0 413.0
plane 2620.0 290.0 2668.0 339.0
plane 2748.0 500.0 2774.0 527.0
plane 3030.0 362.0 3100.0 428.0
harbor 1581.0 1886.0 1734.0 1973.0
harbor 1626.0 1951.0 1805.0 2046.0
roundabout 799.0 648.0 842.0 689.0
