bridge 3321.0 692.0 3338.0 720.0
bridge 3781.0 257.0 3795.0 277.0
roundabout 414.0 3594.0 467.0 3646.0
bridge 3075.0 460.0 3094.0 492.0
bridge 2446.0 642.0 2459.0 669.0
bridge 3452.0 354.0 3467.0 374.0
bridge 3515.0 324.0 3529.0 345.0
bridge 3582.0 307.0 3597.0 325.0
bridge 3818.0 244.0 3833.0 263.0
bridge 2958.0 1202.0 2977.0 1224.0
bridge 3848.0 232.0 3859.0 254.0
bridge 3909.0 205.0 3925.0 227.0
bridge 3971.0 178.0 3989.0 201.0
roundabout 1819.0 3977.0 1837.0 3995.0
roundabout 2125.0 3910.0 2192.0 3979.0
roundabout 3115.0 3023.0 3135.0 3041.0
bridge 459.0 1315.0 533.0 1398.0
