plane 3187.0 3815.0 3265.0 3898.0
plane 3298.0 3600.0 3320.0 3625.0
baseball-diamond 1089.0 3891.0 1150.0 3952.0
baseball-diamond 1610.0 948.0 1682.0 1023.0
baseball-diamond 1592.0 1639.0 1654.0 1710.0
baseball-diamond 1623.0 1771.0 1691.0 1842.0
ground-track-field 2526.0 1530.0 2733.0 1672.0
plane 3308.0 3632.0 3327.0 3654.0
plane 3290.0 3573.0 3312.0 3598.0
plane 2983.0 3875.0 3059.0 3963.0
baseball-diamond 339.0 2369.0 414.0 2449.0
plane 2382.0 3723.0 2468.0 3809.0
baseball-diamond 1577.0 847.0 1646.0 927.0
baseball-diamond 1647.0 882.0 1713.0 965.0
baseball-diamond 1549.0 919.0 1619.0 1003.0
ground-track-field 1955.0 1962.0 2076.0 2158.0
ground-track-field 257.0 2238.0 473.0 2397.0
