roundabout 3263.0 988.0 3288.0 1015.0
bridge 161.0 3908.0 262.0 3996.0
bridge 213.0 3794.0 341.0 3949.0
roundabout 2935.0 1500.0 2958.0 1522.0 difficult
roundabout 3570.0 1816.0 3588.0 1834.0
roundabout 2959.0 2869.0 3075.0 3003.0
bridge 2638.0 2154.0 2772.0 2379.0
roundabout 1698.0 201.0 1731.0 236.0
roundabout 1868.0 586.0 1891.0 608.0
roundabout 1072.0 627.0 1107.0 663.0
ground-track-field 1509.0 2095.0 1651.0 2312.0 difficult
roundabout 487.0 2256.0 518.0 2289.0
roundabout 428.0 1505.0 448.0 1526.0 difficult
roundabout 504.0 822.0 534.0 854.0
roundabout 88.0 402.0 113.0 429.0
roundabout 58.0 21.0 100.0 64.0
