bridge 2836.0 910.0 2980.0 1131.0
roundabout 3184.0 1896.0 3215.0 1931.0 difficult
roundabout 2507.0 2093.0 2536.0 2126.0
roundabout 3849.0 415.0 3869.0 439.0 difficult
storage-tank 3115.0 3885.0 3160.0 3938.0
roundabout 3392.0 1570.0 3454.0 1635.0
ground-track-field 3642.0 1607.0 3809.0 1798.0
roundabout 2985.0 2156.0 3017.0 2185.0
roundabout 2271.0 2533.0 2296.0 2562.0
roundabout 1161.0 2371.0 1187.0 2396.0
roundabout 1978.0 2549.0 2003.0 2576.0
roundabout 281.0 2799.0 304.0 2823.0
roundabout 227.0 1247.0 248.0 1269.0
