roundabout 1655.0 435.0 1758.0 549.0
large-vehicle 522.0 1721.0 564.0 1826.0
large-vehicle 1093.0 465.0 1167.0 567.0
large-vehicle 1073.0 486.0 1147.0 584.0
large-vehicle 1049.0 498.0 1121.0 595.0
large-vehicle 788.0 644.0 860.0 748.0
large-vehicle 765.0 658.0 832.0 757.0
large-vehicle 739.0 675.0 812.0 775.0
large-vehicle 441.0 1729.0 479.0 1832.0
large-vehicle 1195.0 412.0 1267.0 514.0
large-vehicle 408.0 1725.0 450.0 1830.0
large-vehicle 380.0 1722.0 418.0 1828.0
large-vehicle 157.0 1688.0 193.0 1793.0
large-vehicle 175.0 1587.0 209.0 1668.0
large-vehicle 648.0 1414.0 681.0 1519.0
large-vehicle 618.0 1412.0 654.0 1516.0
large-vehicle 1172.0 429.0 1239.0 527.0
large-vehicle 1218.0 398.0 1287.0 494.0
large-vehicle 562.0 1407.0 598.0 1511.0
large-vehicle 934.0 951.0 1038.0 992.0
large-vehicle 922.0 1091.0 1027.0 1125.0
large-vehicle 1303.0 1055.0 1389.0 1148.0
large-vehicle 925.0 1062.0 1030.0 1098.0
large-vehicle 927.0 1032.0 1032.0 1070.0
large-vehicle 929.0 1007.0 1034.0 1041.0
large-vehicle 932.0 980.0 1036.0 1018.0
large-vehicle 938.0 869.0 1045.0 905.0
large-vehicle 1241.0 388.0 1312.0 481.0
large-vehicle 1406.0 282.0 1477.0 382.0
large-vehicle 1382.0 296.0 1455.0 396.0
large-vehicle 1356.0 311.0 1429.0 410.0
large-vehicle 1311.0 336.0 1384.0 438.0
large-vehicle 1287.0 350.0 1360.0 452.0
large-vehicle 1264.0 366.0 1336.0 466.0
large-vehicle 588.0 1409.0 627.0 1512.0
large-vehicle 505.0 1401.0 542.0 1504.0
small-vehicle 1763.0 69.0 1800.0 114.0
large-vehicle 482.0 875.0 563.0 968.0
large-vehicle 349.0 977.0 434.0 1078.0
large-vehicle 371.0 958.0 455.0 1058.0
large-vehicle 392.0 944.0 477.0 1041.0
large-vehicle 415.0 927.0 499.0 1023.0
large-vehicle 437.0 910.0 519.0 1006.0
large-vehicle 460.0 890.0 541.0 987.0
large-vehicle 505.0 855.0 585.0 950.0
large-vehicle 267.0 1056.0 346.0 1150.0
large-vehicle 544.0 818.0 629.0 918.0
large-vehicle 585.0 781.0 670.0 881.0
large-vehicle 617.0 744.0 693.0 848.0
large-vehicle 641.0 727.0 718.0 833.0
large-vehicle 663.0 712.0 742.0 816.0
large-vehicle 688.0 700.0 765.0 802.0
large-vehicle 327.0 995.0 411.0 1094.0
large-vehicle 245.0 1074.0 324.0 1167.0
large-vehicle 476.0 1398.0 516.0 1503.0
large-vehicle 601.0 1297.0 636.0 1404.0
large-vehicle 281.0 1379.0 319.0 1482.0
large-vehicle 252.0 1375.0 290.0 1478.0
large-vehicle 226.0 1372.0 263.0 1476.0
large-vehicle 685.0 1306.0 721.0 1412.0
large-vehicle 659.0 1304.0 693.0 1411.0
large-vehicle 628.0 1302.0 664.0 1408.0
large-vehicle 573.0 1295.0 608.0 1402.0
large-vehicle 239.0 1260.0 275.0 1362.0
large-vehicle 545.0 1292.0 582.0 1396.0
large-vehicle 519.0 1287.0 553.0 1394.0
large-vehicle 485.0 1282.0 527.0 1391.0
large-vehicle 349.0 1273.0 384.0 1376.0
large-vehicle 295.0 1266.0 328.0 1366.0
large-vehicle 268.0 1259.0 304.0 1362.0
large-vehicle 919.0 1116.0 1025.0 1153.0
large-vehicle 918.0 1145.0 1022.0 1180.0
large-vehicle 916.0 1172.0 1019.0 1208.0
small-vehicle 1276.0 1616.0 1301.0 1657.0
small-vehicle 1244.0 1759.0 1269.0 1802.0
small-vehicle 1439.0 1626.0 1467.0 1671.0
small-vehicle 1416.0 1626.0 1434.0 1668.0
small-vehicle 1395.0 1626.0 1414.0 1664.0
small-vehicle 1372.0 1621.0 1395.0 1664.0
small-vehicle 1335.0 1620.0 1358.0 1657.0
small-vehicle 1188.0 1629.0 1234.0 1670.0
small-vehicle 1290.0 1764.0 1313.0 1808.0
small-vehicle 1257.0 1616.0 1279.0 1654.0
small-vehicle 1266.0 1489.0 1310.0 1520.0
small-vehicle 1266.0 1461.0 1310.0 1498.0
small-vehicle 1267.0 1435.0 1317.0 1477.0
small-vehicle 1668.0 1138.0 1689.0 1180.0
small-vehicle 1653.0 1258.0 1680.0 1302.0
small-vehicle 1269.0 1761.0 1294.0 1807.0
small-vehicle 1307.0 1769.0 1335.0 1813.0
large-vehicle 912.0 1198.0 1015.0 1235.0
small-vehicle 1719.0 1305.0 1757.0 1345.0
small-vehicle 1791.0 253.0 1841.0 305.0
small-vehicle 1762.0 400.0 1807.0 443.0
small-vehicle 1798.0 504.0 1822.0 543.0
small-vehicle 1776.0 639.0 1820.0 686.0
small-vehicle 1773.0 670.0 1820.0 716.0
small-vehicle 1680.0 973.0 1703.0 1022.0
small-vehicle 1476.0 1784.0 1502.0 1833.0
small-vehicle 1313.0 1731.0 1339.0 1769.0
small-vehicle 1437.0 1781.0 1458.0 1825.0
small-vehicle 1417.0 1780.0 1436.0 1824.0
small-vehicle 1393.0 1777.0 1417.0 1821.0
small-vehicle 1350.0 1773.0 1372.0 1814.0
small-vehicle 1354.0 1727.0 1379.0 1774.0
small-vehicle 1292.0 1726.0 1316.0 1767.0
small-vehicle 1648.0 1315.0 1669.0 1358.0
small-vehicle 1276.0 1342.0 1323.0 1382.0
small-vehicle 1016.0 553.0 1060.0 607.0
large-vehicle 871.0 1553.0 978.0 1591.0
large-vehicle 1567.0 184.0 1643.0 286.0
large-vehicle 1543.0 198.0 1618.0 299.0
large-vehicle 1523.0 216.0 1595.0 315.0
large-vehicle 1168.0 1529.0 1248.0 1624.0
large-vehicle 864.0 1607.0 973.0 1646.0
large-vehicle 868.0 1579.0 975.0 1618.0
large-vehicle 876.0 1527.0 981.0 1564.0
small-vehicle 1083.0 967.0 1121.0 1033.0
large-vehicle 878.0 1500.0 985.0 1538.0
large-vehicle 882.0 1473.0 987.0 1510.0
large-vehicle 1191.0 1428.0 1259.0 1529.0
large-vehicle 1215.0 1272.0 1244.0 1376.0
large-vehicle 892.0 1364.0 998.0 1399.0
large-vehicle 898.0 1310.0 999.0 1342.0
large-vehicle 1619.0 151.0 1689.0 255.0
large-vehicle 1643.0 138.0 1714.0 239.0
large-vehicle 1689.0 110.0 1763.0 212.0
large-vehicle 1479.0 509.0 1552.0 610.0
large-vehicle 1530.0 478.0 1599.0 579.0
large-vehicle 1553.0 464.0 1624.0 564.0
small-vehicle 192.0 366.0 233.0 411.0
small-vehicle 420.0 72.0 473.0 130.0
small-vehicle 372.0 207.0 410.0 247.0
small-vehicle 172.0 439.0 213.0 483.0
small-vehicle 199.0 621.0 239.0 664.0
small-vehicle 772.0 1720.0 840.0 1749.0
small-vehicle 688.0 1676.0 724.0 1741.0
small-vehicle 665.0 1674.0 698.0 1737.0
small-vehicle 1138.0 1700.0 1177.0 1735.0
small-vehicle 1153.0 1681.0 1196.0 1722.0
small-vehicle 1173.0 1646.0 1217.0 1689.0
large-vehicle 713.0 690.0 787.0 789.0
