small-vehicle 680.0 740.0 695.0 762.0 difficult
plane 286.0 575.0 334.0 626.0
plane 566.0 139.0 605.0 168.0
plane 640.0 161.0 686.0 207.0
plane 676.0 188.0 725.0 237.0
plane 494.0 305.0 540.0 353.0
plane 468.0 342.0 512.0 391.0
plane 437.0 383.0 481.0 429.0
plane 558.0 372.0 606.0 425.0
plane 530.0 412.0 577.0 464.0
plane 406.0 422.0 450.0 469.0
plane 377.0 460.0 421.0 507.0
plane 347.0 496.0 394.0 547.0
plane 317.0 537.0 364.0 585.0
plane 260.0 614.0 305.0 662.0
small-vehicle 621.0 716.0 639.0 730.0 difficult
plane 227.0 653.0 274.0 702.0
plane 63.0 709.0 107.0 758.0
plane 91.0 670.0 137.0 716.0
plane 120.0 631.0 166.0 678.0
plane 149.0 591.0 196.0 640.0
plane 179.0 552.0 225.0 600.0
plane 210.0 514.0 254.0 561.0
plane 241.0 476.0 284.0 523.0
plane 270.0 438.0 314.0 484.0
plane 298.0 399.0 343.0 446.0
large-vehicle 482.0 310.0 508.0 339.0
small-vehicle 614.0 732.0 633.0 746.0 difficult
plane 516.0 141.0 558.0 172.0
