ship 7800.0 1685.0 7828.0 1705.0 difficult
ship 2379.0 1222.0 2418.0 1249.0
ship 2277.0 1020.0 2313.0 1047.0
ship 2423.0 997.0 2463.0 1031.0
ship 2834.0 1127.0 2866.0 1147.0
ship 2781.0 1226.0 2807.0 1240.0
ship 2636.0 1178.0 2677.0 1203.0
ship 2733.0 1389.0 2776.0 1410.0
ship 2621.0 1360.0 2655.0 1379.0
ship 2630.0 1358.0 2646.0 1367.0 difficult
ship 2429.0 1384.0 2508.0 1431.0
ship 2252.0 2578.0 2303.0 2787.0
ship 2452.0 1508.0 2529.0 1549.0
ship 2694.0 1732.0 2839.0 1856.0
ship 2463.0 2128.0 2546.0 2293.0
ship 2450.0 2137.0 2486.0 2209.0
ship 2734.0 2632.0 2806.0 2793.0
ship 2597.0 3126.0 2747.0 3286.0
ship 2707.0 3159.0 2741.0 3194.0
ship 2116.0 3397.0 2348.0 3572.0
ship 2332.0 771.0 2350.0 783.0
ship 2328.0 776.0 2371.0 803.0
ship 2638.0 594.0 2684.0 627.0
ship 2829.0 605.0 2918.0 657.0
ship 3569.0 2566.0 3730.0 2598.0
ship 3589.0 2535.0 3623.0 2564.0
ship 3821.0 2874.0 3981.0 2994.0
ship 3910.0 2898.0 3987.0 2956.0
ship 3537.0 3104.0 3755.0 3196.0
ship 3138.0 3300.0 3311.0 3463.0
ship 3262.0 2513.0 3363.0 2720.0
ship 3019.0 2150.0 3078.0 2340.0
ship 3063.0 2162.0 3092.0 2238.0
ship 3251.0 1756.0 3402.0 1859.0
ship 3207.0 1435.0 3273.0 1449.0
ship 2922.0 1358.0 2996.0 1407.0
ship 3127.0 1282.0 3180.0 1312.0
ship 3279.0 1216.0 3325.0 1247.0
ship 3057.0 1069.0 3126.0 1109.0
ship 3232.0 882.0 3307.0 936.0
ship 3168.0 659.0 3246.0 708.0
ship 2244.0 3389.0 2318.0 3445.0
ship 2078.0 2240.0 2114.0 2402.0
ship 7819.0 1459.0 7845.0 1477.0 difficult
ship 688.0 871.0 706.0 881.0
ship 1490.0 685.0 1533.0 706.0
ship 1375.0 765.0 1403.0 782.0
ship 1164.0 1024.0 1188.0 1043.0
ship 1216.0 1220.0 1257.0 1250.0
ship 982.0 1622.0 1161.0 1742.0
ship 878.0 2153.0 1072.0 2244.0
ship 980.0 1016.0 1007.0 1032.0
ship 683.0 881.0 698.0 889.0
ship 836.0 913.0 857.0 926.0
ship 2105.0 2242.0 2124.0 2317.0
ship 815.0 1042.0 869.0 1064.0
ship 818.0 1053.0 857.0 1067.0
ship 762.0 1257.0 832.0 1285.0
ship 524.0 3939.0 584.0 4075.0
ship 219.0 2441.0 418.0 2622.0
ship 615.0 1850.0 777.0 1903.0
ship 210.0 1438.0 287.0 1486.0
ship 468.0 1295.0 556.0 1348.0
ship 1720.0 682.0 1787.0 717.0
ship 1909.0 663.0 1965.0 681.0
ship 1679.0 878.0 1700.0 892.0
ship 1893.0 892.0 1938.0 928.0
ship 2124.0 2274.0 2131.0 2294.0
ship 2211.0 1395.0 2290.0 1445.0
ship 2125.0 1170.0 2198.0 1218.0
ship 2161.0 1044.0 2195.0 1076.0
ship 2130.0 656.0 2197.0 685.0
ship 1397.0 909.0 1452.0 941.0
ship 1383.0 1107.0 1422.0 1134.0
ship 1335.0 1337.0 1414.0 1368.0
ship 1358.0 1352.0 1380.0 1364.0
ship 1354.0 2332.0 1463.0 2547.0
ship 1689.0 2826.0 1853.0 3038.0
ship 1967.0 1714.0 2004.0 1781.0
ship 1550.0 1829.0 1712.0 1870.0
ship 1956.0 1362.0 2035.0 1407.0
ship 1990.0 1020.0 2031.0 1051.0
ship 1788.0 1075.0 1820.0 1099.0
ship 1578.0 1069.0 1655.0 1133.0
ship 3823.0 1952.0 3979.0 2029.0
ship 4027.0 1564.0 4199.0 1602.0
ship 3777.0 1380.0 3858.0 1433.0
ship 2721.0 763.0 2752.0 792.0 difficult
ship 4416.0 3098.0 4669.0 3163.0
ship 4102.0 3616.0 4358.0 3694.0
ship 4358.0 3619.0 4373.0 3637.0 difficult
ship 4272.0 3658.0 4357.0 3684.0 difficult
ship 4269.0 3605.0 4344.0 3627.0 difficult
ship 3354.0 2479.0 3378.0 2492.0 difficult
ship 2779.0 899.0 2810.0 926.0 difficult
ship 3024.0 808.0 3064.0 843.0 difficult
ship 2645.0 910.0 2681.0 933.0 difficult
ship 3699.0 1217.0 3720.0 1264.0
ship 2127.0 1120.0 2145.0 1138.0 difficult
ship 1817.0 1307.0 1845.0 1326.0 difficult
ship 2789.0 1756.0 2804.0 1776.0 difficult
ship 2312.0 2499.0 2331.0 2515.0 difficult
ship 2191.0 2567.0 2216.0 2587.0 difficult
ship 1198.0 2070.0 1228.0 2087.0 difficult
ship 7854.0 2390.0 8079.0 2584.0
ship 7890.0 2532.0 7955.0 2589.0
ship 4492.0 3058.0 4527.0 3097.0 difficult
ship 4412.0 3030.0 4444.0 3056.0 difficult
ship 3828.0 2861.0 3857.0 2880.0 difficult
ship 3904.0 1772.0 3934.0 1785.0 difficult
ship 6404.0 3640.0 6425.0 3658.0 difficult
ship 6126.0 2246.0 6146.0 2262.0 difficult
ship 5870.0 2051.0 5892.0 2070.0 difficult
ship 4762.0 2451.0 4822.0 2503.0 difficult
ship 4758.0 2394.0 4920.0 2542.0 difficult
plane 3941.0 426.0 3976.0 478.0
ship 3373.0 812.0 3455.0 853.0 difficult
ship 3643.0 730.0 3682.0 802.0 difficult
ship 4673.0 1370.0 4722.0 1444.0 difficult
ship 4348.0 1050.0 4402.0 1091.0 difficult
ship 4704.0 1183.0 4764.0 1262.0 difficult
ship 4915.0 982.0 4997.0 1057.0 difficult
ship 3442.0 1724.0 3507.0 1760.0 difficult
ship 3429.0 1659.0 3583.0 1750.0 difficult
ship 4108.0 2241.0 4274.0 2302.0 difficult
ship 4538.0 1867.0 4724.0 1977.0 difficult
ship 4249.0 2096.0 4285.0 2110.0 difficult
ship 7849.0 2482.0 7926.0 2551.0
ship 7871.0 1376.0 8026.0 1414.0
ship 7570.0 1783.0 7770.0 1854.0
ship 5313.0 2689.0 5414.0 2842.0
ship 5275.0 2119.0 5425.0 2209.0
ship 5184.0 1651.0 5362.0 1766.0
ship 5388.0 663.0 5469.0 750.0
ship 5370.0 453.0 5435.0 473.0
ship 5044.0 567.0 5113.0 598.0
ship 4697.0 628.0 4787.0 704.0
ship 4454.0 703.0 4537.0 788.0
ship 4585.0 892.0 4648.0 914.0
ship 4349.0 873.0 4404.0 904.0
ship 4153.0 807.0 4217.0 868.0
ship 3894.0 723.0 3950.0 792.0
ship 3668.0 1014.0 3705.0 1032.0
ship 3400.0 1052.0 3456.0 1126.0
ship 3971.0 918.0 4033.0 957.0
ship 3845.0 922.0 3891.0 1002.0
ship 4153.0 1304.0 4203.0 1337.0
ship 3889.0 1152.0 3957.0 1231.0
ship 5325.0 2788.0 5381.0 2870.0
ship 5024.0 2919.0 5160.0 3189.0
ship 7496.0 2774.0 7519.0 2789.0
ship 5782.0 2474.0 5955.0 2614.0
ship 7170.0 3911.0 7208.0 3947.0
ship 7214.0 1752.0 7235.0 1764.0
ship 7088.0 1840.0 7252.0 1904.0
ship 7096.0 1885.0 7177.0 1923.0
ship 7307.0 1258.0 7478.0 1389.0
ship 7301.0 1280.0 7366.0 1331.0
ship 7147.0 832.0 7222.0 892.0
ship 6519.0 841.0 6599.0 890.0
ship 6649.0 1436.0 6821.0 1476.0
ship 6489.0 2547.0 6688.0 2743.0
ship 6135.0 3874.0 6335.0 3913.0
ship 6407.0 2823.0 6433.0 2844.0
ship 6297.0 1812.0 6481.0 1883.0
ship 5927.0 1026.0 6005.0 1070.0
ship 5701.0 730.0 5739.0 802.0
ship 5834.0 1512.0 5952.0 1648.0
ship 5793.0 1925.0 5968.0 2023.0
ship 621.0 1181.0 647.0 1196.0
