small-vehicle 288.0 2650.0 307.0 2666.0
storage-tank 3933.0 2077.0 3984.0 2116.0
storage-tank 3858.0 2158.0 3926.0 2216.0
storage-tank 3927.0 2136.0 3994.0 2194.0
storage-tank 3991.0 2112.0 4065.0 2176.0
storage-tank 3568.0 2236.0 3645.0 2303.0
storage-tank 3642.0 2213.0 3721.0 2281.0
storage-tank 3718.0 2194.0 3798.0 2259.0
storage-tank 3547.0 2179.0 3598.0 2226.0
storage-tank 3599.0 2161.0 3652.0 2206.0
storage-tank 3652.0 2145.0 3704.0 2190.0
storage-tank 3703.0 2128.0 3760.0 2175.0
storage-tank 3754.0 2115.0 3783.0 2144.0
storage-tank 3740.0 2077.0 3772.0 2105.0
storage-tank 3698.0 2073.0 3735.0 2107.0
storage-tank 3657.0 2085.0 3695.0 2120.0
storage-tank 3619.0 2097.0 3662.0 2137.0
storage-tank 3575.0 2111.0 3615.0 2151.0
storage-tank 3529.0 2127.0 3570.0 2166.0
storage-tank 3470.0 1953.0 3540.0 2014.0
storage-tank 3544.0 1928.0 3615.0 1989.0
storage-tank 3618.0 1923.0 3668.0 1963.0
storage-tank 3603.0 1874.0 3655.0 1917.0
storage-tank 3589.0 1831.0 3640.0 1869.0
storage-tank 3523.0 1868.0 3592.0 1921.0
storage-tank 3448.0 1887.0 3518.0 1944.0
storage-tank 3428.0 1820.0 3498.0 1877.0
storage-tank 3984.0 2063.0 4031.0 2103.0
storage-tank 3888.0 2091.0 3936.0 2129.0
storage-tank 3577.0 1783.0 3624.0 1829.0
storage-tank 3840.0 2104.0 3888.0 2140.0
storage-tank 4125.0 1453.0 4198.0 1517.0
storage-tank 4240.0 1494.0 4309.0 1557.0
storage-tank 4262.0 1425.0 4337.0 1483.0
storage-tank 4288.0 1346.0 4361.0 1409.0
storage-tank 4320.0 1275.0 4389.0 1340.0
storage-tank 4343.0 1206.0 4415.0 1264.0
storage-tank 4186.0 1613.0 4244.0 1663.0
storage-tank 4245.0 1630.0 4290.0 1669.0
storage-tank 4098.0 1683.0 4140.0 1720.0
storage-tank 4153.0 1692.0 4200.0 1726.0
storage-tank 4213.0 1702.0 4255.0 1734.0
storage-tank 4269.0 1702.0 4313.0 1743.0
storage-tank 4099.0 1742.0 4142.0 1777.0
storage-tank 4156.0 1750.0 4202.0 1785.0
storage-tank 4213.0 1757.0 4256.0 1794.0
storage-tank 4270.0 1762.0 4314.0 1799.0
storage-tank 4106.0 1857.0 4174.0 1918.0
storage-tank 4200.0 1849.0 4268.0 1911.0
storage-tank 4144.0 1937.0 4215.0 1996.0
storage-tank 4250.0 1922.0 4321.0 1979.0
storage-tank 4211.0 2051.0 4280.0 2114.0
storage-tank 4279.0 2002.0 4351.0 2064.0
storage-tank 3934.0 2000.0 4002.0 2057.0
storage-tank 3877.0 2019.0 3932.0 2062.0
storage-tank 3822.0 2037.0 3876.0 2078.0
storage-tank 3503.0 1794.0 3576.0 1853.0
storage-tank 3708.0 1717.0 3755.0 1752.0
storage-tank 4179.0 1306.0 4250.0 1367.0
storage-tank 3409.0 1059.0 3472.0 1116.0
storage-tank 2454.0 2872.0 2618.0 3032.0
storage-tank 2293.0 2880.0 2453.0 3042.0
storage-tank 2081.0 2904.0 2147.0 2966.0
storage-tank 2000.0 2935.0 2070.0 3001.0
storage-tank 1940.0 2898.0 2006.0 2963.0
storage-tank 2011.0 2866.0 2075.0 2929.0
storage-tank 2080.0 2847.0 2134.0 2900.0
storage-tank 2136.0 2842.0 2203.0 2906.0
storage-tank 2079.0 2793.0 2128.0 2842.0
storage-tank 1994.0 2827.0 2030.0 2866.0
storage-tank 1970.0 2861.0 2008.0 2895.0
storage-tank 1909.0 2796.0 1975.0 2859.0
storage-tank 1869.0 2850.0 1937.0 2915.0
storage-tank 1947.0 2735.0 2015.0 2800.0
storage-tank 1899.0 2690.0 1941.0 2733.0
storage-tank 1857.0 2751.0 1898.0 2790.0
storage-tank 1790.0 2800.0 1854.0 2858.0
storage-tank 1671.0 2810.0 1711.0 2852.0
storage-tank 1687.0 2729.0 1753.0 2787.0
storage-tank 1793.0 2729.0 1830.0 2766.0
storage-tank 1831.0 2669.0 1874.0 2709.0
storage-tank 1768.0 2670.0 1787.0 2690.0
storage-tank 1740.0 2657.0 1767.0 2683.0
storage-tank 1756.0 2631.0 1782.0 2656.0
storage-tank 1782.0 2649.0 1795.0 2665.0
storage-tank 3284.0 1097.0 3339.0 1147.0
storage-tank 3360.0 1132.0 3411.0 1183.0
storage-tank 3766.0 1695.0 3817.0 1742.0
storage-tank 3438.0 1152.0 3501.0 1209.0
storage-tank 3827.0 1677.0 3875.0 1715.0
storage-tank 3720.0 1761.0 3767.0 1801.0
storage-tank 3782.0 1748.0 3834.0 1797.0
storage-tank 3841.0 1723.0 3889.0 1762.0
storage-tank 3735.0 1809.0 3783.0 1847.0
storage-tank 3798.0 1800.0 3849.0 1850.0
storage-tank 3855.0 1769.0 3902.0 1807.0
storage-tank 3749.0 1856.0 3796.0 1891.0
storage-tank 3869.0 1814.0 3918.0 1855.0
storage-tank 3766.0 1900.0 3810.0 1940.0
storage-tank 3815.0 1859.0 3869.0 1903.0
storage-tank 3887.0 1863.0 3932.0 1903.0
storage-tank 3430.0 1632.0 3454.0 1650.0
storage-tank 3485.0 1577.0 3540.0 1623.0
storage-tank 3535.0 1560.0 3583.0 1598.0
storage-tank 3539.0 1490.0 3586.0 1537.0
storage-tank 3489.0 1507.0 3535.0 1553.0
storage-tank 3424.0 1524.0 3482.0 1577.0
storage-tank 3493.0 1371.0 3550.0 1431.0
storage-tank 3427.0 1386.0 3489.0 1449.0
storage-tank 3362.0 1414.0 3428.0 1469.0
storage-tank 3465.0 1242.0 3530.0 1301.0
storage-tank 3385.0 1226.0 3440.0 1269.0
storage-tank 3345.0 1294.0 3399.0 1340.0
storage-tank 3317.0 1196.0 3368.0 1242.0
storage-tank 4150.0 1378.0 4222.0 1442.0
storage-tank 4204.0 1234.0 4276.0 1292.0
storage-tank 1943.0 2600.0 1996.0 2650.0
storage-tank 1102.0 2099.0 1129.0 2123.0
storage-tank 1225.0 2198.0 1249.0 2226.0
storage-tank 1246.0 2215.0 1271.0 2242.0
storage-tank 1214.0 2154.0 1242.0 2184.0
storage-tank 1240.0 2172.0 1268.0 2198.0
storage-tank 1265.0 2187.0 1291.0 2216.0
storage-tank 1281.0 2162.0 1310.0 2190.0
storage-tank 1258.0 2147.0 1288.0 2173.0
storage-tank 1198.0 2108.0 1214.0 2130.0
storage-tank 1210.0 2093.0 1227.0 2112.0
storage-tank 1218.0 2077.0 1238.0 2095.0
storage-tank 1184.0 2082.0 1210.0 2105.0
storage-tank 1196.0 2066.0 1221.0 2088.0
storage-tank 913.0 1849.0 962.0 1900.0
storage-tank 948.0 1823.0 980.0 1856.0
storage-tank 973.0 1851.0 1015.0 1892.0
storage-tank 1014.0 1873.0 1058.0 1922.0
storage-tank 1056.0 1904.0 1091.0 1934.0
storage-tank 1125.0 1939.0 1152.0 1971.0
storage-tank 1151.0 1959.0 1176.0 1988.0
storage-tank 1171.0 1978.0 1202.0 2004.0
storage-tank 1199.0 1992.0 1224.0 2023.0
storage-tank 1219.0 2008.0 1248.0 2038.0
storage-tank 1248.0 2027.0 1279.0 2060.0
storage-tank 1273.0 2047.0 1304.0 2079.0
storage-tank 1021.0 1775.0 1084.0 1841.0
storage-tank 1197.0 2180.0 1224.0 2209.0
storage-tank 1067.0 2091.0 1082.0 2104.0
storage-tank 1143.0 1862.0 1205.0 1926.0
storage-tank 1082.0 2062.0 1120.0 2101.0
large-vehicle 369.0 436.0 383.0 456.0
large-vehicle 131.0 520.0 159.0 543.0
large-vehicle 309.0 589.0 341.0 606.0
large-vehicle 410.0 803.0 424.0 829.0
large-vehicle 520.0 397.0 533.0 415.0 difficult
large-vehicle 495.0 388.0 508.0 406.0 difficult
large-vehicle 319.0 1508.0 339.0 1535.0
storage-tank 1004.0 2331.0 1108.0 2441.0
storage-tank 873.0 2248.0 983.0 2356.0
storage-tank 797.0 2116.0 908.0 2224.0
storage-tank 1194.0 2285.0 1242.0 2328.0
storage-tank 1224.0 2260.0 1251.0 2288.0
storage-tank 1144.0 2221.0 1212.0 2290.0
storage-tank 1094.0 2228.0 1121.0 2251.0
storage-tank 1110.0 2203.0 1138.0 2230.0
storage-tank 1126.0 2183.0 1149.0 2207.0
storage-tank 1025.0 2124.0 1113.0 2215.0
storage-tank 1132.0 2090.0 1181.0 2143.0
storage-tank 967.0 2055.0 1039.0 2123.0
storage-tank 900.0 2002.0 968.0 2073.0
storage-tank 831.0 1955.0 903.0 2025.0
storage-tank 889.0 1921.0 934.0 1970.0
storage-tank 934.0 1951.0 979.0 1994.0
storage-tank 977.0 1962.0 1049.0 2037.0
storage-tank 1058.0 2012.0 1102.0 2057.0
storage-tank 1082.0 1816.0 1143.0 1882.0
storage-tank 1238.0 1897.0 1329.0 1994.0
storage-tank 4232.0 1158.0 4300.0 1221.0
harbor 1865.0 1348.0 1887.0 1386.0
harbor 1261.0 1237.0 1747.0 1354.0
harbor 1788.0 1337.0 1807.0 1369.0
ship 1948.0 389.0 2003.0 417.0 difficult
ship 874.0 280.0 898.0 295.0
storage-tank 3944.0 846.0 4010.0 906.0
storage-tank 4013.0 872.0 4076.0 930.0
storage-tank 4076.0 895.0 4141.0 956.0
storage-tank 3552.0 1015.0 3691.0 1136.0
storage-tank 3607.0 1173.0 3742.0 1299.0
storage-tank 3659.0 1327.0 3790.0 1456.0
storage-tank 3703.0 1497.0 3841.0 1618.0
storage-tank 3837.0 1037.0 3907.0 1098.0
storage-tank 3859.0 1114.0 3932.0 1177.0
storage-tank 3982.0 1085.0 4052.0 1146.0
storage-tank 4005.0 1170.0 4074.0 1229.0
storage-tank 4025.0 1253.0 4091.0 1313.0
storage-tank 3882.0 1190.0 3956.0 1251.0
storage-tank 3909.0 1264.0 3976.0 1323.0
storage-tank 3930.0 1341.0 4008.0 1402.0
storage-tank 4279.0 881.0 4319.0 922.0
storage-tank 4258.0 930.0 4300.0 968.0
storage-tank 4242.0 970.0 4282.0 1016.0
storage-tank 4321.0 887.0 4382.0 944.0
storage-tank 4336.0 952.0 4405.0 1012.0
storage-tank 4283.0 991.0 4345.0 1047.0
harbor 1884.0 1348.0 1987.0 1379.0
ship 1931.0 1208.0 2099.0 1281.0 difficult
storage-tank 1123.0 1758.0 1185.0 1823.0
ship 1756.0 1228.0 1921.0 1294.0 difficult
storage-tank 1230.0 1762.0 1327.0 1857.0
storage-tank 1329.0 1964.0 1425.0 2062.0
storage-tank 1302.0 2062.0 1329.0 2095.0
storage-tank 1325.0 2083.0 1356.0 2112.0
storage-tank 1349.0 2098.0 1380.0 2130.0
storage-tank 1389.0 1878.0 1485.0 1973.0
storage-tank 1412.0 1731.0 1481.0 1799.0
storage-tank 1553.0 1781.0 1579.0 1809.0
storage-tank 1457.0 1663.0 1525.0 1727.0
storage-tank 1592.0 1583.0 1686.0 1680.0
storage-tank 1495.0 1518.0 1591.0 1616.0
storage-tank 1647.0 1498.0 1742.0 1595.0
storage-tank 1704.0 1409.0 1806.0 1507.0
storage-tank 1642.0 1370.0 1706.0 1431.0
storage-tank 1577.0 1357.0 1640.0 1420.0
storage-tank 1506.0 1346.0 1572.0 1411.0
storage-tank 1451.0 1422.0 1531.0 1497.0
storage-tank 1532.0 1436.0 1615.0 1513.0
storage-tank 1383.0 1477.0 1437.0 1528.0
storage-tank 1443.0 1494.0 1473.0 1523.0
storage-tank 1425.0 1463.0 1448.0 1483.0
storage-tank 1400.0 1444.0 1427.0 1472.0
storage-tank 1182.0 1418.0 1279.0 1509.0
storage-tank 1208.0 1298.0 1303.0 1387.0
ship 1363.0 1229.0 1682.0 1321.0
storage-tank 1844.0 2532.0 1896.0 2581.0
storage-tank 1989.0 2632.0 2044.0 2681.0
harbor 101.0 3253.0 121.0 3336.0
storage-tank 2165.0 698.0 2187.0 721.0
storage-tank 2015.0 675.0 2032.0 692.0
storage-tank 2018.0 662.0 2034.0 679.0
storage-tank 2019.0 651.0 2038.0 665.0
storage-tank 2039.0 679.0 2054.0 695.0
storage-tank 2042.0 666.0 2058.0 683.0
storage-tank 2044.0 653.0 2060.0 670.0
harbor 1654.0 1720.0 1748.0 1799.0
harbor 1722.0 1717.0 1781.0 1778.0
ship 1735.0 1955.0 2058.0 2370.0
harbor 1900.0 2197.0 1993.0 2272.0
harbor 1303.0 2244.0 1390.0 2317.0
harbor 1328.0 2229.0 1437.0 2357.0
harbor 1338.0 2626.0 1394.0 2699.0
harbor 1644.0 2695.0 1680.0 2726.0
harbor 1608.0 2610.0 1708.0 2745.0
harbor 1734.0 2499.0 1784.0 2565.0
harbor 1760.0 2508.0 1808.0 2555.0
harbor 1867.0 2361.0 1910.0 2394.0
harbor 1855.0 2363.0 1891.0 2399.0
ship 2514.0 519.0 2585.0 610.0
ship 2781.0 507.0 2811.0 522.0
ship 2975.0 544.0 3008.0 563.0
ship 2769.0 779.0 2863.0 1054.0
harbor 3069.0 1030.0 3156.0 1283.0
harbor 3102.0 1089.0 3168.0 1216.0
storage-tank 2149.0 700.0 2161.0 715.0
storage-tank 2126.0 695.0 2145.0 714.0
harbor 2726.0 1427.0 2793.0 1464.0
storage-tank 1716.0 877.0 1735.0 898.0
large-vehicle 556.0 1974.0 583.0 2009.0 difficult
storage-tank 626.0 1388.0 643.0 1408.0
storage-tank 645.0 1393.0 664.0 1412.0
storage-tank 665.0 1398.0 685.0 1414.0
storage-tank 669.0 1378.0 688.0 1399.0
storage-tank 649.0 1376.0 667.0 1395.0
storage-tank 653.0 1358.0 670.0 1377.0
storage-tank 672.0 1362.0 691.0 1383.0
large-vehicle 852.0 1426.0 893.0 1454.0
large-vehicle 534.0 1416.0 550.0 1437.0
large-vehicle 855.0 1416.0 898.0 1440.0
large-vehicle 312.0 577.0 331.0 587.0
large-vehicle 1153.0 752.0 1180.0 784.0 difficult
large-vehicle 1182.0 626.0 1194.0 653.0
large-vehicle 1132.0 438.0 1162.0 454.0 difficult
large-vehicle 1103.0 432.0 1132.0 449.0
large-vehicle 1267.0 623.0 1280.0 645.0
large-vehicle 1202.0 540.0 1213.0 561.0
large-vehicle 1216.0 503.0 1231.0 545.0
large-vehicle 979.0 849.0 998.0 877.0
large-vehicle 1286.0 964.0 1296.0 988.0
large-vehicle 1296.0 967.0 1310.0 990.0
large-vehicle 1324.0 971.0 1335.0 995.0
large-vehicle 1332.0 974.0 1344.0 999.0
large-vehicle 1281.0 931.0 1304.0 943.0 difficult
ship 2694.0 1281.0 2728.0 1335.0
harbor 2762.0 1371.0 2806.0 1485.0
large-vehicle 822.0 1810.0 847.0 1830.0 difficult
ship 3935.0 3067.0 4185.0 3250.0
ship 3966.0 3013.0 4209.0 3189.0
ship 4117.0 3004.0 4281.0 3124.0
harbor 4114.0 2957.0 4143.0 2990.0
harbor 4044.0 2940.0 4183.0 3036.0
harbor 4227.0 3047.0 4254.0 3077.0
harbor 4250.0 3067.0 4292.0 3107.0
large-vehicle 4390.0 2545.0 4410.0 2581.0
large-vehicle 4124.0 2430.0 4156.0 2444.0
large-vehicle 4037.0 1929.0 4063.0 1962.0 difficult
large-vehicle 4027.0 1943.0 4046.0 1968.0
ship 4463.0 204.0 4543.0 279.0 difficult
large-vehicle 3961.0 12.0 3975.0 33.0 difficult
storage-tank 2871.0 3258.0 2883.0 3273.0
storage-tank 2881.0 3261.0 2889.0 3272.0 difficult
storage-tank 2869.0 3245.0 2881.0 3255.0 difficult
storage-tank 2855.0 3238.0 2864.0 3249.0 difficult
storage-tank 2888.0 3248.0 2897.0 3257.0 difficult
storage-tank 2879.0 3247.0 2891.0 3260.0 difficult
ship 3061.0 1493.0 3296.0 2052.0
harbor 3207.0 1699.0 3341.0 1791.0
harbor 3218.0 1678.0 3252.0 1734.0
bridge 1573.0 3338.0 1638.0 3394.0
bridge 1548.0 3365.0 1611.0 3419.0 difficult
storage-tank 1199.0 993.0 1250.0 1044.0
ship 83.0 3328.0 339.0 3356.0
ship 3958.0 3045.0 4212.0 3230.0
ship 3919.0 3089.0 4137.0 3254.0 difficult
harbor 2760.0 1531.0 2868.0 1690.0
ship 3900.0 3111.0 4134.0 3286.0
harbor 2305.0 1717.0 2348.0 1756.0
harbor 2270.0 1657.0 2348.0 1759.0
ship 2252.0 1517.0 2430.0 1747.0
harbor 2332.0 1509.0 2486.0 1697.0
harbor 1893.0 2155.0 1963.0 2232.0
harbor 2669.0 2343.0 2705.0 2371.0
harbor 2577.0 2470.0 2615.0 2501.0
bridge 1716.0 3139.0 1778.0 3196.0
bridge 1732.0 3116.0 1789.0 3159.0
bridge 1743.0 3090.0 1805.0 3143.0
bridge 1760.0 3078.0 1812.0 3115.0
bridge 1774.0 3063.0 1825.0 3101.0
storage-tank 2082.0 2394.0 2096.0 2407.0 difficult
storage-tank 2074.0 2387.0 2087.0 2401.0 difficult
storage-tank 2065.0 2381.0 2078.0 2393.0 difficult
storage-tank 2056.0 2376.0 2073.0 2389.0
storage-tank 2046.0 2372.0 2059.0 2385.0 difficult
ship 2030.0 2184.0 2067.0 2226.0
harbor 2658.0 2308.0 2928.0 2670.0
harbor 3429.0 2334.0 3530.0 2418.0
harbor 3728.0 2721.0 3842.0 2837.0
ship 3664.0 2763.0 3745.0 2827.0
bridge 3222.0 2912.0 3294.0 2968.0
harbor 3118.0 2677.0 3153.0 2702.0
harbor 3140.0 2681.0 3158.0 2708.0
large-vehicle 556.0 2068.0 586.0 2107.0 difficult
large-vehicle 867.0 1744.0 887.0 1762.0
storage-tank 2046.0 2681.0 2081.0 2719.0
storage-tank 2187.0 2308.0 2266.0 2386.0
storage-tank 2110.0 2150.0 2188.0 2223.0
storage-tank 2101.0 2253.0 2181.0 2326.0
storage-tank 2303.0 1918.0 2408.0 2026.0
storage-tank 2430.0 2004.0 2536.0 2113.0
storage-tank 2553.0 2088.0 2666.0 2199.0
storage-tank 2363.0 1835.0 2402.0 1875.0
storage-tank 2440.0 1852.0 2549.0 1956.0
storage-tank 2621.0 1948.0 2672.0 2003.0
storage-tank 2672.0 1984.0 2736.0 2048.0
storage-tank 2711.0 1926.0 2774.0 1988.0
storage-tank 2648.0 1888.0 2716.0 1948.0
storage-tank 2455.0 1700.0 2567.0 1805.0
storage-tank 2605.0 1682.0 2723.0 1795.0
storage-tank 2811.0 3099.0 2843.0 3134.0
storage-tank 2899.0 3317.0 2934.0 3353.0
storage-tank 3242.0 1182.0 3291.0 1226.0
storage-tank 4125.0 1160.0 4140.0 1176.0
storage-tank 4141.0 1168.0 4157.0 1183.0
storage-tank 4157.0 1175.0 4174.0 1189.0
storage-tank 3659.0 2357.0 3705.0 2397.0
storage-tank 3705.0 2345.0 3751.0 2383.0
storage-tank 3752.0 2330.0 3801.0 2372.0
storage-tank 3799.0 2314.0 3844.0 2355.0
storage-tank 3649.0 2422.0 3696.0 2459.0
storage-tank 3694.0 2408.0 3740.0 2445.0
storage-tank 2197.0 2204.0 2274.0 2283.0
storage-tank 2473.0 2295.0 2534.0 2358.0
storage-tank 3791.0 2375.0 3857.0 2437.0
storage-tank 2377.0 2229.0 2435.0 2293.0
storage-tank 2088.0 2702.0 2129.0 2750.0
storage-tank 2125.0 2734.0 2169.0 2778.0
storage-tank 2176.0 2761.0 2229.0 2811.0
storage-tank 2210.0 2709.0 2259.0 2759.0
storage-tank 2161.0 2684.0 2204.0 2726.0
storage-tank 2120.0 2653.0 2163.0 2699.0
storage-tank 2077.0 2634.0 2117.0 2672.0
storage-tank 2027.0 2595.0 2075.0 2639.0
storage-tank 1978.0 2562.0 2030.0 2606.0
storage-tank 2009.0 2524.0 2054.0 2564.0
storage-tank 2052.0 2554.0 2100.0 2598.0
storage-tank 2112.0 2583.0 2148.0 2620.0
storage-tank 2153.0 2604.0 2198.0 2651.0
storage-tank 2194.0 2636.0 2236.0 2678.0
storage-tank 2244.0 2662.0 2295.0 2713.0
storage-tank 2276.0 2611.0 2330.0 2666.0
storage-tank 2227.0 2586.0 2271.0 2630.0
storage-tank 2186.0 2555.0 2230.0 2602.0
storage-tank 2146.0 2535.0 2182.0 2572.0
storage-tank 2082.0 2516.0 2129.0 2558.0
storage-tank 2035.0 2480.0 2083.0 2526.0
storage-tank 1893.0 2464.0 1942.0 2515.0
storage-tank 1936.0 2393.0 1991.0 2447.0
storage-tank 2271.0 2385.0 2334.0 2449.0
storage-tank 2321.0 2309.0 2385.0 2373.0
storage-tank 3739.0 2394.0 3787.0 2434.0
storage-tank 3648.0 2483.0 3717.0 2544.0
large-vehicle 944.0 1709.0 965.0 1727.0
large-vehicle 331.0 1561.0 352.0 1586.0
large-vehicle 503.0 2733.0 525.0 2750.0
ship 467.0 3326.0 745.0 3366.0
ship 345.0 3271.0 776.0 3312.0
ship 536.0 2907.0 556.0 2928.0
ship 330.0 2792.0 353.0 2810.0
large-vehicle 347.0 2777.0 367.0 2793.0 difficult
large-vehicle 347.0 2804.0 365.0 2820.0 difficult
ship 85.0 3349.0 320.0 3387.0
ship 85.0 3383.0 270.0 3421.0
ship 345.0 3302.0 725.0 3344.0
large-vehicle 655.0 3021.0 672.0 3041.0
large-vehicle 632.0 3007.0 648.0 3026.0
large-vehicle 434.0 2880.0 452.0 2900.0 difficult
large-vehicle 563.0 2964.0 582.0 2981.0 difficult
large-vehicle 448.0 2890.0 464.0 2910.0 difficult
large-vehicle 812.0 3094.0 823.0 3111.0
large-vehicle 1204.0 3298.0 1228.0 3321.0 difficult
large-vehicle 821.0 3147.0 840.0 3169.0 difficult
large-vehicle 839.0 3103.0 849.0 3119.0 difficult
large-vehicle 372.0 2761.0 394.0 2791.0 difficult
large-vehicle 410.0 2732.0 426.0 2752.0 difficult
large-vehicle 417.0 2720.0 433.0 2736.0 difficult
large-vehicle 363.0 2627.0 383.0 2644.0 difficult
large-vehicle 962.0 1903.0 1002.0 1914.0
large-vehicle 1030.0 1927.0 1063.0 1939.0
large-vehicle 454.0 2694.0 483.0 2718.0
large-vehicle 398.0 1500.0 422.0 1525.0 difficult
storage-tank 3714.0 2453.0 3760.0 2492.0
large-vehicle 470.0 1572.0 493.0 1600.0 difficult
storage-tank 3767.0 2442.0 3830.0 2502.0
storage-tank 3722.0 2506.0 3790.0 2565.0
storage-tank 3987.0 2383.0 4050.0 2448.0
storage-tank 4050.0 2431.0 4116.0 2495.0
storage-tank 4118.0 2479.0 4185.0 2542.0
storage-tank 3851.0 2593.0 3945.0 2679.0
storage-tank 3946.0 2662.0 4034.0 2740.0
storage-tank 4508.0 3144.0 4547.0 3187.0
storage-tank 4476.0 3135.0 4500.0 3164.0
storage-tank 4461.0 3107.0 4481.0 3131.0
storage-tank 4475.0 3092.0 4494.0 3109.0
storage-tank 4537.0 3107.0 4570.0 3143.0
storage-tank 4508.0 3087.0 4546.0 3120.0
storage-tank 4485.0 3064.0 4517.0 3092.0
storage-tank 4511.0 3018.0 4543.0 3051.0
storage-tank 4550.0 3038.0 4571.0 3059.0
storage-tank 4561.0 3063.0 4595.0 3095.0
harbor 135.0 163.0 167.0 233.0
large-vehicle 181.0 472.0 203.0 497.0 difficult
large-vehicle 557.0 596.0 605.0 615.0
large-vehicle 401.0 1572.0 430.0 1604.0 difficult
large-vehicle 270.0 1568.0 296.0 1608.0
large-vehicle 416.0 1544.0 442.0 1571.0
large-vehicle 465.0 1548.0 488.0 1572.0 difficult
large-vehicle 436.0 1531.0 461.0 1552.0 difficult
harbor 182.0 130.0 235.0 224.0
