bridge 1533.0 1477.0 1550.0 1502.0
bridge 2287.0 642.0 2311.0 664.0
soccer-ball-field 234.0 1220.0 268.0 1266.0 difficult
ground-track-field 401.0 2335.0 423.0 2379.0
soccer-ball-field 406.0 2350.0 418.0 2372.0 difficult
bridge 1247.0 1041.0 1278.0 1059.0
bridge 1063.0 526.0 1121.0 551.0
bridge 1536.0 1819.0 1580.0 1847.0
bridge 1774.0 1796.0 1797.0 1827.0
ground-track-field 1485.0 1306.0 1553.0 1392.0
soccer-ball-field 1498.0 1323.0 1543.0 1378.0 difficult
bridge 2283.0 637.0 2306.0 657.0
ground-track-field 2125.0 994.0 2181.0 1050.0
bridge 1525.0 1473.0 1543.0 1498.0
soccer-ball-field 2139.0 1007.0 2169.0 1037.0 difficult
bridge 2662.0 1820.0 2692.0 1838.0
bridge 2474.0 1862.0 2508.0 1908.0
ground-track-field 2577.0 221.0 2626.0 273.0
soccer-ball-field 2591.0 236.0 2613.0 259.0 difficult
bridge 3306.0 1459.0 3328.0 1493.0
bridge 3419.0 1421.0 3427.0 1466.0
bridge 3899.0 1385.0 3936.0 1432.0
ground-track-field 1553.0 1050.0 1606.0 1111.0
bridge 1406.0 1321.0 1431.0 1350.0
ground-track-field 228.0 1203.0 273.0 1280.0
