harbor 1300.0 503.0 2024.0 1310.0
harbor 1433.0 429.0 1756.0 825.0
ship 1347.0 98.0 1369.0 117.0
ship 1491.0 1742.0 1521.0 1801.0
ship 1549.0 1709.0 1578.0 1776.0
ship 1568.0 1705.0 1592.0 1772.0
ship 1561.0 1779.0 1591.0 1844.0
ship 1579.0 1780.0 1612.0 1854.0
ship 1676.0 1526.0 1736.0 1561.0
ship 1658.0 1552.0 1719.0 1589.0
ship 1668.0 1537.0 1731.0 1577.0
ship 1643.0 1614.0 1702.0 1655.0
ship 1637.0 1628.0 1696.0 1669.0
ship 1627.0 1641.0 1688.0 1687.0
ship 1726.0 1579.0 1798.0 1624.0
ship 1735.0 1566.0 1794.0 1601.0
ship 1702.0 1648.0 1766.0 1695.0
ship 1695.0 1662.0 1756.0 1708.0
ship 1693.0 1685.0 1743.0 1721.0
ship 1339.0 107.0 1365.0 136.0
ship 1329.0 114.0 1358.0 147.0
ship 1314.0 117.0 1342.0 152.0
ship 1198.0 183.0 1219.0 218.0
ship 1120.0 209.0 1134.0 245.0
ship 1135.0 232.0 1152.0 264.0
ship 1135.0 207.0 1159.0 241.0
ship 1151.0 199.0 1162.0 225.0
ship 1164.0 198.0 1183.0 234.0
ship 1178.0 200.0 1197.0 234.0
ship 1181.0 176.0 1206.0 215.0
ship 1212.0 179.0 1230.0 210.0
ship 1301.0 126.0 1328.0 157.0
ship 1217.0 161.0 1237.0 187.0
ship 1233.0 167.0 1257.0 202.0
ship 1243.0 160.0 1271.0 197.0
ship 1254.0 153.0 1282.0 190.0
ship 1263.0 137.0 1292.0 177.0
ship 1281.0 141.0 1304.0 171.0
ship 1289.0 134.0 1314.0 163.0
ship 1686.0 1701.0 1741.0 1736.0
ship 1510.0 1812.0 1539.0 1877.0
ship 1492.0 1821.0 1521.0 1891.0
ship 1781.0 1964.0 1795.0 2000.0
ship 1691.0 2036.0 1713.0 2112.0
ship 1707.0 2028.0 1734.0 2119.0
ship 1730.0 2027.0 1751.0 2110.0
ship 1751.0 2016.0 1773.0 2089.0
ship 1772.0 2009.0 1789.0 2084.0
ship 1753.0 1967.0 1771.0 2005.0
ship 1768.0 1962.0 1783.0 1998.0
ship 1794.0 1966.0 1809.0 1996.0
ship 1667.0 2082.0 1696.0 2139.0
ship 1803.0 1961.0 1825.0 1992.0
ship 1790.0 2020.0 1805.0 2041.0
ship 1801.0 2005.0 1816.0 2036.0
ship 1813.0 2011.0 1836.0 2046.0
ship 1828.0 2010.0 1848.0 2041.0
ship 1345.0 1184.0 1414.0 1225.0
ship 1353.0 1169.0 1417.0 1204.0
ship 1581.0 2109.0 1611.0 2164.0
ship 1653.0 2009.0 1680.0 2060.0
ship 1476.0 1826.0 1502.0 1886.0
ship 1601.0 1938.0 1631.0 1999.0
ship 1524.0 1888.0 1558.0 1955.0
ship 1511.0 1899.0 1542.0 1961.0
ship 1582.0 1860.0 1613.0 1924.0
ship 1601.0 1859.0 1628.0 1917.0
ship 1617.0 1860.0 1644.0 1912.0
ship 1548.0 1966.0 1577.0 2029.0
ship 1531.0 1973.0 1560.0 2042.0
ship 1618.0 1940.0 1646.0 1994.0
ship 1635.0 1999.0 1664.0 2065.0
ship 1632.0 1933.0 1662.0 1989.0
ship 1646.0 1927.0 1678.0 1988.0
ship 1664.0 1925.0 1689.0 1977.0
ship 1681.0 1930.0 1706.0 1982.0
ship 1552.0 2046.0 1579.0 2108.0
ship 1568.0 2041.0 1594.0 2101.0
ship 1617.0 2004.0 1650.0 2072.0
ship 1108.0 223.0 1127.0 258.0
ship 1086.0 252.0 1111.0 286.0
ship 1074.0 254.0 1099.0 296.0
ship 1268.0 1804.0 1299.0 1865.0
ship 969.0 1901.0 987.0 1937.0
ship 956.0 1903.0 972.0 1931.0
ship 951.0 1914.0 962.0 1941.0
ship 725.0 2342.0 751.0 2375.0
ship 1071.0 2165.0 1116.0 2210.0
ship 1116.0 2213.0 1172.0 2267.0
ship 1218.0 1839.0 1258.0 1911.0
ship 1286.0 1805.0 1313.0 1857.0
ship 963.0 1814.0 987.0 1837.0
ship 1300.0 1801.0 1326.0 1856.0
ship 1315.0 1798.0 1339.0 1851.0
ship 1329.0 1795.0 1357.0 1851.0
ship 1346.0 1787.0 1374.0 1850.0
ship 1295.0 1886.0 1339.0 1955.0
ship 1246.0 1915.0 1284.0 1986.0
ship 1227.0 1922.0 1271.0 2001.0
ship 970.0 1820.0 994.0 1850.0
ship 740.0 2494.0 808.0 2571.0
ship 1321.0 1960.0 1359.0 2026.0
ship 893.0 1973.0 957.0 2041.0
ship 446.0 2411.0 518.0 2490.0
ship 486.0 2264.0 507.0 2289.0
ship 982.0 1184.0 1008.0 1256.0
ship 1001.0 1179.0 1022.0 1246.0
ship 925.0 1782.0 987.0 1834.0
ship 948.0 1804.0 982.0 1835.0
ship 882.0 1863.0 919.0 1951.0
ship 904.0 1871.0 934.0 1939.0
ship 639.0 2376.0 715.0 2461.0
ship 914.0 1881.0 951.0 1961.0
ship 949.0 2033.0 1013.0 2098.0
ship 966.0 2024.0 1026.0 2084.0
ship 1007.0 2095.0 1061.0 2151.0
ship 969.0 2136.0 1044.0 2214.0
ship 684.0 2332.0 801.0 2459.0
ship 731.0 2272.0 791.0 2331.0
ship 1271.0 1990.0 1308.0 2057.0
harbor 1257.0 1739.0 1381.0 1802.0
ship 1061.0 256.0 1081.0 293.0
ship 1056.0 441.0 1071.0 496.0
ship 1048.0 597.0 1067.0 669.0
ship 1066.0 599.0 1084.0 671.0
ship 1085.0 600.0 1105.0 671.0
ship 1106.0 614.0 1122.0 667.0
ship 1025.0 502.0 1047.0 574.0
ship 1023.0 435.0 1040.0 493.0
ship 1040.0 439.0 1055.0 495.0
ship 1071.0 442.0 1086.0 496.0
ship 1047.0 681.0 1070.0 749.0
ship 1020.0 369.0 1038.0 429.0
ship 1038.0 375.0 1052.0 428.0
ship 1017.0 298.0 1034.0 360.0
ship 1033.0 299.0 1051.0 356.0
ship 1049.0 301.0 1067.0 356.0
ship 1050.0 214.0 1109.0 253.0
ship 1048.0 262.0 1070.0 299.0
ship 1030.0 588.0 1051.0 668.0
ship 1032.0 688.0 1050.0 746.0
ship 1347.0 2029.0 1386.0 2096.0
ship 1141.0 1147.0 1173.0 1218.0
ship 1374.0 2098.0 1405.0 2150.0
ship 1278.0 2063.0 1315.0 2125.0
ship 1292.0 2053.0 1330.0 2116.0
ship 1321.0 2110.0 1346.0 2150.0
ship 1263.0 2263.0 1293.0 2291.0
ship 1253.0 2272.0 1286.0 2299.0
harbor 910.0 1761.0 996.0 1827.0
ship 1124.0 1076.0 1155.0 1140.0
ship 1035.0 758.0 1056.0 820.0
ship 1142.0 1067.0 1176.0 1143.0
ship 1328.0 1111.0 1350.0 1175.0
ship 1120.0 990.0 1150.0 1051.0
ship 1102.0 995.0 1134.0 1059.0
ship 1067.0 892.0 1108.0 959.0
ship 1082.0 881.0 1126.0 952.0
ship 1036.0 823.0 1077.0 883.0
ship 1418.0 1188.0 1487.0 1227.0
ship 1490.0 1206.0 1556.0 1243.0
ship 1364.0 1106.0 1431.0 1135.0
ship 1889.0 609.0 1941.0 661.0
ship 1987.0 685.0 2032.0 733.0
ship 1993.0 700.0 2039.0 746.0
ship 2009.0 717.0 2041.0 750.0
ship 1897.0 672.0 1940.0 722.0
ship 1891.0 660.0 1930.0 710.0
ship 1876.0 647.0 1917.0 703.0
ship 1862.0 641.0 1901.0 693.0
ship 1840.0 565.0 1891.0 616.0
ship 1940.0 732.0 1992.0 786.0
ship 1833.0 579.0 1880.0 628.0
ship 1831.0 595.0 1864.0 636.0
ship 1823.0 615.0 1857.0 654.0
ship 2096.0 1519.0 2149.0 1538.0
harbor 2004.0 1299.0 2370.0 1351.0
ship 2338.0 1483.0 2400.0 1511.0
ship 2310.0 1418.0 2347.0 1435.0
ship 1974.0 673.0 2022.0 725.0
ship 1931.0 725.0 1976.0 774.0
ship 2254.0 952.0 2307.0 1032.0
ship 1856.0 2010.0 1871.0 2044.0
ship 1881.0 1836.0 1929.0 1866.0
ship 1954.0 1811.0 2033.0 1848.0
ship 1951.0 1829.0 2021.0 1861.0
ship 1954.0 1850.0 2021.0 1878.0
ship 1958.0 1869.0 2021.0 1896.0
ship 1969.0 1892.0 2004.0 1904.0
ship 1842.0 2007.0 1861.0 2041.0
ship 1869.0 2015.0 1881.0 2041.0
ship 1893.0 769.0 1939.0 824.0
ship 1824.0 701.0 1871.0 758.0
ship 1837.0 714.0 1882.0 766.0
ship 1847.0 723.0 1896.0 778.0
ship 1842.0 817.0 1902.0 884.0
ship 1861.0 835.0 1905.0 887.0
ship 1876.0 843.0 1917.0 893.0
ship 1889.0 849.0 1932.0 902.0
ship 2310.0 1446.0 2345.0 1461.0
ship 2341.0 1020.0 2375.0 1056.0
ship 1883.0 1797.0 1948.0 1839.0
ship 176.0 2550.0 197.0 2598.0
ship 1383.0 652.0 1420.0 686.0
ship 1395.0 661.0 1430.0 695.0
ship 1404.0 668.0 1444.0 705.0
ship 1415.0 683.0 1451.0 714.0
ship 1421.0 698.0 1456.0 728.0
ship 1426.0 709.0 1463.0 741.0
ship 1436.0 722.0 1468.0 756.0
ship 2018.0 1281.0 2082.0 1299.0
ship 1372.0 629.0 1405.0 657.0
harbor 1842.0 1449.0 2086.0 1571.0
harbor 1634.0 1559.0 1931.0 1746.0
harbor 1504.0 1713.0 1635.0 2088.0
harbor 1237.0 1826.0 1395.0 2179.0
harbor 741.0 2245.0 907.0 2407.0
harbor 635.0 2327.0 858.0 2583.0
harbor 397.0 2406.0 597.0 2598.0
ship 1377.0 641.0 1412.0 673.0
ship 1459.0 589.0 1496.0 620.0
ship 2387.0 1025.0 2415.0 1065.0
ship 1384.0 473.0 1417.0 509.0
ship 2311.0 1431.0 2346.0 1448.0
ship 2308.0 1460.0 2344.0 1473.0
ship 2307.0 1472.0 2342.0 1490.0
ship 2451.0 1276.0 2487.0 1302.0
ship 2415.0 1247.0 2448.0 1284.0
ship 2361.0 1238.0 2389.0 1252.0
ship 1375.0 462.0 1407.0 496.0
ship 1398.0 484.0 1426.0 519.0
ship 1459.0 575.0 1495.0 604.0
ship 1409.0 489.0 1441.0 525.0
ship 1426.0 499.0 1452.0 530.0
ship 1431.0 508.0 1465.0 546.0
ship 1437.0 523.0 1471.0 555.0
ship 1445.0 535.0 1479.0 566.0
ship 1453.0 546.0 1486.0 576.0
ship 1461.0 556.0 1498.0 587.0
ship 1883.0 1816.0 1939.0 1854.0
ship 1880.0 1777.0 1954.0 1821.0
ship 1367.0 1086.0 1435.0 1120.0
ship 1801.0 776.0 1850.0 833.0
ship 1766.0 944.0 1815.0 1000.0
ship 1780.0 956.0 1828.0 1012.0
ship 1795.0 880.0 1846.0 941.0
ship 1755.0 829.0 1805.0 886.0
ship 1743.0 819.0 1790.0 871.0
ship 1732.0 807.0 1781.0 859.0
ship 1728.0 796.0 1769.0 839.0
ship 1784.0 765.0 1838.0 824.0
ship 1662.0 848.0 1712.0 891.0
ship 1776.0 760.0 1820.0 809.0
ship 1581.0 706.0 1601.0 768.0
ship 1490.0 759.0 1537.0 817.0
ship 1432.0 794.0 1490.0 848.0
ship 1538.0 695.0 1582.0 760.0
ship 1575.0 644.0 1625.0 698.0
ship 1489.0 633.0 1545.0 701.0
ship 1751.0 939.0 1797.0 993.0
ship 1672.0 862.0 1721.0 903.0
ship 1636.0 589.0 1679.0 645.0
ship 1676.0 1064.0 1726.0 1128.0
ship 1466.0 1130.0 1531.0 1151.0
ship 1451.0 1114.0 1513.0 1137.0
ship 1592.0 1129.0 1650.0 1199.0
ship 1607.0 1143.0 1660.0 1209.0
ship 1556.0 1070.0 1608.0 1131.0
ship 1656.0 1048.0 1718.0 1121.0
ship 1538.0 1061.0 1592.0 1122.0
ship 1606.0 1007.0 1657.0 1065.0
ship 1678.0 872.0 1731.0 921.0
ship 1579.0 991.0 1625.0 1045.0
ship 1593.0 1000.0 1638.0 1052.0
ship 1707.0 989.0 1762.0 1050.0
ship 1725.0 1002.0 1773.0 1055.0
ship 1646.0 956.0 1697.0 1016.0
ship 1701.0 896.0 1752.0 951.0
ship 1690.0 886.0 1738.0 935.0
ship 1617.0 574.0 1671.0 641.0
ship 1651.0 596.0 1692.0 650.0
ship 2035.0 1504.0 2071.0 1531.0
ship 1888.0 1631.0 1947.0 1673.0
ship 1767.0 582.0 1820.0 627.0
ship 1767.0 1683.0 1827.0 1729.0
ship 1825.0 1716.0 1888.0 1762.0
ship 1814.0 1729.0 1878.0 1778.0
ship 1796.0 1609.0 1866.0 1653.0
ship 1815.0 1598.0 1871.0 1636.0
ship 1877.0 1646.0 1935.0 1684.0
ship 1943.0 1677.0 2004.0 1716.0
ship 1776.0 549.0 1821.0 588.0
ship 1951.0 1663.0 2011.0 1701.0
ship 1866.0 1438.0 1936.0 1480.0
ship 1851.0 1490.0 1930.0 1536.0
ship 1949.0 1470.0 2029.0 1513.0
ship 1955.0 1451.0 2035.0 1493.0
ship 1943.0 1525.0 2008.0 1566.0
ship 2021.0 1555.0 2076.0 1591.0
ship 1775.0 568.0 1828.0 610.0
ship 1778.0 531.0 1827.0 576.0
ship 1663.0 606.0 1707.0 660.0
ship 1735.0 545.0 1776.0 592.0
ship 1678.0 617.0 1721.0 666.0
ship 1686.0 627.0 1736.0 678.0
ship 1698.0 641.0 1750.0 691.0
ship 1674.0 478.0 1736.0 557.0
ship 1694.0 497.0 1746.0 559.0
ship 1704.0 510.0 1762.0 576.0
ship 1719.0 535.0 1764.0 588.0
ship 1476.0 627.0 1528.0 685.0
ship 1785.0 516.0 1837.0 566.0
ship 1464.0 611.0 1522.0 673.0
ship 1469.0 614.0 1501.0 644.0
ship 1467.0 605.0 1495.0 630.0
ship 1780.0 664.0 1824.0 717.0
ship 1793.0 675.0 1836.0 724.0
ship 1802.0 687.0 1844.0 736.0
ship 1816.0 694.0 1856.0 741.0
ship 35.0 2505.0 54.0 2596.0
