harbor 1576.0 706.0 2407.0 943.0
storage-tank 717.0 1258.0 745.0 1282.0
ship 1762.0 821.0 1795.0 889.0
storage-tank 1447.0 603.0 1464.0 621.0
storage-tank 1405.0 601.0 1430.0 625.0
storage-tank 1354.0 1788.0 1387.0 1826.0
large-vehicle 877.0 195.0 890.0 217.0
large-vehicle 895.0 136.0 906.0 158.0
large-vehicle 884.0 111.0 895.0 133.0
large-vehicle 569.0 1140.0 592.0 1155.0
large-vehicle 555.0 1389.0 579.0 1403.0
large-vehicle 542.0 1152.0 565.0 1163.0
storage-tank 1071.0 567.0 1107.0 604.0
storage-tank 716.0 1288.0 743.0 1314.0
storage-tank 716.0 1229.0 743.0 1256.0
large-vehicle 941.0 2323.0 972.0 2336.0
large-vehicle 600.0 2436.0 627.0 2456.0
large-vehicle 716.0 2384.0 746.0 2405.0
large-vehicle 786.0 2327.0 815.0 2348.0
storage-tank 1031.0 567.0 1068.0 605.0
storage-tank 992.0 568.0 1029.0 605.0
storage-tank 939.0 567.0 983.0 613.0
storage-tank 939.0 625.0 982.0 671.0
storage-tank 891.0 625.0 936.0 671.0
storage-tank 890.0 568.0 935.0 613.0
storage-tank 758.0 1431.0 788.0 1465.0
storage-tank 724.0 1431.0 755.0 1466.0
storage-tank 1426.0 1755.0 1432.0 1764.0 difficult
storage-tank 1435.0 1755.0 1443.0 1763.0 difficult
storage-tank 1445.0 1756.0 1453.0 1763.0 difficult
bridge 1490.0 1501.0 1618.0 1514.0
storage-tank 1306.0 645.0 1331.0 670.0
storage-tank 1306.0 618.0 1330.0 641.0
ship 2431.0 1713.0 2794.0 2222.0
ship 2117.0 292.0 2163.0 355.0
ship 2051.0 444.0 2111.0 503.0
ship 1996.0 495.0 2069.0 558.0
ship 2089.0 852.0 2183.0 870.0
ship 2078.0 868.0 2186.0 890.0
ship 2091.0 888.0 2176.0 904.0
ship 1986.0 854.0 2045.0 866.0
ship 1963.0 866.0 2067.0 886.0
ship 1969.0 886.0 2073.0 904.0
ship 1841.0 872.0 1946.0 890.0
ship 1842.0 890.0 1945.0 910.0
storage-tank 689.0 1430.0 722.0 1466.0
