storage-tank 3068.0 1502.0 3081.0 1516.0 difficult
storage-tank 1266.0 1683.0 1289.0 1705.0
storage-tank 1199.0 1335.0 1213.0 1350.0
storage-tank 1181.0 1347.0 1197.0 1362.0
storage-tank 1102.0 1315.0 1129.0 1342.0
storage-tank 1116.0 1356.0 1130.0 1371.0
storage-tank 1133.0 1347.0 1148.0 1362.0
storage-tank 1126.0 1379.0 1138.0 1391.0 difficult
storage-tank 1144.0 1370.0 1157.0 1383.0 difficult
storage-tank 996.0 1408.0 1007.0 1419.0 difficult
storage-tank 936.0 1354.0 946.0 1363.0 difficult
storage-tank 947.0 1349.0 956.0 1359.0 difficult
storage-tank 1382.0 1631.0 1405.0 1653.0
storage-tank 1395.0 1669.0 1411.0 1685.0
storage-tank 1421.0 1682.0 1436.0 1698.0
storage-tank 1306.0 1664.0 1330.0 1686.0
storage-tank 1217.0 1711.0 1231.0 1725.0 difficult
storage-tank 3050.0 1496.0 3064.0 1510.0 difficult
storage-tank 1202.0 1717.0 1217.0 1731.0
storage-tank 1182.0 1721.0 1196.0 1736.0
storage-tank 1188.0 1736.0 1203.0 1751.0
storage-tank 1298.0 1743.0 1321.0 1768.0
storage-tank 1327.0 1735.0 1350.0 1761.0
storage-tank 1138.0 1745.0 1163.0 1768.0
storage-tank 1157.0 1786.0 1182.0 1808.0
storage-tank 1286.0 1810.0 1299.0 1822.0 difficult
storage-tank 1289.0 1829.0 1301.0 1841.0 difficult
storage-tank 1291.0 1848.0 1303.0 1860.0 difficult
storage-tank 1088.0 1776.0 1116.0 1805.0
storage-tank 1113.0 1825.0 1142.0 1854.0
storage-tank 1038.0 1802.0 1067.0 1829.0
storage-tank 988.0 1826.0 1017.0 1853.0
storage-tank 1164.0 1297.0 1193.0 1323.0
storage-tank 1242.0 1304.0 1266.0 1331.0
storage-tank 1226.0 1275.0 1250.0 1299.0
storage-tank 1209.0 1242.0 1233.0 1266.0
bridge 489.0 2250.0 559.0 2294.0
ground-track-field 1545.0 428.0 1616.0 478.0 difficult
baseball-diamond 942.0 672.0 1006.0 736.0
baseball-diamond 931.0 753.0 981.0 806.0
storage-tank 726.0 1287.0 775.0 1337.0
storage-tank 810.0 1246.0 859.0 1292.0
storage-tank 893.0 1203.0 942.0 1251.0
storage-tank 678.0 1187.0 728.0 1238.0
storage-tank 767.0 1154.0 815.0 1202.0
storage-tank 849.0 1114.0 896.0 1159.0
storage-tank 534.0 1032.0 549.0 1048.0
storage-tank 544.0 1049.0 560.0 1064.0
storage-tank 621.0 1088.0 641.0 1111.0
storage-tank 627.0 1111.0 648.0 1131.0
storage-tank 582.0 1063.0 591.0 1073.0 difficult
storage-tank 637.0 1013.0 684.0 1061.0
storage-tank 658.0 1071.0 693.0 1106.0
storage-tank 777.0 997.0 825.0 1043.0
storage-tank 736.0 915.0 785.0 961.0
storage-tank 927.0 1337.0 939.0 1350.0 difficult
storage-tank 940.0 1332.0 951.0 1345.0 difficult
storage-tank 951.0 1326.0 964.0 1340.0 difficult
storage-tank 951.0 1390.0 963.0 1404.0 difficult
storage-tank 964.0 1384.0 976.0 1398.0 difficult
storage-tank 1302.0 1014.0 1315.0 1028.0 difficult
storage-tank 1053.0 1302.0 1061.0 1310.0 difficult
storage-tank 1058.0 1311.0 1066.0 1319.0 difficult
storage-tank 1082.0 1272.0 1111.0 1300.0
storage-tank 1146.0 1256.0 1174.0 1284.0
storage-tank 1061.0 1851.0 1091.0 1881.0
storage-tank 1012.0 1876.0 1041.0 1904.0
storage-tank 1125.0 1893.0 1155.0 1921.0
storage-tank 1888.0 1677.0 1936.0 1725.0
storage-tank 2004.0 1776.0 2036.0 1810.0
storage-tank 2058.0 1822.0 2093.0 1856.0
storage-tank 2101.0 1846.0 2134.0 1880.0
storage-tank 2467.0 1582.0 2484.0 1600.0
storage-tank 2493.0 1578.0 2510.0 1595.0
storage-tank 2508.0 1533.0 2525.0 1549.0
storage-tank 2533.0 1521.0 2551.0 1537.0
storage-tank 2567.0 1506.0 2582.0 1521.0
storage-tank 2592.0 1493.0 2607.0 1510.0
storage-tank 2535.0 1565.0 2550.0 1583.0
storage-tank 2556.0 1553.0 2573.0 1571.0
storage-tank 2591.0 1539.0 2607.0 1556.0
storage-tank 2614.0 1528.0 2632.0 1545.0
storage-tank 2650.0 1511.0 2667.0 1530.0
storage-tank 2675.0 1498.0 2693.0 1516.0
storage-tank 2266.0 1139.0 2315.0 1189.0
storage-tank 2402.0 1118.0 2461.0 1176.0
storage-tank 2560.0 1060.0 2624.0 1124.0
storage-tank 3005.0 1438.0 3017.0 1453.0
storage-tank 3022.0 1445.0 3035.0 1459.0 difficult
storage-tank 3038.0 1451.0 3052.0 1465.0 difficult
storage-tank 3015.0 1461.0 3028.0 1476.0
storage-tank 3008.0 1478.0 3022.0 1492.0 difficult
storage-tank 3033.0 1467.0 3045.0 1481.0 difficult
storage-tank 3025.0 1485.0 3038.0 1499.0 difficult
storage-tank 3064.0 1460.0 3077.0 1474.0 difficult
storage-tank 3082.0 1468.0 3094.0 1481.0 difficult
storage-tank 3056.0 1477.0 3070.0 1492.0
storage-tank 3075.0 1485.0 3087.0 1499.0 difficult
storage-tank 1979.0 1735.0 2011.0 1768.0
storage-tank 2214.0 1612.0 2232.0 1631.0
storage-tank 1046.0 1941.0 1074.0 1968.0
storage-tank 2186.0 1614.0 2204.0 1631.0
storage-tank 1101.0 1941.0 1130.0 1969.0
storage-tank 1070.0 1991.0 1099.0 2019.0
storage-tank 1191.0 1959.0 1215.0 1984.0
storage-tank 1202.0 1944.0 1216.0 1957.0 difficult
storage-tank 1171.0 1989.0 1195.0 2013.0
storage-tank 1197.0 1989.0 1221.0 2013.0
storage-tank 1115.0 2070.0 1136.0 2093.0
storage-tank 1104.0 2093.0 1128.0 2116.0
storage-tank 1128.0 2106.0 1151.0 2128.0
storage-tank 1420.0 1610.0 1445.0 1635.0
storage-tank 1440.0 1651.0 1464.0 1675.0
storage-tank 1509.0 1551.0 1554.0 1594.0
storage-tank 1530.0 1628.0 1576.0 1676.0
storage-tank 1629.0 1585.0 1675.0 1630.0
storage-tank 1625.0 1646.0 1672.0 1691.0
storage-tank 1754.0 1587.0 1800.0 1633.0
storage-tank 1750.0 1649.0 1796.0 1696.0
storage-tank 1371.0 1240.0 1381.0 1252.0 difficult
storage-tank 1382.0 1235.0 1394.0 1248.0 difficult
storage-tank 1818.0 963.0 1864.0 1013.0
storage-tank 1944.0 1031.0 1972.0 1056.0
storage-tank 1851.0 1156.0 1898.0 1201.0
storage-tank 1980.0 1137.0 2030.0 1187.0
storage-tank 2127.0 1151.0 2174.0 1201.0
storage-tank 1895.0 1599.0 1939.0 1645.0
storage-tank 2007.0 1552.0 2053.0 1598.0
storage-tank 2107.0 1557.0 2154.0 1604.0
storage-tank 2186.0 1584.0 2203.0 1602.0
storage-tank 2214.0 1583.0 2231.0 1602.0
bridge 340.0 2195.0 379.0 2247.0
