ship 2284.0 399.0 2309.0 425.0
ship 1226.0 1071.0 1248.0 1107.0
ship 1514.0 900.0 1543.0 914.0
ship 1507.0 889.0 1539.0 909.0
ship 1345.0 999.0 1393.0 1022.0
ship 1170.0 1097.0 1190.0 1131.0
ship 1186.0 1100.0 1208.0 1133.0
ship 1200.0 1094.0 1217.0 1120.0
ship 1216.0 1087.0 1231.0 1112.0
ship 1241.0 1070.0 1260.0 1100.0
ship 1028.0 789.0 1065.0 808.0
ship 1249.0 1070.0 1268.0 1096.0
ship 1255.0 1064.0 1274.0 1094.0
ship 1265.0 1062.0 1283.0 1090.0
ship 1273.0 1058.0 1293.0 1086.0
ship 1282.0 1056.0 1300.0 1083.0
ship 1296.0 1046.0 1312.0 1077.0
ship 1302.0 1034.0 1323.0 1073.0
ship 1508.0 907.0 1544.0 929.0
ship 1513.0 911.0 1547.0 936.0
ship 1517.0 920.0 1550.0 941.0
ship 1522.0 929.0 1552.0 947.0
ship 1681.0 276.0 1701.0 305.0
ship 1671.0 275.0 1693.0 309.0
ship 1665.0 284.0 1686.0 319.0
ship 1652.0 280.0 1672.0 310.0
ship 1635.0 291.0 1657.0 327.0
ship 1628.0 296.0 1649.0 326.0
ship 1620.0 299.0 1644.0 334.0
ship 1612.0 305.0 1634.0 335.0
ship 1604.0 310.0 1626.0 338.0
ship 1600.0 318.0 1622.0 346.0
ship 1590.0 317.0 1621.0 360.0
ship 2277.0 231.0 2331.0 267.0
ship 1532.0 950.0 1566.0 977.0
ship 1526.0 942.0 1563.0 967.0
ship 1519.0 937.0 1554.0 957.0
ship 1032.0 800.0 1061.0 817.0
ship 1026.0 778.0 1054.0 794.0
ship 1696.0 266.0 1720.0 301.0
harbor 1137.0 1010.0 1208.0 1061.0
ship 1292.0 496.0 1357.0 535.0
ship 1338.0 420.0 1397.0 450.0
ship 1482.0 334.0 1554.0 385.0
ship 1396.0 378.0 1460.0 416.0
ship 1159.0 560.0 1222.0 595.0
ship 1343.0 1024.0 1405.0 1058.0
ship 1336.0 1010.0 1403.0 1042.0
ship 1452.0 861.0 1531.0 907.0
ship 1017.0 751.0 1055.0 774.0
ship 1439.0 844.0 1523.0 889.0
ship 1456.0 772.0 1525.0 816.0
ship 1053.0 821.0 1091.0 843.0
ship 1047.0 810.0 1088.0 831.0
ship 1094.0 586.0 1154.0 628.0
ship 993.0 698.0 1043.0 727.0
ship 1001.0 718.0 1055.0 751.0
ship 1227.0 526.0 1284.0 566.0
ship 1241.0 531.0 1296.0 577.0
ship 1252.0 547.0 1302.0 587.0
ship 1853.0 167.0 1916.0 205.0
ship 1015.0 743.0 1055.0 763.0
ship 995.0 693.0 1029.0 714.0
ship 991.0 689.0 1016.0 705.0
ship 992.0 684.0 1013.0 697.0
ship 982.0 672.0 1018.0 692.0
ship 1045.0 617.0 1086.0 644.0
ship 960.0 571.0 996.0 595.0
harbor 400.0 1225.0 527.0 1480.0
harbor 384.0 830.0 532.0 1098.0
ship 2077.0 91.0 2106.0 134.0
ship 2064.0 94.0 2095.0 147.0
ship 2128.0 65.0 2170.0 141.0
ship 2142.0 54.0 2186.0 134.0
ship 2202.0 181.0 2247.0 259.0
ship 1862.0 182.0 1926.0 217.0
ship 1688.0 270.0 1713.0 304.0
ship 1701.0 261.0 1721.0 290.0
ship 2289.0 414.0 2318.0 440.0
ship 1997.0 565.0 2017.0 595.0
ship 2088.0 529.0 2107.0 556.0
ship 2075.0 538.0 2092.0 557.0
ship 2059.0 537.0 2080.0 565.0
ship 2042.0 547.0 2059.0 575.0
ship 2033.0 549.0 2050.0 578.0
ship 2021.0 556.0 2042.0 587.0
ship 2010.0 562.0 2027.0 589.0
ship 1987.0 569.0 2007.0 599.0
ship 1836.0 585.0 1857.0 615.0
ship 1981.0 579.0 1997.0 607.0
ship 1970.0 578.0 1991.0 610.0
ship 1964.0 585.0 1983.0 613.0
ship 1921.0 585.0 1944.0 609.0
ship 1928.0 579.0 1947.0 604.0
ship 1814.0 595.0 1835.0 627.0
ship 1819.0 600.0 1842.0 625.0
ship 2098.0 522.0 2119.0 552.0
ship 2109.0 518.0 2126.0 545.0
ship 2117.0 514.0 2137.0 537.0
ship 2127.0 511.0 2146.0 531.0
ship 2297.0 431.0 2324.0 453.0
ship 2303.0 445.0 2329.0 468.0
ship 2300.0 457.0 2333.0 484.0
ship 2314.0 470.0 2343.0 486.0
ship 2264.0 459.0 2286.0 484.0
ship 2250.0 465.0 2275.0 491.0
ship 2235.0 466.0 2264.0 492.0
ship 2227.0 471.0 2252.0 496.0
ship 2209.0 473.0 2241.0 499.0
ship 2204.0 480.0 2229.0 509.0
ship 2190.0 484.0 2214.0 511.0
ship 2176.0 490.0 2200.0 511.0
ship 2164.0 492.0 2188.0 520.0
ship 2154.0 496.0 2177.0 525.0
ship 2134.0 508.0 2157.0 530.0
ship 1827.0 592.0 1849.0 619.0
ship 1847.0 585.0 1864.0 610.0
ship 1714.0 260.0 1733.0 292.0
ship 1787.0 220.0 1812.0 247.0
ship 2023.0 111.0 2048.0 164.0
ship 2037.0 110.0 2067.0 168.0
ship 1833.0 195.0 1857.0 228.0
ship 1825.0 201.0 1846.0 232.0
ship 1814.0 206.0 1840.0 238.0
ship 1805.0 215.0 1830.0 245.0
ship 1793.0 216.0 1819.0 243.0
ship 1787.0 232.0 1813.0 259.0
ship 1849.0 574.0 1873.0 606.0
ship 1772.0 232.0 1793.0 267.0
ship 1764.0 236.0 1784.0 268.0
ship 1756.0 239.0 1777.0 274.0
ship 1742.0 241.0 1764.0 274.0
ship 1734.0 247.0 1750.0 276.0
ship 1725.0 249.0 1744.0 279.0
ship 1719.0 255.0 1737.0 288.0
ship 1574.0 316.0 1611.0 366.0
ship 2094.0 59.0 2124.0 91.0
ship 2104.0 50.0 2134.0 80.0
ship 2077.0 67.0 2099.0 97.0
ship 1870.0 572.0 1883.0 599.0
ship 1880.0 575.0 1890.0 596.0
ship 1884.0 559.0 1899.0 590.0
ship 1893.0 557.0 1910.0 588.0
ship 1904.0 557.0 1917.0 584.0
ship 1917.0 549.0 1929.0 584.0
ship 1807.0 609.0 1828.0 634.0
ship 2275.0 390.0 2310.0 417.0
ship 2265.0 382.0 2300.0 409.0
ship 2264.0 370.0 2298.0 396.0
ship 2236.0 340.0 2281.0 367.0
ship 2251.0 360.0 2294.0 390.0
ship 2252.0 348.0 2288.0 377.0
ship 2117.0 80.0 2154.0 142.0
ship 2087.0 64.0 2107.0 94.0
ship 978.0 640.0 1037.0 676.0
