plane 2123.0 1858.0 2340.0 2060.0
plane 2114.0 2078.0 2341.0 2266.0
plane 2073.0 2285.0 2349.0 2490.0
plane 2045.0 2569.0 2421.0 2913.0
plane 2082.0 1641.0 2288.0 1831.0
plane 2092.0 1441.0 2261.0 1597.0
plane 2074.0 1221.0 2241.0 1409.0
plane 1958.0 768.0 2194.0 996.0
plane 1016.0 2153.0 1278.0 2408.0
plane 804.0 1460.0 1086.0 1737.0
plane 1017.0 1411.0 1286.0 1678.0
plane 1114.0 1257.0 1377.0 1507.0
plane 1450.0 1866.0 1658.0 2072.0
plane 400.0 2174.0 658.0 2426.0
plane 1096.0 518.0 1336.0 758.0
