large-vehicle 1314.0 1156.0 1406.0 1226.0
large-vehicle 1144.0 836.0 1258.0 996.0
large-vehicle 1374.0 809.0 1451.0 904.0
large-vehicle 1456.0 768.0 1530.0 862.0
large-vehicle 1505.0 734.0 1578.0 822.0
large-vehicle 1538.0 724.0 1604.0 806.0
small-vehicle 1535.0 658.0 1575.0 707.0
large-vehicle 1172.0 822.0 1289.0 977.0
large-vehicle 1096.0 870.0 1164.0 954.0
large-vehicle 1659.0 728.0 1775.0 819.0
large-vehicle 1092.0 982.0 1167.0 1077.0
large-vehicle 897.0 948.0 983.0 1061.0
large-vehicle 951.0 983.0 1037.0 1095.0
large-vehicle 865.0 1330.0 1017.0 1381.0
large-vehicle 922.0 1430.0 1083.0 1484.0
small-vehicle 1653.0 2113.0 1711.0 2159.0
large-vehicle 1299.0 743.0 1377.0 839.0
large-vehicle 1356.0 715.0 1431.0 813.0
large-vehicle 1383.0 702.0 1457.0 796.0
large-vehicle 1433.0 669.0 1509.0 769.0
large-vehicle 1488.0 646.0 1560.0 739.0
large-vehicle 827.0 569.0 943.0 727.0
large-vehicle 598.0 1203.0 642.0 1268.0
small-vehicle 571.0 1206.0 606.0 1254.0
small-vehicle 543.0 1191.0 580.0 1235.0
small-vehicle 476.0 1174.0 521.0 1224.0
small-vehicle 461.0 1147.0 515.0 1199.0
small-vehicle 446.0 1127.0 495.0 1171.0
small-vehicle 415.0 1091.0 465.0 1135.0
large-vehicle 751.0 1077.0 871.0 1115.0
large-vehicle 728.0 1042.0 851.0 1082.0
large-vehicle 755.0 916.0 904.0 988.0
small-vehicle 680.0 789.0 727.0 840.0
large-vehicle 1271.0 1287.0 1359.0 1399.0
large-vehicle 1164.0 1400.0 1284.0 1481.0
large-vehicle 1187.0 1436.0 1285.0 1511.0
large-vehicle 1886.0 1296.0 1956.0 1383.0
small-vehicle 2415.0 1590.0 2455.0 1639.0
small-vehicle 2186.0 1623.0 2236.0 1669.0
small-vehicle 2352.0 1522.0 2407.0 1567.0
small-vehicle 2353.0 1494.0 2406.0 1538.0
small-vehicle 2310.0 1437.0 2367.0 1481.0
small-vehicle 2340.0 1476.0 2390.0 1520.0
small-vehicle 2283.0 1474.0 2340.0 1524.0
small-vehicle 2270.0 1461.0 2320.0 1504.0
small-vehicle 2243.0 1423.0 2295.0 1468.0
small-vehicle 2229.0 1402.0 2282.0 1447.0
small-vehicle 2289.0 1269.0 2323.0 1311.0
small-vehicle 2266.0 1279.0 2310.0 1331.0
small-vehicle 1644.0 1907.0 1695.0 1952.0
small-vehicle 1871.0 2073.0 1920.0 2113.0
large-vehicle 1661.0 1570.0 1740.0 1671.0
large-vehicle 1204.0 1453.0 1320.0 1540.0
large-vehicle 1687.0 1551.0 1752.0 1631.0
large-vehicle 1739.0 1459.0 1817.0 1550.0
large-vehicle 1660.0 1498.0 1744.0 1565.0
large-vehicle 1643.0 1474.0 1726.0 1537.0
large-vehicle 1672.0 1200.0 1746.0 1300.0
large-vehicle 1672.0 1254.0 1737.0 1337.0
large-vehicle 1649.0 1276.0 1729.0 1383.0
large-vehicle 1615.0 1274.0 1687.0 1376.0
large-vehicle 1575.0 1274.0 1653.0 1374.0
large-vehicle 1566.0 1314.0 1642.0 1413.0
large-vehicle 1540.0 1327.0 1606.0 1411.0
large-vehicle 1507.0 1329.0 1591.0 1436.0
large-vehicle 1470.0 1324.0 1588.0 1488.0
large-vehicle 1429.0 1320.0 1548.0 1479.0
small-vehicle 701.0 779.0 743.0 828.0
small-vehicle 845.0 51.0 870.0 93.0
small-vehicle 817.0 65.0 846.0 112.0
large-vehicle 976.0 1917.0 1032.0 2038.0
small-vehicle 723.0 764.0 764.0 817.0
small-vehicle 519.0 1176.0 556.0 1226.0
small-vehicle 180.0 609.0 204.0 651.0
small-vehicle 110.0 656.0 143.0 718.0
soccer-ball-field 2486.0 334.0 3464.0 1440.0
large-vehicle 2215.0 1775.0 2374.0 1884.0
large-vehicle 1694.0 1182.0 1759.0 1261.0
large-vehicle 1610.0 665.0 1761.0 765.0
large-vehicle 1262.0 791.0 1355.0 922.0
large-vehicle 1018.0 914.0 1093.0 1011.0
large-vehicle 995.0 934.0 1058.0 1011.0
large-vehicle 883.0 985.0 993.0 1144.0
large-vehicle 861.0 1007.0 956.0 1142.0
large-vehicle 1265.0 1996.0 1429.0 2045.0
large-vehicle 889.0 1723.0 958.0 1881.0
small-vehicle 191.0 506.0 238.0 552.0
large-vehicle 731.0 1465.0 794.0 1622.0
large-vehicle 667.0 1374.0 723.0 1511.0
large-vehicle 796.0 1207.0 945.0 1242.0
large-vehicle 1360.0 564.0 1447.0 631.0
large-vehicle 1344.0 535.0 1431.0 605.0
large-vehicle 1331.0 512.0 1416.0 578.0
large-vehicle 1315.0 483.0 1399.0 549.0
large-vehicle 784.0 611.0 875.0 736.0
large-vehicle 1045.0 480.0 1121.0 583.0
large-vehicle 1080.0 430.0 1139.0 526.0
large-vehicle 1104.0 421.0 1167.0 508.0
large-vehicle 994.0 624.0 1118.0 722.0
large-vehicle 962.0 460.0 1064.0 609.0
large-vehicle 700.0 814.0 845.0 915.0
small-vehicle 213.0 499.0 261.0 537.0
small-vehicle 174.0 523.0 219.0 564.0
small-vehicle 789.0 82.0 818.0 124.0
small-vehicle 358.0 1463.0 406.0 1505.0
small-vehicle 766.0 103.0 791.0 144.0
small-vehicle 740.0 118.0 766.0 164.0
small-vehicle 715.0 135.0 741.0 181.0
small-vehicle 690.0 149.0 717.0 199.0
small-vehicle 633.0 193.0 659.0 244.0
small-vehicle 605.0 212.0 636.0 264.0
small-vehicle 580.0 235.0 606.0 282.0
small-vehicle 556.0 250.0 579.0 295.0
small-vehicle 532.0 266.0 556.0 312.0
small-vehicle 443.0 185.0 496.0 232.0
small-vehicle 476.0 304.0 502.0 355.0
small-vehicle 500.0 287.0 527.0 334.0
small-vehicle 449.0 333.0 475.0 374.0
small-vehicle 434.0 421.0 485.0 463.0
small-vehicle 351.0 1425.0 402.0 1474.0
small-vehicle 148.0 527.0 200.0 573.0
small-vehicle 162.0 1381.0 204.0 1434.0
small-vehicle 102.0 1235.0 156.0 1280.0
small-vehicle 81.0 1190.0 141.0 1240.0
small-vehicle 68.0 1170.0 125.0 1218.0
large-vehicle 328.0 1255.0 393.0 1311.0
large-vehicle 254.0 1075.0 328.0 1136.0
large-vehicle 258.0 1111.0 352.0 1185.0
large-vehicle 226.0 1044.0 306.0 1111.0
large-vehicle 183.0 977.0 269.0 1044.0
small-vehicle 210.0 722.0 233.0 767.0
small-vehicle 205.0 590.0 226.0 635.0
small-vehicle 154.0 622.0 184.0 674.0
small-vehicle 132.0 641.0 164.0 698.0
small-vehicle 88.0 675.0 120.0 724.0
small-vehicle 2662.0 1072.0 2705.0 1121.0
large-vehicle 1681.0 756.0 1796.0 842.0
small-vehicle 1756.0 50.0 1810.0 87.0
small-vehicle 3461.0 883.0 3511.0 926.0
small-vehicle 3326.0 2027.0 3365.0 2070.0
small-vehicle 3314.0 2057.0 3352.0 2101.0
small-vehicle 3350.0 2129.0 3390.0 2174.0
small-vehicle 3426.0 1646.0 3461.0 1690.0
small-vehicle 3399.0 1655.0 3438.0 1702.0
small-vehicle 3430.0 836.0 3482.0 885.0
small-vehicle 3491.0 918.0 3543.0 966.0
large-vehicle 1697.0 784.0 1812.0 872.0
small-vehicle 2976.0 94.0 3018.0 143.0
small-vehicle 3105.0 19.0 3145.0 67.0
small-vehicle 3164.0 66.0 3210.0 103.0
small-vehicle 3199.0 37.0 3246.0 73.0
small-vehicle 1382.0 313.0 1431.0 367.0
small-vehicle 830.0 152.0 876.0 190.0
small-vehicle 3471.0 1832.0 3523.0 1878.0
small-vehicle 3024.0 1703.0 3066.0 1751.0
small-vehicle 1633.0 1863.0 1685.0 1903.0
small-vehicle 1477.0 2146.0 1512.0 2189.0
small-vehicle 1501.0 2136.0 1543.0 2184.0
small-vehicle 1684.0 1969.0 1730.0 2007.0
small-vehicle 1501.0 1625.0 1571.0 1680.0
large-vehicle 1462.0 1570.0 1536.0 1633.0
large-vehicle 1444.0 1539.0 1524.0 1606.0
large-vehicle 1424.0 1513.0 1492.0 1570.0
large-vehicle 1839.0 1208.0 1891.0 1271.0
large-vehicle 1018.0 1537.0 1093.0 1576.0
large-vehicle 984.0 1499.0 1044.0 1553.0
small-vehicle 1302.0 2135.0 1356.0 2177.0
large-vehicle 1200.0 1806.0 1268.0 1843.0
large-vehicle 1052.0 2046.0 1097.0 2113.0
large-vehicle 1004.0 1972.0 1054.0 2044.0
small-vehicle 871.0 134.0 913.0 166.0
small-vehicle 744.0 202.0 793.0 240.0
small-vehicle 706.0 231.0 748.0 264.0
small-vehicle 1612.0 622.0 1656.0 660.0
small-vehicle 151.0 836.0 203.0 861.0
small-vehicle 105.0 843.0 148.0 865.0
small-vehicle 123.0 495.0 165.0 531.0
small-vehicle 2586.0 215.0 2623.0 261.0
small-vehicle 2355.0 1328.0 2401.0 1365.0
small-vehicle 2368.0 1351.0 2414.0 1387.0
small-vehicle 2384.0 1373.0 2428.0 1409.0
small-vehicle 1711.0 1841.0 1760.0 1879.0
small-vehicle 1724.0 1860.0 1774.0 1902.0
small-vehicle 1741.0 1878.0 1788.0 1917.0
small-vehicle 1756.0 1902.0 1801.0 1938.0
small-vehicle 1773.0 1926.0 1815.0 1960.0
small-vehicle 1785.0 1945.0 1834.0 1981.0
small-vehicle 1674.0 1956.0 1713.0 1988.0
small-vehicle 169.0 756.0 206.0 801.0
small-vehicle 668.0 255.0 708.0 286.0
small-vehicle 142.0 754.0 179.0 796.0
small-vehicle 120.0 749.0 156.0 790.0
small-vehicle 64.0 748.0 103.0 797.0
small-vehicle 35.0 758.0 71.0 804.0
small-vehicle 210.0 808.0 254.0 847.0
small-vehicle 187.0 667.0 232.0 703.0
small-vehicle 210.0 680.0 252.0 713.0
small-vehicle 228.0 582.0 251.0 624.0
small-vehicle 27.0 611.0 74.0 649.0
small-vehicle 48.0 600.0 100.0 641.0
small-vehicle 69.0 589.0 117.0 627.0
small-vehicle 129.0 548.0 178.0 588.0
small-vehicle 380.0 457.0 422.0 504.0
small-vehicle 346.0 404.0 393.0 459.0
large-vehicle 960.0 1919.0 1003.0 1988.0
small-vehicle 983.0 1865.0 1018.0 1912.0
small-vehicle 943.0 1899.0 974.0 1945.0
large-vehicle 1954.0 1228.0 2070.0 1318.0
large-vehicle 1808.0 173.0 1904.0 310.0
large-vehicle 1750.0 206.0 1847.0 342.0
large-vehicle 1725.0 232.0 1823.0 363.0
large-vehicle 1667.0 247.0 1765.0 384.0
large-vehicle 1636.0 265.0 1734.0 398.0
large-vehicle 1607.0 281.0 1703.0 416.0
large-vehicle 1578.0 296.0 1674.0 430.0
large-vehicle 1550.0 315.0 1647.0 447.0
large-vehicle 1521.0 332.0 1620.0 468.0
large-vehicle 1492.0 352.0 1594.0 490.0
large-vehicle 1407.0 400.0 1509.0 537.0
large-vehicle 2206.0 1135.0 2292.0 1253.0
large-vehicle 1996.0 1279.0 2109.0 1366.0
large-vehicle 1974.0 1252.0 2091.0 1340.0
large-vehicle 1936.0 1201.0 2053.0 1290.0
large-vehicle 1981.0 344.0 2113.0 443.0
large-vehicle 1914.0 1173.0 2035.0 1262.0
large-vehicle 1900.0 1149.0 2014.0 1232.0
large-vehicle 1886.0 1125.0 1989.0 1206.0
large-vehicle 1871.0 1094.0 1977.0 1179.0
large-vehicle 1852.0 1068.0 1961.0 1150.0
large-vehicle 1835.0 1037.0 1951.0 1125.0
large-vehicle 1818.0 1012.0 1929.0 1097.0
large-vehicle 1804.0 986.0 1914.0 1071.0
large-vehicle 1786.0 954.0 1905.0 1042.0
large-vehicle 1766.0 930.0 1884.0 1015.0
large-vehicle 1768.0 892.0 1882.0 980.0
large-vehicle 1742.0 870.0 1858.0 960.0
large-vehicle 1721.0 841.0 1840.0 934.0
large-vehicle 1718.0 810.0 1835.0 898.0
large-vehicle 1942.0 254.0 2075.0 354.0
large-vehicle 2003.0 365.0 2131.0 463.0
large-vehicle 894.0 1687.0 937.0 1758.0
large-vehicle 2329.0 921.0 2456.0 1018.0
large-vehicle 804.0 1539.0 849.0 1611.0
small-vehicle 689.0 1897.0 736.0 1937.0
small-vehicle 23.0 729.0 44.0 766.0
small-vehicle 403.0 104.0 451.0 146.0
small-vehicle 753.0 712.0 799.0 746.0
small-vehicle 742.0 692.0 788.0 726.0
small-vehicle 729.0 668.0 774.0 707.0
large-vehicle 880.0 562.0 938.0 629.0
small-vehicle 2387.0 1389.0 2439.0 1434.0
small-vehicle 2205.0 1318.0 2246.0 1365.0
large-vehicle 2411.0 1058.0 2542.0 1155.0
large-vehicle 2381.0 1004.0 2506.0 1098.0
large-vehicle 2357.0 950.0 2475.0 1039.0
large-vehicle 2364.0 979.0 2489.0 1073.0
large-vehicle 2314.0 897.0 2436.0 989.0
large-vehicle 2019.0 396.0 2147.0 492.0
large-vehicle 2284.0 881.0 2411.0 972.0
large-vehicle 2267.0 847.0 2396.0 943.0
large-vehicle 2250.0 821.0 2378.0 919.0
large-vehicle 2232.0 793.0 2364.0 889.0
large-vehicle 2209.0 732.0 2334.0 829.0
large-vehicle 2190.0 706.0 2316.0 801.0
large-vehicle 2170.0 641.0 2301.0 740.0
large-vehicle 2153.0 612.0 2286.0 712.0
large-vehicle 2132.0 584.0 2265.0 686.0
large-vehicle 2119.0 556.0 2253.0 656.0
large-vehicle 2094.0 536.0 2225.0 635.0
large-vehicle 2070.0 476.0 2201.0 577.0
large-vehicle 2054.0 448.0 2184.0 546.0
large-vehicle 2042.0 420.0 2170.0 516.0
large-vehicle 479.0 642.0 590.0 786.0
