plane 1494.0 1661.0 1806.0 1968.0
plane 1619.0 1737.0 1953.0 2106.0
plane 260.0 950.0 580.0 1211.0
plane 232.0 1214.0 556.0 1464.0
plane 357.0 681.0 627.0 948.0
plane 820.0 327.0 1190.0 702.0
plane 1470.0 2879.0 1739.0 3172.0
plane 2142.0 3407.0 2504.0 3763.0
plane 2816.0 4022.0 3177.0 4373.0
plane 2980.0 4151.0 3341.0 4540.0
plane 3153.0 4303.0 3501.0 4674.0
plane 3318.0 4446.0 3663.0 4804.0
plane 3633.0 4107.0 3879.0 4372.0
plane 3817.0 4759.0 4072.0 5019.0
plane 4136.0 4519.0 4394.0 4788.0
plane 4093.0 5007.0 4350.0 5264.0
plane 4223.0 5121.0 4494.0 5394.0
plane 4373.0 5246.0 4633.0 5522.0
plane 4515.0 5363.0 4786.0 5632.0
helicopter 4578.0 4331.0 4735.0 4487.0
helicopter 4401.0 4156.0 4552.0 4315.0
plane 2560.0 2454.0 2792.0 2699.0
plane 1909.0 1950.0 2130.0 2196.0
plane 293.0 461.0 632.0 740.0
