airplane 256.0 131.0 318.0 189.0
airplane 254.0 203.0 302.0 263.0
airplane 225.0 253.0 325.0 333.0
airplane 276.0 296.0 341.0 365.0
airplane 265.0 345.0 321.0 392.0
airplane 243.0 420.0 330.0 490.0
airplane 239.0 527.0 331.0 608.0
airplane 267.0 628.0 336.0 695.0
airplane 259.0 669.0 310.0 727.0
airplane 264.0 745.0 322.0 791.0
airplane 497.0 483.0 580.0 576.0
airplane 589.0 503.0 627.0 540.0
airplane 549.0 679.0 577.0 714.0
airplane 552.0 718.0 579.0 757.0
vehicle 573.0 646.0 581.0 662.0
vehicle 532.0 644.0 542.0 663.0
airplane 491.0 108.0 534.0 145.0
airplane 540.0 101.0 579.0 129.0
airplane 579.0 79.0 623.0 115.0
airplane 624.0 59.0 671.0 98.0
airplane 675.0 37.0 727.0 79.0
airplane 728.0 19.0 772.0 53.0
airplane 520.0 175.0 567.0 212.0
airplane 578.0 171.0 621.0 206.0
airplane 532.0 222.0 623.0 303.0
airplane 496.0 314.0 540.0 350.0
airplane 575.0 329.0 623.0 374.0
vehicle 543.0 644.0 551.0 663.0
vehicle 563.0 647.0 571.0 663.0
vehicle 782.0 636.0 797.0 643.0
vehicle 603.0 133.0 628.0 143.0
