harbor 618.0 416.0 729.0 671.0
harbor 330.0 469.0 474.0 727.0
harbor 167.0 509.0 316.0 785.0
harbor 362.0 232.0 509.0 439.0
harbor 537.0 128.0 655.0 408.0
harbor 83.0 266.0 313.0 510.0
ship 242.0 11.0 377.0 101.0
ship 83.0 264.0 189.0 333.0
ship 130.0 332.0 212.0 368.0
ship 234.0 313.0 280.0 331.0
ship 233.0 339.0 286.0 360.0
ship 239.0 364.0 292.0 385.0
ship 171.0 368.0 224.0 389.0
ship 93.0 381.0 170.0 417.0
ship 249.0 393.0 300.0 414.0
ship 192.0 422.0 207.0 433.0
ship 260.0 424.0 309.0 443.0
ship 153.0 439.0 239.0 472.0
ship 267.0 449.0 317.0 471.0
ship 161.0 478.0 223.0 502.0
ship 166.0 516.0 215.0 534.0
ship 229.0 524.0 278.0 543.0
ship 237.0 549.0 276.0 565.0
ship 171.0 539.0 218.0 557.0
ship 176.0 567.0 223.0 585.0
ship 241.0 576.0 283.0 593.0
ship 246.0 601.0 289.0 616.0
ship 181.0 592.0 228.0 610.0
ship 192.0 639.0 237.0 656.0
ship 184.0 614.0 229.0 631.0
ship 196.0 662.0 241.0 681.0
ship 205.0 689.0 249.0 705.0
ship 263.0 674.0 304.0 691.0
ship 206.0 713.0 257.0 736.0
ship 189.0 733.0 246.0 764.0
ship 198.0 764.0 265.0 786.0
ship 272.0 725.0 314.0 740.0
ship 281.0 750.0 318.0 765.0
ship 380.0 712.0 420.0 728.0
ship 435.0 699.0 477.0 716.0
ship 373.0 683.0 422.0 704.0
ship 433.0 667.0 467.0 684.0
ship 426.0 648.0 460.0 664.0
ship 365.0 629.0 408.0 644.0
ship 361.0 606.0 401.0 624.0
ship 417.0 600.0 454.0 616.0
ship 352.0 581.0 396.0 597.0
ship 413.0 579.0 450.0 595.0
ship 406.0 560.0 445.0 576.0
ship 347.0 554.0 392.0 570.0
ship 395.0 511.0 432.0 526.0
ship 394.0 490.0 428.0 504.0
ship 391.0 469.0 425.0 486.0
ship 331.0 479.0 376.0 495.0
ship 375.0 24.0 447.0 72.0
ship 364.0 246.0 416.0 271.0
ship 433.0 231.0 485.0 253.0
ship 439.0 258.0 490.0 286.0
ship 375.0 277.0 428.0 301.0
ship 376.0 306.0 433.0 331.0
ship 381.0 338.0 436.0 359.0
ship 454.0 335.0 502.0 356.0
ship 396.0 390.0 451.0 409.0
ship 462.0 365.0 509.0 382.0
ship 449.0 286.0 498.0 303.0
harbor 475.0 439.0 615.0 695.0
ship 382.0 51.0 458.0 104.0
ship 538.0 128.0 596.0 155.0
ship 546.0 159.0 597.0 179.0
ship 555.0 181.0 601.0 201.0
ship 558.0 209.0 610.0 230.0
ship 561.0 235.0 612.0 253.0
ship 578.0 286.0 622.0 305.0
ship 591.0 362.0 637.0 381.0
ship 474.0 446.0 508.0 464.0
ship 537.0 458.0 571.0 472.0
ship 619.0 416.0 655.0 431.0
ship 623.0 438.0 657.0 453.0
ship 625.0 458.0 660.0 474.0
ship 630.0 479.0 665.0 494.0
ship 633.0 497.0 668.0 512.0
ship 485.0 489.0 521.0 505.0
ship 543.0 497.0 577.0 511.0
ship 495.0 512.0 532.0 530.0
ship 550.0 516.0 580.0 531.0
ship 643.0 538.0 680.0 555.0
ship 552.0 539.0 586.0 554.0
ship 505.0 537.0 539.0 553.0
ship 560.0 558.0 594.0 572.0
ship 647.0 559.0 686.0 575.0
ship 561.0 577.0 595.0 592.0
ship 659.0 603.0 694.0 619.0
ship 667.0 622.0 702.0 638.0
ship 669.0 643.0 705.0 659.0
ship 576.0 667.0 612.0 682.0
ship 531.0 676.0 568.0 694.0
ship 577.0 643.0 609.0 658.0
ship 527.0 652.0 565.0 672.0
ship 574.0 622.0 601.0 637.0
ship 520.0 623.0 553.0 640.0
ship 517.0 600.0 553.0 619.0
ship 567.0 599.0 604.0 618.0
ship 702.0 587.0 730.0 641.0
ship 221.0 470.0 240.0 495.0
