harbor 1.0 477.0 191.0 593.0
harbor 24.0 120.0 791.0 423.0
harbor 23.0 174.0 167.0 185.0
harbor 21.0 132.0 121.0 147.0
ship 74.0 554.0 184.0 591.0
ship 110.0 518.0 184.0 539.0
ship 103.0 484.0 177.0 505.0
ship 149.0 369.0 211.0 391.0
ship 655.0 344.0 787.0 390.0
ship 670.0 227.0 776.0 265.0
ship 680.0 190.0 777.0 226.0
ship 686.0 153.0 763.0 185.0
ship 659.0 120.0 742.0 149.0
ship 627.0 147.0 658.0 224.0
ship 537.0 151.0 563.0 221.0
ship 507.0 149.0 533.0 219.0
ship 477.0 164.0 500.0 220.0
ship 442.0 152.0 471.0 219.0
ship 415.0 154.0 442.0 203.0
ship 261.0 167.0 284.0 217.0
ship 237.0 143.0 254.0 209.0
ship 181.0 158.0 200.0 219.0
ship 237.0 240.0 256.0 301.0
ship 259.0 242.0 279.0 298.0
ship 289.0 243.0 307.0 295.0
ship 318.0 248.0 336.0 300.0
ship 344.0 238.0 369.0 303.0
ship 372.0 242.0 398.0 326.0
ship 404.0 240.0 430.0 324.0
ship 434.0 239.0 460.0 316.0
ship 466.0 242.0 490.0 306.0
ship 496.0 242.0 523.0 324.0
ship 531.0 243.0 558.0 325.0
ship 563.0 245.0 593.0 334.0
ship 625.0 247.0 654.0 344.0
ship 75.0 151.0 154.0 176.0
