airplane 684.0 458.0 717.0 485.0
airplane 727.0 466.0 756.0 497.0
airplane 722.0 499.0 765.0 523.0
airplane 495.0 475.0 511.0 484.0
airplane 475.0 378.0 494.0 389.0
storagetank 586.0 449.0 629.0 480.0
airplane 578.0 351.0 595.0 364.0
airplane 495.0 380.0 513.0 391.0
airplane 402.0 479.0 418.0 490.0
airplane 532.0 380.0 550.0 392.0
airplane 514.0 476.0 530.0 485.0
airplane 533.0 476.0 548.0 487.0
airplane 551.0 478.0 566.0 487.0
airplane 506.0 485.0 519.0 494.0
airplane 33.0 250.0 45.0 264.0
airplane 33.0 267.0 45.0 279.0
airplane 73.0 284.0 88.0 297.0
airplane 29.0 310.0 40.0 324.0
airplane 28.0 340.0 40.0 353.0
airplane 28.0 356.0 39.0 369.0
airplane 72.0 298.0 85.0 311.0
airplane 72.0 313.0 86.0 326.0
airplane 131.0 265.0 145.0 279.0
airplane 130.0 281.0 145.0 293.0
