vehicle 335.0 750.0 345.0 769.0
vehicle 594.0 761.0 604.0 778.0
vehicle 83.0 666.0 103.0 681.0
vehicle 97.0 285.0 106.0 304.0
vehicle 308.0 265.0 330.0 281.0
vehicle 1.0 119.0 19.0 126.0
vehicle 297.0 57.0 308.0 73.0
vehicle 572.0 95.0 586.0 111.0
vehicle 679.0 119.0 695.0 134.0
vehicle 671.0 217.0 690.0 234.0
vehicle 768.0 140.0 785.0 153.0
vehicle 754.0 113.0 770.0 125.0
vehicle 762.0 21.0 777.0 40.0
vehicle 742.0 394.0 750.0 414.0
vehicle 739.0 531.0 748.0 549.0
overpass 353.0 338.0 622.0 570.0
