tenniscourt 538.0 682.0 586.0 733.0
tenniscourt 559.0 661.0 608.0 714.0
tenniscourt 583.0 645.0 629.0 695.0
tenniscourt 583.0 734.0 629.0 784.0
tenniscourt 605.0 714.0 651.0 765.0
tenniscourt 627.0 696.0 675.0 746.0
vehicle 765.0 787.0 775.0 792.0
vehicle 767.0 781.0 776.0 786.0
vehicle 772.0 771.0 781.0 776.0
vehicle 773.0 765.0 784.0 771.0
vehicle 670.0 215.0 676.0 226.0
vehicle 646.0 104.0 657.0 111.0
vehicle 672.0 163.0 685.0 172.0
vehicle 81.0 197.0 90.0 205.0
vehicle 13.0 214.0 21.0 222.0
groundtrackfield 225.0 121.0 490.0 466.0
