harbor 68.0 69.0 776.0 417.0
ship 54.0 179.0 94.0 211.0
ship 68.0 267.0 93.0 334.0
ship 94.0 256.0 122.0 337.0
ship 134.0 266.0 161.0 335.0
ship 175.0 274.0 196.0 338.0
ship 205.0 273.0 233.0 359.0
ship 241.0 270.0 269.0 350.0
ship 276.0 274.0 299.0 337.0
ship 303.0 274.0 340.0 383.0
ship 347.0 261.0 375.0 350.0
ship 389.0 257.0 415.0 354.0
ship 427.0 255.0 452.0 345.0
ship 453.0 254.0 482.0 348.0
ship 489.0 257.0 516.0 356.0
ship 526.0 256.0 549.0 330.0
ship 543.0 269.0 586.0 387.0
ship 591.0 280.0 618.0 350.0
ship 613.0 289.0 652.0 359.0
ship 639.0 292.0 680.0 372.0
ship 664.0 300.0 731.0 416.0
ship 727.0 263.0 777.0 316.0
ship 611.0 242.0 670.0 264.0
ship 523.0 214.0 582.0 243.0
ship 439.0 215.0 501.0 235.0
ship 337.0 197.0 357.0 237.0
ship 295.0 217.0 337.0 237.0
ship 243.0 232.0 285.0 252.0
ship 209.0 231.0 233.0 253.0
ship 132.0 230.0 196.0 253.0
