groundtrackfield 555.0 35.0 784.0 527.0
tenniscourt 180.0 529.0 214.0 595.0
tenniscourt 270.0 627.0 303.0 693.0
tenniscourt 226.0 629.0 260.0 695.0
tenniscourt 183.0 629.0 216.0 695.0
tenniscourt 355.0 523.0 388.0 589.0
tenniscourt 315.0 525.0 349.0 591.0
tenniscourt 265.0 526.0 298.0 592.0
tenniscourt 222.0 528.0 256.0 594.0
tenniscourt 319.0 624.0 352.0 690.0
tenniscourt 361.0 623.0 393.0 689.0
vehicle 19.0 235.0 35.0 241.0
vehicle 58.0 215.0 73.0 223.0
vehicle 62.0 250.0 76.0 255.0
vehicle 81.0 136.0 93.0 141.0
vehicle 141.0 279.0 146.0 293.0
vehicle 80.0 207.0 95.0 215.0
vehicle 740.0 14.0 747.0 28.0
vehicle 751.0 12.0 758.0 25.0
vehicle 761.0 10.0 770.0 21.0
vehicle 772.0 11.0 780.0 23.0
vehicle 782.0 8.0 788.0 21.0
vehicle 790.0 9.0 797.0 22.0
