ship 647.0 240.0 725.0 267.0
harbor 142.0 375.0 251.0 483.0
harbor 222.0 494.0 304.0 596.0
harbor 280.0 593.0 377.0 696.0
ship 650.0 416.0 694.0 445.0
ship 649.0 453.0 681.0 469.0
harbor 477.0 81.0 707.0 294.0
tenniscourt 34.0 207.0 71.0 295.0
tenniscourt 1.0 704.0 75.0 793.0
tenniscourt 1.0 758.0 28.0 800.0
ship 307.0 670.0 327.0 694.0
ship 331.0 658.0 351.0 684.0
ship 343.0 647.0 367.0 680.0
ship 357.0 638.0 376.0 664.0
ship 298.0 632.0 315.0 652.0
ship 315.0 594.0 375.0 643.0
ship 245.0 572.0 265.0 596.0
ship 225.0 536.0 243.0 564.0
ship 235.0 529.0 253.0 553.0
ship 259.0 514.0 275.0 537.0
ship 267.0 497.0 291.0 533.0
ship 203.0 378.0 240.0 434.0
ship 217.0 454.0 237.0 481.0
ship 184.0 426.0 206.0 455.0
ship 169.0 429.0 190.0 455.0
ship 145.0 419.0 180.0 471.0
ship 106.0 380.0 131.0 393.0
ship 115.0 364.0 142.0 375.0
ship 109.0 344.0 143.0 360.0
ship 110.0 326.0 131.0 339.0
ship 116.0 312.0 146.0 323.0
ship 123.0 293.0 146.0 304.0
ship 122.0 277.0 148.0 289.0
ship 122.0 226.0 151.0 237.0
ship 124.0 213.0 155.0 225.0
ship 127.0 185.0 158.0 197.0
ship 130.0 167.0 156.0 177.0
ship 127.0 156.0 154.0 166.0
ship 150.0 128.0 166.0 149.0
ship 159.0 117.0 181.0 146.0
ship 177.0 108.0 199.0 138.0
ship 210.0 88.0 235.0 119.0
ship 232.0 80.0 245.0 100.0
ship 243.0 66.0 273.0 104.0
ship 263.0 56.0 283.0 83.0
ship 277.0 42.0 306.0 81.0
ship 299.0 33.0 322.0 67.0
ship 318.0 25.0 350.0 69.0
ship 332.0 10.0 360.0 47.0
ship 557.0 214.0 580.0 242.0
ship 679.0 168.0 708.0 184.0
ship 673.0 118.0 699.0 141.0
ship 695.0 138.0 707.0 161.0
ship 659.0 89.0 683.0 105.0
ship 584.0 48.0 607.0 66.0
ship 711.0 337.0 736.0 353.0
ship 698.0 363.0 722.0 380.0
ship 687.0 387.0 714.0 403.0
ship 614.0 493.0 655.0 520.0
ship 715.0 602.0 735.0 623.0
