ship 91.0 113.0 145.0 492.0
ship 39.0 246.0 49.0 265.0
ship 291.0 355.0 301.0 405.0
ship 436.0 314.0 452.0 336.0
ship 445.0 398.0 454.0 418.0
storagetank 733.0 512.0 758.0 535.0
storagetank 709.0 522.0 732.0 545.0
storagetank 718.0 554.0 737.0 570.0
storagetank 756.0 538.0 769.0 550.0
storagetank 764.0 557.0 779.0 571.0
storagetank 746.0 564.0 766.0 580.0
storagetank 726.0 572.0 747.0 590.0
storagetank 654.0 626.0 675.0 648.0
vehicle 529.0 611.0 537.0 628.0
vehicle 539.0 634.0 545.0 656.0
vehicle 539.0 670.0 546.0 695.0
vehicle 456.0 743.0 465.0 757.0
vehicle 96.0 766.0 108.0 791.0
vehicle 105.0 768.0 114.0 793.0
vehicle 224.0 661.0 232.0 671.0
