harbor 162.0 36.0 287.0 680.0
harbor 455.0 344.0 646.0 499.0
harbor 484.0 156.0 667.0 299.0
harbor 514.0 38.0 695.0 101.0
harbor 436.0 561.0 623.0 648.0
vehicle 129.0 29.0 134.0 41.0
vehicle 125.0 70.0 133.0 84.0
vehicle 153.0 71.0 163.0 88.0
vehicle 122.0 89.0 132.0 104.0
vehicle 128.0 184.0 136.0 200.0
vehicle 157.0 280.0 164.0 295.0
vehicle 125.0 297.0 131.0 310.0
vehicle 124.0 361.0 131.0 375.0
vehicle 154.0 372.0 162.0 387.0
vehicle 154.0 392.0 161.0 408.0
vehicle 151.0 415.0 159.0 427.0
vehicle 121.0 452.0 129.0 469.0
vehicle 74.0 499.0 87.0 505.0
vehicle 153.0 566.0 166.0 574.0
vehicle 149.0 630.0 167.0 638.0
vehicle 552.0 2.0 568.0 8.0
vehicle 544.0 11.0 564.0 17.0
vehicle 543.0 20.0 560.0 25.0
vehicle 568.0 19.0 584.0 25.0
vehicle 645.0 18.0 660.0 25.0
vehicle 703.0 1.0 712.0 16.0
vehicle 672.0 262.0 689.0 270.0
vehicle 670.0 273.0 685.0 283.0
vehicle 757.0 299.0 776.0 319.0
vehicle 741.0 237.0 761.0 244.0
ship 436.0 563.0 464.0 650.0
ship 500.0 570.0 521.0 630.0
ship 528.0 579.0 547.0 630.0
ship 556.0 581.0 575.0 629.0
ship 578.0 564.0 603.0 635.0
ship 454.0 346.0 491.0 470.0
ship 504.0 356.0 523.0 406.0
ship 495.0 424.0 515.0 482.0
ship 516.0 427.0 542.0 484.0
ship 549.0 429.0 565.0 475.0
ship 569.0 433.0 592.0 496.0
ship 595.0 437.0 614.0 500.0
ship 619.0 438.0 641.0 498.0
ship 546.0 361.0 562.0 412.0
ship 565.0 357.0 584.0 412.0
ship 592.0 368.0 607.0 415.0
ship 611.0 375.0 625.0 415.0
ship 486.0 173.0 517.0 265.0
ship 528.0 170.0 547.0 216.0
ship 518.0 237.0 538.0 282.0
ship 541.0 237.0 558.0 296.0
ship 563.0 239.0 582.0 297.0
ship 586.0 243.0 601.0 286.0
ship 605.0 243.0 624.0 291.0
ship 546.0 160.0 565.0 219.0
ship 535.0 157.0 550.0 166.0
ship 569.0 174.0 589.0 221.0
ship 612.0 177.0 629.0 231.0
ship 633.0 187.0 646.0 229.0
ship 653.0 178.0 670.0 230.0
ship 565.0 56.0 580.0 93.0
ship 587.0 52.0 600.0 98.0
ship 605.0 55.0 618.0 99.0
ship 627.0 53.0 638.0 86.0
ship 645.0 55.0 659.0 93.0
ship 230.0 42.0 285.0 76.0
ship 226.0 85.0 277.0 103.0
ship 229.0 107.0 261.0 119.0
ship 223.0 129.0 268.0 146.0
ship 219.0 178.0 263.0 191.0
ship 216.0 197.0 255.0 217.0
ship 214.0 223.0 259.0 237.0
ship 202.0 262.0 262.0 282.0
ship 202.0 288.0 242.0 299.0
ship 203.0 309.0 249.0 326.0
ship 197.0 334.0 249.0 352.0
ship 194.0 356.0 242.0 371.0
ship 189.0 379.0 247.0 397.0
ship 190.0 400.0 243.0 418.0
ship 181.0 423.0 237.0 440.0
ship 179.0 445.0 230.0 462.0
ship 179.0 466.0 221.0 482.0
ship 179.0 493.0 215.0 506.0
ship 176.0 515.0 212.0 525.0
ship 181.0 536.0 219.0 549.0
ship 212.0 558.0 236.0 610.0
ship 235.0 569.0 246.0 591.0
ship 203.0 630.0 223.0 679.0
ship 516.0 52.0 534.0 101.0
