airplane 143.0 29.0 186.0 68.0
airplane 187.0 143.0 226.0 178.0
airplane 254.0 8.0 302.0 43.0
airplane 284.0 48.0 308.0 68.0
airplane 222.0 229.0 245.0 249.0
airplane 255.0 310.0 278.0 334.0
airplane 286.0 385.0 307.0 406.0
airplane 370.0 273.0 418.0 303.0
airplane 403.0 195.0 428.0 219.0
airplane 464.0 144.0 487.0 162.0
airplane 423.0 415.0 471.0 449.0
airplane 507.0 262.0 532.0 282.0
airplane 521.0 298.0 547.0 320.0
airplane 535.0 337.0 560.0 356.0
airplane 538.0 369.0 580.0 403.0
airplane 548.0 411.0 595.0 442.0
airplane 455.0 493.0 489.0 517.0
airplane 565.0 450.0 613.0 484.0
airplane 485.0 580.0 523.0 614.0
airplane 500.0 617.0 547.0 650.0
airplane 595.0 523.0 641.0 557.0
airplane 636.0 608.0 664.0 629.0
airplane 517.0 652.0 562.0 688.0
airplane 532.0 691.0 566.0 719.0
airplane 638.0 643.0 686.0 674.0
airplane 653.0 680.0 699.0 714.0
airplane 690.0 756.0 728.0 790.0
airplane 560.0 135.0 584.0 155.0
airplane 583.0 198.0 607.0 214.0
