vehicle 169.0 767.0 177.0 787.0
vehicle 173.0 789.0 180.0 800.0
vehicle 228.0 700.0 235.0 718.0
vehicle 252.0 709.0 259.0 726.0
vehicle 113.0 598.0 145.0 611.0
vehicle 212.0 490.0 221.0 516.0
vehicle 100.0 573.0 110.0 592.0
vehicle 140.0 500.0 149.0 517.0
vehicle 80.0 430.0 100.0 439.0
vehicle 189.0 447.0 210.0 456.0
vehicle 9.0 342.0 33.0 351.0
vehicle 1.0 202.0 19.0 210.0
vehicle 1.0 190.0 18.0 197.0
vehicle 1.0 159.0 14.0 166.0
vehicle 1.0 126.0 11.0 132.0
vehicle 1.0 113.0 10.0 122.0
vehicle 1.0 92.0 7.0 100.0
bridge 276.0 270.0 762.0 468.0
vehicle 132.0 121.0 151.0 131.0
vehicle 118.0 98.0 136.0 111.0
harbor 220.0 666.0 335.0 701.0
bridge 211.0 628.0 221.0 699.0
