airplane 61.0 24.0 112.0 72.0
airplane 116.0 56.0 154.0 101.0
airplane 211.0 67.0 259.0 110.0
airplane 272.0 56.0 334.0 120.0
airplane 335.0 86.0 379.0 124.0
airplane 528.0 44.0 578.0 85.0
airplane 451.0 190.0 495.0 229.0
airplane 489.0 265.0 547.0 305.0
airplane 502.0 308.0 560.0 345.0
airplane 506.0 354.0 574.0 409.0
airplane 499.0 427.0 580.0 494.0
airplane 494.0 503.0 569.0 562.0
airplane 452.0 617.0 490.0 647.0
airplane 398.0 690.0 442.0 733.0
airplane 289.0 746.0 331.0 786.0
airplane 225.0 746.0 274.0 787.0
airplane 63.0 753.0 107.0 794.0
airplane 590.0 682.0 643.0 722.0
airplane 566.0 717.0 605.0 761.0
