ship 118.0 77.0 267.0 145.0
ship 113.0 290.0 134.0 320.0
ship 92.0 245.0 116.0 278.0
ship 77.0 210.0 96.0 241.0
ship 320.0 34.0 535.0 88.0
ship 567.0 142.0 678.0 287.0
harbor 377.0 74.0 464.0 134.0
harbor 162.0 116.0 230.0 169.0
storagetank 177.0 219.0 193.0 234.0
storagetank 194.0 266.0 204.0 275.0
storagetank 226.0 256.0 246.0 275.0
storagetank 210.0 277.0 229.0 297.0
storagetank 244.0 285.0 258.0 297.0
storagetank 212.0 303.0 227.0 317.0
storagetank 220.0 321.0 235.0 335.0
storagetank 237.0 312.0 252.0 325.0
storagetank 254.0 304.0 268.0 317.0
storagetank 255.0 356.0 298.0 399.0
storagetank 336.0 314.0 382.0 360.0
storagetank 292.0 238.0 338.0 283.0
storagetank 353.0 175.0 389.0 209.0
storagetank 401.0 176.0 437.0 213.0
storagetank 396.0 257.0 410.0 270.0
storagetank 423.0 245.0 436.0 258.0
storagetank 410.0 281.0 424.0 293.0
storagetank 434.0 267.0 449.0 280.0
storagetank 497.0 208.0 528.0 236.0
storagetank 436.0 302.0 462.0 328.0
storagetank 483.0 277.0 512.0 304.0
storagetank 530.0 250.0 560.0 281.0
storagetank 559.0 318.0 618.0 375.0
storagetank 480.0 358.0 536.0 416.0
storagetank 386.0 406.0 443.0 463.0
storagetank 221.0 465.0 239.0 481.0
storagetank 230.0 485.0 252.0 505.0
storagetank 298.0 450.0 355.0 507.0
storagetank 247.0 584.0 256.0 595.0
storagetank 256.0 587.0 270.0 602.0
storagetank 337.0 528.0 395.0 587.0
storagetank 429.0 483.0 486.0 541.0
storagetank 526.0 436.0 584.0 493.0
storagetank 607.0 392.0 666.0 450.0
storagetank 697.0 459.0 734.0 492.0
storagetank 661.0 476.0 697.0 510.0
storagetank 587.0 532.0 646.0 591.0
storagetank 485.0 583.0 543.0 641.0
storagetank 392.0 630.0 450.0 682.0
storagetank 306.0 712.0 344.0 747.0
storagetank 324.0 748.0 361.0 782.0
storagetank 439.0 721.0 497.0 777.0
storagetank 535.0 670.0 597.0 729.0
storagetank 636.0 618.0 695.0 676.0
storagetank 725.0 788.0 731.0 793.0
storagetank 729.0 794.0 735.0 798.0
storagetank 41.0 667.0 61.0 681.0
storagetank 46.0 682.0 68.0 697.0
storagetank 84.0 700.0 96.0 711.0
storagetank 88.0 711.0 104.0 726.0
storagetank 100.0 725.0 125.0 750.0
ship 166.0 385.0 176.0 400.0
ship 182.0 414.0 190.0 426.0
ship 188.0 430.0 195.0 440.0
ship 197.0 443.0 203.0 454.0
bridge 337.0 678.0 360.0 702.0
bridge 376.0 752.0 388.0 762.0
chimney 1.0 630.0 31.0 660.0
