harbor 120.0 9.0 342.0 90.0
harbor 196.0 70.0 415.0 210.0
harbor 431.0 263.0 509.0 316.0
harbor 425.0 366.0 532.0 462.0
harbor 108.0 637.0 592.0 745.0
vehicle 271.0 375.0 299.0 387.0
vehicle 315.0 369.0 336.0 379.0
ship 164.0 541.0 210.0 560.0
ship 236.0 537.0 269.0 549.0
ship 334.0 538.0 430.0 564.0
ship 355.0 99.0 411.0 128.0
ship 459.0 286.0 507.0 305.0
ship 140.0 681.0 154.0 731.0
ship 227.0 686.0 241.0 727.0
ship 251.0 687.0 264.0 732.0
ship 284.0 687.0 297.0 726.0
ship 294.0 542.0 328.0 562.0
ship 127.0 533.0 143.0 543.0
ship 515.0 400.0 531.0 461.0
