harbor 114.0 121.0 541.0 227.0
harbor 46.0 245.0 155.0 323.0
harbor 162.0 261.0 594.0 348.0
harbor 80.0 370.0 150.0 411.0
ship 143.0 341.0 152.0 361.0
harbor 129.0 480.0 223.0 533.0
ship 188.0 530.0 242.0 566.0
ship 214.0 551.0 254.0 578.0
ship 219.0 583.0 253.0 615.0
harbor 241.0 556.0 413.0 627.0
harbor 384.0 540.0 688.0 688.0
harbor 155.0 408.0 643.0 517.0
ship 136.0 127.0 158.0 179.0
ship 157.0 126.0 179.0 178.0
ship 194.0 126.0 215.0 180.0
ship 249.0 128.0 271.0 180.0
ship 298.0 128.0 320.0 180.0
ship 328.0 131.0 350.0 183.0
ship 470.0 128.0 490.0 183.0
ship 494.0 135.0 514.0 188.0
ship 522.0 174.0 540.0 230.0
ship 44.0 246.0 66.0 298.0
ship 416.0 136.0 434.0 188.0
ship 445.0 135.0 460.0 187.0
ship 358.0 137.0 376.0 184.0
ship 220.0 148.0 235.0 181.0
ship 114.0 146.0 129.0 179.0
ship 274.0 147.0 292.0 184.0
ship 387.0 152.0 407.0 185.0
ship 164.0 191.0 177.0 231.0
ship 161.0 260.0 174.0 300.0
ship 395.0 454.0 413.0 500.0
ship 478.0 457.0 492.0 502.0
ship 627.0 412.0 645.0 458.0
ship 575.0 277.0 594.0 342.0
ship 546.0 456.0 562.0 498.0
ship 52.0 307.0 94.0 322.0
ship 106.0 305.0 157.0 324.0
ship 108.0 371.0 150.0 387.0
ship 175.0 192.0 191.0 224.0
ship 272.0 194.0 290.0 227.0
ship 395.0 196.0 410.0 223.0
ship 420.0 273.0 434.0 303.0
ship 493.0 276.0 505.0 305.0
ship 492.0 313.0 503.0 343.0
ship 189.0 449.0 214.0 460.0
ship 418.0 453.0 442.0 512.0
ship 493.0 453.0 508.0 488.0
ship 512.0 460.0 532.0 518.0
ship 582.0 460.0 596.0 497.0
ship 156.0 477.0 203.0 503.0
ship 173.0 495.0 222.0 523.0
ship 257.0 578.0 299.0 605.0
ship 286.0 598.0 309.0 617.0
ship 347.0 589.0 381.0 618.0
ship 529.0 575.0 564.0 603.0
ship 116.0 190.0 130.0 220.0
ship 133.0 191.0 142.0 219.0
ship 143.0 192.0 154.0 220.0
ship 203.0 190.0 215.0 223.0
ship 220.0 194.0 230.0 222.0
ship 230.0 193.0 241.0 225.0
ship 314.0 197.0 324.0 225.0
ship 329.0 193.0 340.0 222.0
ship 342.0 193.0 352.0 223.0
ship 357.0 194.0 368.0 223.0
ship 425.0 195.0 435.0 224.0
ship 451.0 195.0 463.0 223.0
ship 475.0 196.0 485.0 231.0
ship 495.0 198.0 508.0 224.0
ship 561.0 275.0 573.0 303.0
ship 548.0 276.0 559.0 303.0
ship 546.0 320.0 557.0 345.0
ship 533.0 317.0 542.0 344.0
ship 520.0 318.0 531.0 349.0
ship 466.0 276.0 477.0 303.0
ship 449.0 274.0 461.0 302.0
ship 449.0 313.0 459.0 341.0
ship 436.0 314.0 446.0 344.0
ship 423.0 318.0 432.0 344.0
ship 395.0 273.0 405.0 300.0
ship 383.0 275.0 393.0 301.0
ship 355.0 267.0 367.0 300.0
ship 327.0 273.0 338.0 296.0
ship 366.0 314.0 377.0 344.0
ship 355.0 314.0 366.0 342.0
ship 410.0 315.0 422.0 343.0
ship 396.0 316.0 405.0 340.0
ship 314.0 273.0 323.0 296.0
ship 285.0 272.0 296.0 296.0
ship 273.0 269.0 285.0 299.0
ship 258.0 272.0 270.0 299.0
ship 246.0 271.0 258.0 301.0
ship 340.0 313.0 351.0 342.0
ship 326.0 313.0 337.0 342.0
ship 312.0 313.0 324.0 343.0
ship 299.0 312.0 311.0 346.0
ship 284.0 311.0 296.0 343.0
ship 272.0 312.0 282.0 338.0
ship 218.0 271.0 230.0 299.0
ship 218.0 314.0 229.0 341.0
ship 202.0 272.0 214.0 298.0
ship 191.0 276.0 201.0 298.0
ship 177.0 272.0 187.0 295.0
ship 200.0 312.0 213.0 341.0
ship 173.0 311.0 185.0 338.0
ship 162.0 313.0 173.0 344.0
ship 86.0 259.0 99.0 296.0
ship 75.0 267.0 86.0 297.0
ship 103.0 269.0 115.0 299.0
ship 130.0 271.0 141.0 299.0
ship 141.0 266.0 153.0 297.0
ship 190.0 312.0 201.0 337.0
ship 82.0 397.0 109.0 410.0
ship 191.0 404.0 202.0 439.0
ship 206.0 409.0 217.0 435.0
ship 219.0 406.0 232.0 441.0
ship 236.0 408.0 247.0 439.0
ship 217.0 448.0 240.0 461.0
ship 250.0 409.0 261.0 438.0
ship 266.0 405.0 278.0 438.0
ship 278.0 407.0 292.0 440.0
ship 297.0 410.0 307.0 439.0
ship 312.0 407.0 325.0 441.0
ship 330.0 410.0 342.0 441.0
ship 361.0 406.0 373.0 441.0
ship 374.0 411.0 385.0 439.0
ship 390.0 404.0 401.0 440.0
ship 245.0 449.0 259.0 483.0
ship 265.0 451.0 276.0 487.0
ship 278.0 451.0 290.0 482.0
ship 313.0 453.0 325.0 487.0
ship 328.0 452.0 341.0 481.0
ship 343.0 454.0 355.0 487.0
ship 359.0 454.0 371.0 487.0
ship 373.0 453.0 385.0 485.0
ship 448.0 454.0 461.0 487.0
ship 460.0 454.0 473.0 494.0
ship 563.0 457.0 576.0 494.0
ship 450.0 412.0 460.0 442.0
ship 461.0 411.0 473.0 438.0
ship 478.0 410.0 492.0 443.0
ship 495.0 413.0 508.0 446.0
ship 514.0 408.0 526.0 444.0
ship 529.0 410.0 544.0 443.0
ship 547.0 409.0 560.0 444.0
ship 564.0 410.0 578.0 447.0
ship 583.0 407.0 596.0 447.0
ship 597.0 414.0 607.0 443.0
ship 612.0 412.0 624.0 444.0
ship 134.0 496.0 147.0 512.0
ship 414.0 624.0 433.0 653.0
ship 443.0 616.0 460.0 638.0
