airplane 220.0 90.0 248.0 125.0
airplane 329.0 11.0 356.0 47.0
airplane 331.0 134.0 351.0 158.0
airplane 332.0 171.0 361.0 196.0
airplane 344.0 197.0 373.0 224.0
airplane 355.0 227.0 379.0 254.0
airplane 239.0 264.0 281.0 306.0
airplane 327.0 286.0 349.0 307.0
airplane 212.0 345.0 235.0 368.0
airplane 273.0 399.0 296.0 422.0
airplane 318.0 398.0 344.0 423.0
airplane 128.0 409.0 148.0 431.0
airplane 129.0 444.0 157.0 466.0
airplane 142.0 474.0 168.0 497.0
airplane 163.0 506.0 183.0 518.0
airplane 171.0 528.0 196.0 552.0
airplane 254.0 459.0 279.0 483.0
airplane 301.0 487.0 346.0 536.0
airplane 348.0 456.0 372.0 485.0
airplane 353.0 399.0 374.0 422.0
airplane 281.0 541.0 312.0 562.0
airplane 202.0 628.0 226.0 647.0
airplane 301.0 588.0 339.0 626.0
airplane 244.0 676.0 260.0 694.0
airplane 166.0 732.0 185.0 755.0
airplane 186.0 749.0 209.0 777.0
airplane 209.0 771.0 236.0 795.0
airplane 263.0 690.0 287.0 717.0
airplane 336.0 613.0 373.0 653.0
airplane 387.0 603.0 413.0 626.0
airplane 418.0 573.0 454.0 608.0
airplane 487.0 1.0 508.0 11.0
airplane 456.0 547.0 479.0 574.0
