baseballfield 633.0 655.0 688.0 707.0
groundtrackfield 416.0 294.0 574.0 644.0
tenniscourt 126.0 575.0 149.0 624.0
tenniscourt 187.0 431.0 210.0 480.0
tenniscourt 158.0 429.0 181.0 478.0
tenniscourt 130.0 430.0 153.0 479.0
tenniscourt 180.0 577.0 203.0 626.0
tenniscourt 153.0 576.0 176.0 625.0
baseballfield 123.0 119.0 215.0 210.0
vehicle 590.0 155.0 598.0 166.0
vehicle 509.0 243.0 515.0 249.0
vehicle 470.0 163.0 477.0 172.0
vehicle 616.0 269.0 626.0 276.0
vehicle 628.0 333.0 635.0 342.0
vehicle 352.0 226.0 363.0 233.0
vehicle 721.0 251.0 732.0 259.0
vehicle 706.0 286.0 716.0 293.0
vehicle 733.0 295.0 746.0 302.0
vehicle 733.0 306.0 741.0 313.0
vehicle 768.0 322.0 778.0 329.0
vehicle 759.0 384.0 769.0 394.0
vehicle 748.0 400.0 756.0 409.0
vehicle 790.0 355.0 800.0 362.0
vehicle 517.0 40.0 526.0 50.0
vehicle 73.0 455.0 87.0 467.0
vehicle 76.0 462.0 88.0 474.0
vehicle 76.0 471.0 88.0 483.0
vehicle 79.0 479.0 90.0 490.0
vehicle 67.0 13.0 73.0 27.0
