harbor 237.0 263.0 736.0 370.0
harbor 177.0 411.0 731.0 508.0
harbor 112.0 548.0 734.0 649.0
harbor 135.0 688.0 748.0 800.0
ship 415.0 597.0 427.0 627.0
ship 488.0 596.0 502.0 629.0
ship 187.0 605.0 200.0 633.0
ship 327.0 600.0 339.0 637.0
ship 222.0 605.0 240.0 650.0
ship 204.0 602.0 218.0 640.0
ship 244.0 604.0 259.0 642.0
ship 280.0 601.0 291.0 636.0
ship 261.0 598.0 273.0 633.0
ship 343.0 600.0 356.0 632.0
ship 297.0 599.0 308.0 634.0
ship 387.0 600.0 399.0 630.0
ship 373.0 599.0 382.0 629.0
ship 358.0 599.0 368.0 631.0
ship 516.0 597.0 529.0 630.0
ship 716.0 462.0 731.0 503.0
ship 697.0 463.0 710.0 501.0
ship 695.0 414.0 709.0 455.0
ship 715.0 419.0 730.0 457.0
ship 720.0 551.0 734.0 585.0
ship 706.0 595.0 716.0 624.0
ship 545.0 556.0 555.0 583.0
ship 440.0 557.0 454.0 584.0
ship 488.0 555.0 500.0 586.0
ship 518.0 557.0 528.0 582.0
ship 531.0 597.0 543.0 628.0
ship 560.0 597.0 571.0 626.0
ship 662.0 594.0 674.0 625.0
ship 678.0 593.0 687.0 621.0
ship 691.0 596.0 702.0 625.0
ship 688.0 550.0 699.0 581.0
ship 634.0 597.0 642.0 622.0
ship 620.0 554.0 631.0 583.0
ship 402.0 555.0 414.0 587.0
ship 375.0 464.0 390.0 504.0
ship 414.0 468.0 425.0 498.0
ship 455.0 465.0 468.0 502.0
ship 473.0 463.0 491.0 503.0
ship 278.0 466.0 291.0 506.0
ship 238.0 468.0 251.0 496.0
ship 333.0 464.0 350.0 503.0
ship 253.0 421.0 269.0 459.0
ship 535.0 465.0 549.0 502.0
ship 495.0 466.0 507.0 504.0
ship 513.0 465.0 528.0 502.0
ship 315.0 421.0 329.0 458.0
ship 333.0 417.0 352.0 460.0
ship 372.0 411.0 390.0 459.0
ship 657.0 464.0 671.0 497.0
ship 674.0 465.0 687.0 502.0
ship 454.0 416.0 470.0 457.0
ship 515.0 416.0 528.0 456.0
ship 575.0 414.0 590.0 455.0
ship 596.0 421.0 606.0 454.0
ship 614.0 418.0 627.0 454.0
ship 632.0 422.0 648.0 455.0
ship 655.0 419.0 668.0 453.0
ship 436.0 421.0 449.0 457.0
ship 416.0 423.0 426.0 457.0
ship 474.0 423.0 487.0 454.0
ship 393.0 426.0 404.0 456.0
ship 716.0 303.0 733.0 352.0
ship 678.0 321.0 688.0 357.0
ship 700.0 330.0 708.0 353.0
ship 272.0 328.0 286.0 367.0
ship 314.0 328.0 327.0 367.0
ship 332.0 326.0 347.0 366.0
ship 353.0 327.0 367.0 365.0
ship 372.0 330.0 390.0 368.0
ship 395.0 325.0 408.0 364.0
ship 415.0 328.0 425.0 360.0
ship 474.0 325.0 489.0 360.0
ship 493.0 327.0 510.0 362.0
ship 513.0 326.0 528.0 366.0
ship 555.0 326.0 569.0 358.0
ship 573.0 324.0 590.0 369.0
ship 612.0 325.0 627.0 363.0
ship 633.0 325.0 644.0 358.0
ship 534.0 272.0 548.0 315.0
ship 594.0 268.0 608.0 313.0
ship 551.0 267.0 572.0 315.0
ship 613.0 272.0 626.0 312.0
ship 693.0 265.0 709.0 313.0
ship 656.0 270.0 668.0 313.0
ship 314.0 271.0 329.0 319.0
ship 297.0 285.0 311.0 315.0
ship 433.0 275.0 446.0 317.0
ship 453.0 273.0 468.0 315.0
ship 494.0 275.0 507.0 318.0
ship 514.0 278.0 528.0 317.0
ship 474.0 278.0 486.0 317.0
ship 393.0 276.0 409.0 317.0
ship 373.0 273.0 388.0 318.0
ship 333.0 276.0 350.0 320.0
ship 351.0 283.0 362.0 317.0
ship 590.0 593.0 602.0 629.0
ship 573.0 552.0 584.0 586.0
ship 279.0 560.0 292.0 592.0
ship 326.0 553.0 340.0 590.0
ship 341.0 560.0 356.0 587.0
ship 199.0 561.0 215.0 593.0
ship 535.0 416.0 548.0 458.0
ship 558.0 422.0 569.0 457.0
ship 577.0 466.0 589.0 501.0
ship 596.0 467.0 608.0 496.0
ship 615.0 465.0 627.0 500.0
ship 635.0 462.0 649.0 498.0
ship 644.0 550.0 659.0 583.0
ship 674.0 554.0 684.0 584.0
ship 732.0 734.0 748.0 777.0
ship 710.0 703.0 728.0 749.0
ship 713.0 754.0 723.0 782.0
ship 648.0 706.0 666.0 741.0
ship 631.0 703.0 644.0 744.0
ship 612.0 704.0 624.0 746.0
ship 592.0 705.0 604.0 747.0
ship 573.0 709.0 584.0 744.0
ship 555.0 712.0 565.0 741.0
ship 510.0 703.0 529.0 744.0
ship 410.0 751.0 421.0 783.0
ship 495.0 705.0 506.0 741.0
ship 472.0 709.0 486.0 743.0
ship 454.0 709.0 467.0 745.0
ship 439.0 716.0 450.0 744.0
ship 422.0 716.0 435.0 744.0
ship 389.0 708.0 399.0 740.0
ship 404.0 710.0 416.0 741.0
ship 374.0 717.0 383.0 743.0
ship 353.0 716.0 366.0 742.0
ship 339.0 715.0 348.0 743.0
ship 318.0 708.0 331.0 743.0
ship 302.0 715.0 314.0 742.0
ship 380.0 753.0 390.0 778.0
ship 491.0 754.0 501.0 776.0
ship 557.0 754.0 565.0 780.0
ship 589.0 754.0 601.0 784.0
ship 603.0 752.0 615.0 776.0
ship 663.0 754.0 674.0 778.0
ship 271.0 715.0 280.0 742.0
ship 226.0 707.0 238.0 741.0
ship 210.0 707.0 223.0 742.0
ship 188.0 708.0 202.0 743.0
ship 166.0 693.0 185.0 745.0
ship 147.0 691.0 166.0 743.0
ship 216.0 469.0 228.0 501.0
ship 200.0 432.0 209.0 451.0
ship 278.0 286.0 286.0 303.0
ship 422.0 751.0 434.0 777.0
ship 505.0 753.0 516.0 780.0
ship 536.0 707.0 550.0 743.0
ship 371.0 555.0 384.0 587.0
ship 458.0 554.0 470.0 586.0
ship 553.0 464.0 565.0 496.0
ship 353.0 467.0 367.0 503.0
ship 293.0 466.0 308.0 511.0
ship 252.0 466.0 269.0 505.0
ship 272.0 415.0 290.0 458.0
ship 354.0 413.0 373.0 458.0
ship 220.0 556.0 235.0 593.0
ship 242.0 557.0 255.0 588.0
ship 257.0 556.0 270.0 588.0
ship 294.0 557.0 308.0 590.0
ship 313.0 556.0 325.0 591.0
ship 575.0 597.0 586.0 629.0
ship 588.0 553.0 601.0 585.0
ship 603.0 553.0 617.0 586.0
ship 604.0 592.0 618.0 628.0
ship 296.0 331.0 308.0 357.0
