airplane 14.0 334.0 73.0 414.0
airplane 84.0 373.0 151.0 425.0
airplane 18.0 420.0 86.0 476.0
airplane 85.0 452.0 116.0 477.0
airplane 123.0 422.0 210.0 497.0
airplane 295.0 636.0 336.0 679.0
airplane 353.0 581.0 390.0 620.0
airplane 280.0 415.0 297.0 440.0
airplane 280.0 446.0 296.0 471.0
airplane 343.0 330.0 363.0 358.0
airplane 345.0 364.0 365.0 391.0
airplane 344.0 394.0 365.0 419.0
airplane 344.0 426.0 366.0 452.0
airplane 348.0 457.0 367.0 486.0
airplane 280.0 358.0 299.0 386.0
airplane 279.0 336.0 298.0 357.0
airplane 280.0 308.0 301.0 336.0
airplane 284.0 281.0 303.0 306.0
airplane 339.0 254.0 362.0 278.0
airplane 418.0 285.0 438.0 311.0
airplane 416.0 341.0 436.0 363.0
airplane 418.0 365.0 436.0 392.0
airplane 419.0 426.0 438.0 451.0
airplane 415.0 457.0 434.0 485.0
airplane 339.0 162.0 358.0 189.0
airplane 352.0 193.0 409.0 250.0
airplane 618.0 4.0 643.0 29.0
airplane 644.0 21.0 669.0 43.0
airplane 705.0 60.0 733.0 85.0
airplane 739.0 82.0 769.0 109.0
airplane 688.0 305.0 766.0 393.0
airplane 689.0 406.0 768.0 493.0
airplane 476.0 487.0 560.0 559.0
airplane 689.0 495.0 766.0 590.0
vehicle 97.0 511.0 103.0 523.0
vehicle 106.0 509.0 112.0 521.0
vehicle 30.0 522.0 36.0 535.0
vehicle 16.0 525.0 23.0 539.0
vehicle 9.0 525.0 15.0 538.0
vehicle 1.0 525.0 7.0 538.0
vehicle 372.0 154.0 403.0 161.0
vehicle 377.0 187.0 411.0 194.0
