harbor 70.0 48.0 233.0 778.0
harbor 336.0 43.0 494.0 776.0
harbor 581.0 327.0 707.0 781.0
ship 168.0 137.0 228.0 158.0
ship 78.0 374.0 142.0 395.0
ship 76.0 403.0 140.0 424.0
ship 84.0 434.0 148.0 455.0
ship 161.0 706.0 230.0 727.0
ship 345.0 51.0 405.0 71.0
ship 424.0 52.0 484.0 72.0
ship 350.0 106.0 410.0 126.0
ship 423.0 166.0 491.0 189.0
ship 427.0 192.0 481.0 213.0
ship 337.0 222.0 401.0 248.0
ship 350.0 676.0 407.0 698.0
ship 343.0 705.0 409.0 728.0
ship 648.0 336.0 706.0 353.0
ship 664.0 417.0 702.0 431.0
ship 656.0 440.0 702.0 459.0
ship 584.0 520.0 630.0 539.0
