airplane 438.0 566.0 500.0 609.0
airplane 410.0 511.0 470.0 565.0
airplane 479.0 511.0 536.0 562.0
airplane 551.0 515.0 606.0 560.0
airplane 614.0 511.0 688.0 562.0
airplane 489.0 315.0 525.0 347.0
airplane 514.0 366.0 566.0 409.0
airplane 585.0 357.0 639.0 405.0
airplane 656.0 350.0 717.0 398.0
airplane 401.0 145.0 460.0 194.0
airplane 465.0 141.0 524.0 190.0
airplane 546.0 148.0 600.0 195.0
airplane 508.0 92.0 569.0 145.0
airplane 578.0 89.0 639.0 146.0
airplane 650.0 98.0 709.0 138.0
airplane 691.0 144.0 744.0 189.0
airplane 722.0 92.0 781.0 138.0
vehicle 218.0 293.0 246.0 304.0
