tenniscourt 348.0 339.0 370.0 372.0
tenniscourt 407.0 346.0 430.0 379.0
tenniscourt 423.0 392.0 445.0 424.0
tenniscourt 399.0 398.0 423.0 432.0
tenniscourt 368.0 415.0 393.0 449.0
tenniscourt 347.0 423.0 370.0 455.0
vehicle 661.0 366.0 673.0 375.0
vehicle 503.0 381.0 508.0 389.0
vehicle 440.0 381.0 448.0 386.0
vehicle 506.0 425.0 510.0 432.0
vehicle 443.0 391.0 449.0 395.0
vehicle 458.0 388.0 465.0 393.0
vehicle 435.0 367.0 442.0 372.0
vehicle 447.0 352.0 455.0 357.0
vehicle 429.0 343.0 435.0 347.0
vehicle 429.0 347.0 436.0 351.0
vehicle 430.0 351.0 437.0 355.0
vehicle 431.0 354.0 437.0 358.0
vehicle 452.0 366.0 457.0 371.0
vehicle 445.0 398.0 453.0 403.0
vehicle 454.0 376.0 463.0 381.0
vehicle 462.0 401.0 469.0 405.0
vehicle 399.0 465.0 407.0 469.0
vehicle 408.0 446.0 413.0 452.0
vehicle 427.0 456.0 431.0 462.0
vehicle 403.0 472.0 411.0 477.0
vehicle 405.0 481.0 413.0 485.0
vehicle 434.0 487.0 438.0 494.0
vehicle 444.0 454.0 447.0 462.0
vehicle 477.0 464.0 481.0 471.0
vehicle 453.0 477.0 457.0 485.0
vehicle 465.0 479.0 468.0 486.0
vehicle 449.0 438.0 453.0 444.0
vehicle 425.0 440.0 429.0 447.0
vehicle 441.0 503.0 446.0 511.0
vehicle 449.0 704.0 453.0 712.0
vehicle 483.0 653.0 486.0 660.0
vehicle 441.0 705.0 444.0 712.0
vehicle 445.0 704.0 448.0 712.0
vehicle 517.0 675.0 521.0 686.0
vehicle 497.0 654.0 500.0 661.0
vehicle 500.0 655.0 504.0 661.0
vehicle 504.0 655.0 508.0 662.0
vehicle 508.0 654.0 511.0 662.0
vehicle 490.0 629.0 494.0 637.0
vehicle 468.0 628.0 472.0 634.0
vehicle 504.0 637.0 509.0 644.0
vehicle 512.0 637.0 516.0 644.0
vehicle 511.0 654.0 516.0 661.0
vehicle 504.0 629.0 508.0 636.0
vehicle 509.0 628.0 513.0 636.0
vehicle 505.0 613.0 509.0 620.0
vehicle 509.0 613.0 513.0 621.0
vehicle 487.0 613.0 490.0 620.0
vehicle 492.0 605.0 495.0 611.0
vehicle 510.0 604.0 513.0 612.0
vehicle 505.0 605.0 510.0 613.0
vehicle 498.0 604.0 502.0 611.0
vehicle 439.0 603.0 443.0 609.0
vehicle 443.0 603.0 448.0 611.0
vehicle 439.0 612.0 443.0 618.0
vehicle 423.0 528.0 431.0 532.0
vehicle 425.0 521.0 432.0 526.0
vehicle 424.0 533.0 430.0 537.0
vehicle 423.0 538.0 432.0 541.0
vehicle 423.0 540.0 432.0 545.0
vehicle 423.0 544.0 431.0 548.0
vehicle 423.0 548.0 431.0 552.0
vehicle 423.0 554.0 431.0 558.0
vehicle 424.0 557.0 431.0 561.0
vehicle 423.0 560.0 431.0 564.0
vehicle 423.0 564.0 431.0 567.0
vehicle 423.0 567.0 431.0 570.0
vehicle 422.0 570.0 431.0 574.0
vehicle 424.0 577.0 431.0 580.0
vehicle 423.0 580.0 431.0 584.0
vehicle 423.0 593.0 430.0 597.0
vehicle 442.0 511.0 445.0 520.0
vehicle 424.0 467.0 432.0 471.0
vehicle 448.0 455.0 451.0 460.0
vehicle 459.0 455.0 463.0 461.0
vehicle 423.0 457.0 427.0 463.0
vehicle 440.0 453.0 444.0 461.0
vehicle 451.0 454.0 455.0 462.0
vehicle 455.0 455.0 459.0 461.0
vehicle 416.0 459.0 421.0 468.0
vehicle 433.0 462.0 436.0 469.0
vehicle 436.0 462.0 441.0 469.0
vehicle 447.0 463.0 451.0 469.0
vehicle 451.0 463.0 455.0 471.0
vehicle 455.0 462.0 458.0 470.0
vehicle 423.0 479.0 427.0 486.0
vehicle 435.0 478.0 439.0 485.0
vehicle 438.0 487.0 442.0 495.0
vehicle 442.0 488.0 446.0 495.0
vehicle 442.0 480.0 446.0 485.0
vehicle 446.0 480.0 449.0 485.0
vehicle 449.0 479.0 453.0 485.0
vehicle 453.0 487.0 457.0 494.0
vehicle 466.0 488.0 470.0 495.0
vehicle 470.0 489.0 474.0 496.0
vehicle 454.0 504.0 457.0 511.0
vehicle 440.0 552.0 444.0 559.0
vehicle 440.0 562.0 443.0 568.0
vehicle 514.0 555.0 517.0 562.0
vehicle 510.0 556.0 514.0 562.0
vehicle 507.0 555.0 510.0 561.0
vehicle 503.0 555.0 506.0 561.0
vehicle 498.0 555.0 503.0 562.0
vehicle 495.0 554.0 499.0 561.0
vehicle 492.0 555.0 495.0 561.0
vehicle 488.0 555.0 492.0 562.0
vehicle 485.0 554.0 488.0 560.0
vehicle 481.0 553.0 485.0 560.0
vehicle 475.0 554.0 481.0 562.0
vehicle 467.0 554.0 471.0 560.0
vehicle 462.0 554.0 466.0 561.0
vehicle 454.0 553.0 459.0 560.0
vehicle 447.0 553.0 451.0 560.0
vehicle 444.0 552.0 449.0 560.0
vehicle 451.0 561.0 454.0 569.0
vehicle 459.0 563.0 462.0 569.0
vehicle 462.0 562.0 467.0 570.0
vehicle 477.0 562.0 480.0 569.0
vehicle 480.0 563.0 485.0 570.0
vehicle 492.0 564.0 496.0 570.0
vehicle 514.0 564.0 517.0 570.0
vehicle 510.0 564.0 513.0 570.0
vehicle 469.0 578.0 474.0 585.0
vehicle 476.0 580.0 480.0 586.0
vehicle 514.0 580.0 518.0 586.0
vehicle 501.0 579.0 505.0 586.0
vehicle 485.0 579.0 488.0 586.0
vehicle 462.0 587.0 466.0 595.0
vehicle 475.0 589.0 480.0 596.0
vehicle 491.0 579.0 496.0 587.0
vehicle 498.0 580.0 503.0 586.0
vehicle 506.0 581.0 509.0 587.0
vehicle 502.0 588.0 506.0 594.0
vehicle 493.0 588.0 498.0 594.0
vehicle 531.0 556.0 534.0 563.0
vehicle 539.0 563.0 543.0 569.0
vehicle 529.0 563.0 533.0 570.0
vehicle 533.0 563.0 536.0 570.0
vehicle 536.0 530.0 538.0 536.0
vehicle 594.0 548.0 603.0 552.0
vehicle 595.0 568.0 603.0 571.0
vehicle 572.0 555.0 576.0 562.0
vehicle 581.0 556.0 585.0 563.0
vehicle 527.0 593.0 533.0 595.0
vehicle 438.0 576.0 443.0 584.0
vehicle 440.0 587.0 444.0 594.0
vehicle 539.0 464.0 544.0 471.0
vehicle 485.0 462.0 488.0 471.0
vehicle 494.0 462.0 498.0 471.0
vehicle 488.0 463.0 492.0 471.0
vehicle 503.0 463.0 508.0 471.0
vehicle 498.0 464.0 501.0 470.0
vehicle 518.0 463.0 522.0 470.0
vehicle 526.0 464.0 530.0 471.0
vehicle 511.0 464.0 515.0 471.0
vehicle 459.0 462.0 463.0 471.0
vehicle 546.0 464.0 550.0 471.0
vehicle 554.0 464.0 557.0 472.0
vehicle 557.0 463.0 561.0 472.0
vehicle 561.0 464.0 566.0 472.0
vehicle 568.0 464.0 572.0 472.0
vehicle 572.0 464.0 576.0 472.0
vehicle 579.0 464.0 584.0 472.0
vehicle 576.0 463.0 580.0 473.0
vehicle 598.0 480.0 604.0 484.0
vehicle 596.0 483.0 603.0 486.0
vehicle 597.0 486.0 604.0 490.0
vehicle 596.0 489.0 605.0 494.0
vehicle 596.0 495.0 604.0 499.0
vehicle 597.0 499.0 605.0 503.0
vehicle 597.0 502.0 605.0 506.0
vehicle 595.0 524.0 604.0 528.0
vehicle 594.0 530.0 604.0 533.0
vehicle 595.0 542.0 603.0 544.0
vehicle 539.0 554.0 544.0 561.0
vehicle 555.0 556.0 559.0 562.0
vehicle 562.0 555.0 565.0 562.0
vehicle 485.0 479.0 489.0 486.0
vehicle 477.0 488.0 481.0 495.0
vehicle 449.0 512.0 452.0 519.0
vehicle 453.0 512.0 456.0 519.0
vehicle 459.0 504.0 463.0 511.0
vehicle 441.0 528.0 445.0 535.0
vehicle 440.0 537.0 444.0 544.0
vehicle 444.0 538.0 448.0 543.0
vehicle 448.0 537.0 453.0 544.0
vehicle 452.0 527.0 456.0 535.0
vehicle 452.0 537.0 455.0 544.0
vehicle 455.0 538.0 459.0 544.0
vehicle 456.0 530.0 459.0 536.0
vehicle 486.0 487.0 489.0 495.0
vehicle 554.0 440.0 559.0 448.0
vehicle 580.0 482.0 583.0 488.0
vehicle 575.0 489.0 579.0 496.0
vehicle 580.0 489.0 583.0 495.0
vehicle 578.0 505.0 582.0 512.0
vehicle 571.0 506.0 574.0 512.0
vehicle 562.0 505.0 565.0 512.0
vehicle 565.0 506.0 569.0 512.0
vehicle 579.0 515.0 583.0 522.0
vehicle 573.0 514.0 577.0 522.0
vehicle 568.0 515.0 572.0 522.0
vehicle 545.0 504.0 549.0 512.0
vehicle 568.0 490.0 572.0 496.0
vehicle 489.0 488.0 492.0 494.0
vehicle 539.0 481.0 543.0 488.0
vehicle 496.0 480.0 500.0 486.0
vehicle 492.0 488.0 496.0 495.0
vehicle 496.0 487.0 500.0 495.0
vehicle 499.0 487.0 503.0 496.0
vehicle 506.0 479.0 511.0 486.0
vehicle 515.0 480.0 518.0 487.0
vehicle 529.0 480.0 533.0 488.0
vehicle 515.0 488.0 519.0 496.0
vehicle 521.0 489.0 525.0 495.0
vehicle 525.0 488.0 529.0 495.0
vehicle 541.0 489.0 544.0 496.0
vehicle 558.0 490.0 561.0 496.0
vehicle 546.0 488.0 550.0 495.0
vehicle 554.0 480.0 558.0 488.0
vehicle 471.0 505.0 475.0 510.0
vehicle 485.0 504.0 488.0 511.0
vehicle 497.0 504.0 500.0 510.0
vehicle 505.0 504.0 510.0 512.0
vehicle 481.0 512.0 485.0 520.0
vehicle 471.0 529.0 475.0 535.0
vehicle 477.0 538.0 481.0 545.0
vehicle 522.0 506.0 526.0 512.0
vehicle 526.0 505.0 530.0 512.0
vehicle 539.0 504.0 543.0 511.0
vehicle 561.0 514.0 565.0 521.0
vehicle 471.0 513.0 474.0 519.0
vehicle 496.0 512.0 499.0 520.0
vehicle 463.0 529.0 467.0 536.0
vehicle 463.0 539.0 466.0 545.0
vehicle 467.0 538.0 471.0 544.0
vehicle 521.0 528.0 525.0 537.0
vehicle 525.0 513.0 529.0 521.0
vehicle 554.0 514.0 558.0 521.0
vehicle 575.0 539.0 579.0 547.0
vehicle 550.0 529.0 553.0 536.0
vehicle 518.0 539.0 521.0 545.0
vehicle 503.0 530.0 507.0 537.0
vehicle 502.0 538.0 506.0 545.0
vehicle 496.0 528.0 499.0 537.0
vehicle 481.0 538.0 484.0 544.0
vehicle 477.0 530.0 480.0 535.0
vehicle 489.0 538.0 492.0 544.0
vehicle 484.0 538.0 489.0 545.0
vehicle 506.0 538.0 510.0 544.0
vehicle 510.0 529.0 513.0 536.0
vehicle 513.0 530.0 518.0 538.0
vehicle 513.0 539.0 516.0 544.0
vehicle 535.0 538.0 538.0 545.0
vehicle 538.0 539.0 543.0 546.0
vehicle 567.0 532.0 572.0 538.0
vehicle 568.0 540.0 571.0 545.0
vehicle 528.0 530.0 532.0 536.0
vehicle 527.0 540.0 531.0 546.0
vehicle 524.0 540.0 528.0 545.0
vehicle 560.0 539.0 564.0 546.0
vehicle 557.0 538.0 560.0 545.0
vehicle 553.0 538.0 556.0 546.0
vehicle 550.0 538.0 554.0 545.0
vehicle 546.0 539.0 549.0 545.0
vehicle 546.0 514.0 550.0 521.0
vehicle 556.0 530.0 561.0 537.0
vehicle 561.0 530.0 565.0 537.0
vehicle 545.0 529.0 549.0 537.0
vehicle 485.0 529.0 490.0 535.0
vehicle 470.0 587.0 473.0 594.0
vehicle 507.0 513.0 511.0 520.0
vehicle 514.0 513.0 517.0 519.0
vehicle 518.0 513.0 522.0 519.0
vehicle 476.0 513.0 482.0 521.0
vehicle 476.0 504.0 481.0 511.0
vehicle 491.0 513.0 495.0 519.0
vehicle 513.0 505.0 517.0 511.0
vehicle 511.0 489.0 516.0 496.0
vehicle 500.0 504.0 504.0 511.0
vehicle 511.0 411.0 515.0 418.0
vehicle 524.0 416.0 529.0 422.0
vehicle 512.0 427.0 517.0 435.0
vehicle 527.0 432.0 531.0 439.0
vehicle 533.0 433.0 537.0 441.0
vehicle 519.0 429.0 525.0 437.0
vehicle 447.0 405.0 456.0 409.0
vehicle 446.0 403.0 454.0 407.0
vehicle 449.0 410.0 455.0 412.0
vehicle 453.0 437.0 457.0 444.0
vehicle 458.0 438.0 461.0 444.0
vehicle 452.0 415.0 458.0 419.0
vehicle 453.0 419.0 459.0 423.0
vehicle 453.0 422.0 461.0 426.0
vehicle 456.0 426.0 461.0 429.0
vehicle 456.0 430.0 462.0 434.0
bridge 641.0 33.0 680.0 52.0
bridge 689.0 82.0 711.0 130.0
