harbor 24.0 44.0 337.0 137.0
harbor 24.0 181.0 236.0 277.0
harbor 180.0 391.0 299.0 800.0
harbor 26.0 380.0 83.0 800.0
ship 50.0 47.0 65.0 79.0
ship 65.0 45.0 81.0 82.0
ship 97.0 44.0 113.0 75.0
ship 117.0 47.0 130.0 75.0
ship 132.0 47.0 149.0 80.0
ship 165.0 47.0 182.0 81.0
ship 185.0 46.0 199.0 80.0
ship 201.0 44.0 216.0 84.0
ship 219.0 47.0 234.0 87.0
ship 237.0 50.0 251.0 83.0
ship 286.0 51.0 300.0 84.0
ship 302.0 46.0 317.0 80.0
ship 326.0 46.0 335.0 77.0
ship 327.0 106.0 334.0 135.0
ship 304.0 102.0 317.0 133.0
ship 287.0 101.0 298.0 131.0
ship 270.0 101.0 281.0 131.0
ship 235.0 100.0 246.0 130.0
ship 187.0 98.0 199.0 121.0
ship 67.0 184.0 123.0 202.0
ship 202.0 221.0 218.0 269.0
ship 242.0 417.0 283.0 434.0
ship 243.0 397.0 284.0 414.0
ship 242.0 437.0 289.0 457.0
ship 241.0 457.0 288.0 477.0
ship 243.0 480.0 298.0 500.0
ship 192.0 480.0 232.0 496.0
ship 191.0 542.0 231.0 558.0
ship 238.0 567.0 289.0 583.0
ship 240.0 587.0 288.0 603.0
ship 193.0 629.0 229.0 643.0
ship 242.0 629.0 278.0 643.0
ship 241.0 671.0 281.0 687.0
ship 188.0 670.0 228.0 686.0
ship 184.0 690.0 224.0 706.0
ship 241.0 713.0 285.0 730.0
ship 240.0 733.0 284.0 750.0
ship 238.0 753.0 282.0 770.0
ship 212.0 776.0 256.0 793.0
ship 41.0 398.0 79.0 411.0
ship 38.0 414.0 76.0 427.0
ship 39.0 433.0 69.0 444.0
ship 37.0 491.0 68.0 503.0
ship 37.0 451.0 67.0 462.0
ship 35.0 471.0 65.0 482.0
ship 37.0 568.0 68.0 580.0
ship 35.0 647.0 66.0 659.0
ship 32.0 702.0 63.0 714.0
ship 33.0 724.0 64.0 736.0
ship 35.0 760.0 62.0 773.0
ship 36.0 780.0 63.0 793.0
