tenniscourt 207.0 152.0 284.0 231.0
tenniscourt 172.0 187.0 253.0 268.0
tenniscourt 139.0 224.0 219.0 303.0
tenniscourt 291.0 231.0 367.0 312.0
tenniscourt 255.0 269.0 335.0 348.0
tenniscourt 222.0 305.0 302.0 383.0
vehicle 112.0 126.0 128.0 140.0
vehicle 76.0 173.0 86.0 185.0
vehicle 211.0 21.0 221.0 33.0
vehicle 197.0 34.0 210.0 47.0
vehicle 363.0 129.0 379.0 145.0
vehicle 713.0 4.0 727.0 19.0
vehicle 629.0 221.0 643.0 233.0
vehicle 658.0 203.0 674.0 214.0
vehicle 677.0 196.0 690.0 205.0
vehicle 698.0 183.0 710.0 192.0
vehicle 714.0 173.0 725.0 183.0
vehicle 753.0 149.0 767.0 159.0
vehicle 676.0 169.0 691.0 183.0
vehicle 761.0 121.0 773.0 133.0
vehicle 632.0 664.0 645.0 677.0
vehicle 613.0 680.0 629.0 696.0
