tenniscourt 345.0 532.0 423.0 604.0
tenniscourt 318.0 566.0 396.0 637.0
tenniscourt 460.0 567.0 538.0 642.0
tenniscourt 432.0 600.0 511.0 676.0
tenniscourt 404.0 637.0 480.0 704.0
vehicle 21.0 10.0 34.0 24.0
vehicle 34.0 23.0 48.0 37.0
vehicle 45.0 37.0 57.0 48.0
vehicle 70.0 63.0 82.0 77.0
vehicle 88.0 83.0 100.0 97.0
vehicle 99.0 96.0 110.0 109.0
vehicle 111.0 112.0 124.0 125.0
vehicle 123.0 97.0 133.0 110.0
vehicle 134.0 111.0 144.0 123.0
vehicle 145.0 124.0 159.0 140.0
vehicle 130.0 135.0 142.0 147.0
vehicle 154.0 162.0 168.0 177.0
vehicle 179.0 163.0 192.0 176.0
vehicle 168.0 178.0 182.0 193.0
vehicle 202.0 191.0 214.0 201.0
vehicle 188.0 201.0 200.0 212.0
vehicle 196.0 211.0 209.0 224.0
vehicle 212.0 202.0 222.0 212.0
vehicle 220.0 212.0 235.0 226.0
vehicle 227.0 248.0 239.0 262.0
vehicle 236.0 259.0 246.0 269.0
vehicle 244.0 268.0 255.0 281.0
vehicle 255.0 282.0 268.0 296.0
vehicle 267.0 294.0 277.0 307.0
vehicle 245.0 243.0 257.0 255.0
tenniscourt 264.0 153.0 327.0 217.0
vehicle 741.0 177.0 753.0 190.0
vehicle 747.0 211.0 758.0 222.0
vehicle 703.0 216.0 715.0 227.0
vehicle 639.0 631.0 650.0 641.0
vehicle 738.0 714.0 749.0 724.0
vehicle 742.0 738.0 756.0 751.0
vehicle 753.0 728.0 765.0 739.0
vehicle 760.0 753.0 773.0 765.0
vehicle 775.0 748.0 790.0 761.0
vehicle 346.0 785.0 359.0 796.0
vehicle 312.0 757.0 325.0 768.0
vehicle 300.0 749.0 312.0 758.0
vehicle 307.0 782.0 320.0 794.0
vehicle 294.0 772.0 307.0 784.0
vehicle 283.0 763.0 294.0 773.0
vehicle 268.0 752.0 283.0 763.0
vehicle 255.0 741.0 268.0 752.0
vehicle 243.0 730.0 258.0 742.0
vehicle 231.0 722.0 243.0 732.0
vehicle 219.0 710.0 231.0 723.0
vehicle 193.0 689.0 206.0 701.0
vehicle 193.0 661.0 206.0 672.0
vehicle 171.0 670.0 183.0 681.0
vehicle 178.0 651.0 193.0 664.0
vehicle 159.0 661.0 169.0 671.0
vehicle 140.0 646.0 152.0 657.0
vehicle 147.0 624.0 162.0 637.0
vehicle 123.0 604.0 135.0 614.0
vehicle 5.0 445.0 16.0 459.0
vehicle 15.0 459.0 29.0 473.0
vehicle 23.0 523.0 34.0 535.0
vehicle 13.0 512.0 27.0 523.0
vehicle 4.0 503.0 15.0 516.0
vehicle 1.0 497.0 10.0 512.0
