harbor 253.0 58.0 531.0 205.0
harbor 126.0 1.0 194.0 150.0
harbor 137.0 201.0 204.0 378.0
harbor 120.0 407.0 169.0 523.0
harbor 246.0 535.0 535.0 611.0
harbor 241.0 658.0 536.0 791.0
harbor 268.0 293.0 533.0 437.0
vehicle 541.0 177.0 572.0 206.0
vehicle 566.0 166.0 602.0 200.0
vehicle 574.0 111.0 605.0 148.0
vehicle 649.0 143.0 666.0 174.0
vehicle 604.0 368.0 630.0 404.0
vehicle 611.0 435.0 628.0 474.0
vehicle 562.0 643.0 591.0 679.0
vehicle 615.0 714.0 637.0 747.0
vehicle 552.0 396.0 583.0 425.0
vehicle 8.0 346.0 42.0 361.0
harbor 516.0 12.0 707.0 115.0
ship 177.0 12.0 200.0 53.0
ship 176.0 257.0 200.0 305.0
ship 180.0 327.0 204.0 375.0
ship 252.0 80.0 275.0 138.0
ship 276.0 70.0 299.0 128.0
ship 302.0 73.0 325.0 131.0
ship 356.0 70.0 379.0 128.0
ship 430.0 64.0 453.0 122.0
ship 381.0 141.0 404.0 199.0
ship 271.0 298.0 294.0 356.0
ship 322.0 303.0 345.0 361.0
ship 348.0 297.0 371.0 355.0
ship 427.0 295.0 450.0 353.0
ship 453.0 298.0 476.0 356.0
ship 498.0 382.0 521.0 440.0
ship 451.0 375.0 474.0 433.0
ship 376.0 377.0 399.0 435.0
ship 354.0 378.0 377.0 436.0
ship 324.0 376.0 347.0 434.0
ship 248.0 537.0 271.0 595.0
ship 373.0 548.0 396.0 606.0
ship 395.0 550.0 418.0 608.0
ship 454.0 547.0 477.0 605.0
ship 476.0 662.0 499.0 720.0
ship 436.0 659.0 459.0 717.0
ship 309.0 658.0 332.0 716.0
ship 286.0 664.0 305.0 715.0
ship 245.0 664.0 264.0 715.0
ship 243.0 733.0 262.0 784.0
ship 263.0 729.0 282.0 780.0
ship 494.0 733.0 514.0 788.0
ship 454.0 734.0 473.0 780.0
ship 494.0 301.0 521.0 354.0
ship 498.0 140.0 519.0 190.0
ship 543.0 40.0 570.0 87.0
ship 569.0 38.0 596.0 85.0
ship 647.0 5.0 674.0 52.0
ship 543.0 122.0 593.0 166.0
ship 611.0 81.0 645.0 147.0
ship 643.0 69.0 677.0 135.0
ship 676.0 64.0 726.0 122.0
ship 686.0 143.0 748.0 170.0
ship 687.0 164.0 749.0 191.0
ship 690.0 208.0 752.0 235.0
ship 684.0 250.0 767.0 280.0
ship 692.0 297.0 742.0 316.0
ship 538.0 212.0 584.0 270.0
ship 536.0 255.0 588.0 305.0
ship 534.0 286.0 586.0 336.0
ship 537.0 336.0 589.0 386.0
ship 541.0 416.0 593.0 466.0
ship 537.0 453.0 589.0 503.0
ship 540.0 495.0 592.0 545.0
ship 545.0 679.0 597.0 729.0
ship 537.0 719.0 589.0 769.0
ship 541.0 750.0 593.0 800.0
ship 629.0 750.0 681.0 800.0
ship 630.0 730.0 671.0 769.0
ship 551.0 552.0 589.0 604.0
ship 625.0 355.0 670.0 403.0
ship 636.0 447.0 681.0 495.0
ship 637.0 511.0 682.0 559.0
ship 631.0 597.0 676.0 645.0
ship 632.0 639.0 677.0 687.0
ship 721.0 497.0 763.0 537.0
ship 632.0 394.0 668.0 431.0
ship 720.0 389.0 749.0 420.0
ship 719.0 410.0 753.0 446.0
ship 724.0 435.0 758.0 471.0
ship 723.0 526.0 764.0 571.0
ship 639.0 550.0 676.0 585.0
ship 718.0 597.0 755.0 638.0
ship 718.0 630.0 756.0 677.0
ship 636.0 670.0 672.0 709.0
ship 724.0 698.0 760.0 737.0
ship 728.0 774.0 763.0 800.0
