airplane 524.0 114.0 578.0 169.0
airplane 445.0 143.0 514.0 198.0
airplane 366.0 174.0 434.0 224.0
airplane 272.0 213.0 333.0 261.0
airplane 10.0 300.0 78.0 349.0
airplane 431.0 305.0 493.0 353.0
airplane 365.0 330.0 430.0 379.0
airplane 348.0 387.0 413.0 439.0
airplane 270.0 411.0 337.0 463.0
airplane 227.0 384.0 289.0 433.0
airplane 162.0 407.0 224.0 454.0
airplane 80.0 436.0 149.0 483.0
airplane 56.0 494.0 133.0 547.0
airplane 154.0 465.0 221.0 514.0
airplane 164.0 676.0 247.0 753.0
airplane 255.0 661.0 332.0 714.0
