airplane 212.0 135.0 284.0 222.0
airplane 306.0 168.0 394.0 261.0
airplane 409.0 159.0 495.0 253.0
airplane 529.0 170.0 618.0 266.0
airplane 717.0 222.0 781.0 287.0
airplane 37.0 429.0 111.0 510.0
airplane 519.0 402.0 602.0 473.0
airplane 511.0 451.0 574.0 511.0
airplane 495.0 494.0 569.0 572.0
vehicle 585.0 541.0 601.0 550.0
vehicle 581.0 558.0 595.0 567.0
vehicle 509.0 585.0 517.0 607.0
vehicle 520.0 588.0 527.0 604.0
vehicle 529.0 588.0 537.0 605.0
vehicle 491.0 657.0 508.0 664.0
vehicle 489.0 698.0 505.0 705.0
vehicle 594.0 679.0 610.0 691.0
vehicle 590.0 698.0 610.0 710.0
vehicle 117.0 767.0 125.0 782.0
vehicle 107.0 766.0 114.0 783.0
