stadium 268.0 210.0 520.0 561.0
vehicle 346.0 725.0 377.0 760.0
vehicle 329.0 759.0 348.0 779.0
vehicle 393.0 597.0 399.0 610.0
vehicle 401.0 595.0 406.0 607.0
vehicle 485.0 650.0 497.0 656.0
vehicle 507.0 763.0 528.0 778.0
vehicle 381.0 691.0 393.0 697.0
vehicle 412.0 673.0 424.0 680.0
vehicle 428.0 654.0 436.0 666.0
vehicle 518.0 690.0 529.0 696.0
vehicle 446.0 674.0 453.0 686.0
vehicle 482.0 663.0 489.0 674.0
vehicle 504.0 690.0 510.0 703.0
vehicle 436.0 701.0 448.0 707.0
vehicle 729.0 637.0 741.0 648.0
vehicle 688.0 781.0 703.0 792.0
vehicle 691.0 787.0 703.0 798.0
vehicle 680.0 766.0 692.0 775.0
vehicle 683.0 771.0 694.0 780.0
vehicle 727.0 783.0 740.0 792.0
vehicle 725.0 775.0 736.0 784.0
vehicle 722.0 769.0 734.0 778.0
vehicle 719.0 764.0 731.0 772.0
vehicle 716.0 757.0 728.0 767.0
vehicle 714.0 753.0 724.0 761.0
vehicle 711.0 748.0 721.0 756.0
vehicle 247.0 534.0 258.0 540.0
vehicle 242.0 541.0 253.0 547.0
vehicle 215.0 568.0 226.0 580.0
vehicle 188.0 621.0 196.0 629.0
vehicle 163.0 593.0 174.0 604.0
vehicle 749.0 290.0 757.0 302.0
vehicle 770.0 299.0 777.0 309.0
vehicle 775.0 306.0 782.0 318.0
vehicle 783.0 320.0 790.0 330.0
vehicle 787.0 325.0 794.0 336.0
vehicle 762.0 268.0 773.0 279.0
vehicle 771.0 259.0 781.0 270.0
vehicle 781.0 250.0 790.0 260.0
vehicle 788.0 241.0 797.0 251.0
