vehicle 488.0 538.0 508.0 570.0
vehicle 485.0 564.0 509.0 602.0
vehicle 469.0 482.0 480.0 528.0
vehicle 465.0 438.0 475.0 479.0
vehicle 490.0 425.0 512.0 459.0
vehicle 511.0 436.0 524.0 474.0
vehicle 529.0 442.0 550.0 466.0
vehicle 529.0 426.0 551.0 445.0
vehicle 538.0 388.0 556.0 419.0
vehicle 526.0 508.0 549.0 545.0
vehicle 521.0 559.0 548.0 618.0
vehicle 511.0 541.0 521.0 581.0
overpass 386.0 539.0 455.0 555.0
vehicle 546.0 144.0 571.0 152.0
vehicle 505.0 218.0 515.0 262.0
vehicle 494.0 301.0 509.0 328.0
vehicle 510.0 296.0 522.0 331.0
vehicle 264.0 650.0 276.0 681.0
vehicle 332.0 385.0 361.0 421.0
vehicle 332.0 360.0 360.0 398.0
vehicle 334.0 336.0 356.0 371.0
vehicle 342.0 290.0 365.0 324.0
vehicle 348.0 255.0 376.0 292.0
vehicle 345.0 204.0 369.0 239.0
Expressway-Service-area 125.0 101.0 410.0 762.0
Expressway-Service-area 458.0 39.0 662.0 688.0
