airplane 178.0 719.0 233.0 765.0
airplane 71.0 488.0 123.0 522.0
airplane 102.0 428.0 144.0 459.0
airplane 28.0 311.0 100.0 346.0
airplane 23.0 268.0 63.0 296.0
airplane 95.0 167.0 155.0 210.0
airplane 283.0 182.0 373.0 243.0
airplane 507.0 111.0 570.0 150.0
airplane 661.0 14.0 728.0 57.0
airplane 715.0 225.0 768.0 268.0
airplane 265.0 321.0 327.0 364.0
airplane 341.0 326.0 399.0 370.0
airplane 248.0 442.0 292.0 471.0
airplane 198.0 490.0 246.0 518.0
airplane 327.0 497.0 369.0 519.0
airplane 435.0 524.0 489.0 559.0
airplane 388.0 590.0 441.0 622.0
airplane 446.0 624.0 517.0 665.0
airplane 628.0 723.0 684.0 765.0
airplane 537.0 459.0 584.0 489.0
airplane 492.0 332.0 555.0 379.0
airplane 565.0 398.0 641.0 441.0
airplane 642.0 341.0 708.0 385.0
