ship 452.0 614.0 471.0 653.0
ship 576.0 577.0 592.0 590.0
ship 122.0 427.0 145.0 455.0
ship 461.0 378.0 495.0 407.0
ship 348.0 304.0 367.0 358.0
ship 320.0 306.0 343.0 354.0
ship 274.0 285.0 287.0 308.0
ship 280.0 327.0 290.0 350.0
ship 404.0 326.0 418.0 344.0
ship 425.0 338.0 441.0 357.0
ship 593.0 570.0 611.0 586.0
harbor 52.0 308.0 172.0 534.0
harbor 266.0 153.0 302.0 365.0
harbor 318.0 143.0 375.0 360.0
harbor 401.0 175.0 496.0 361.0
harbor 454.0 292.0 600.0 412.0
harbor 487.0 358.0 641.0 465.0
harbor 572.0 558.0 699.0 605.0
