harbor 662.0 72.0 792.0 369.0
harbor 475.0 75.0 585.0 369.0
harbor 268.0 74.0 397.0 367.0
harbor 46.0 74.0 188.0 367.0
vehicle 1.0 658.0 14.0 673.0
ship 135.0 86.0 190.0 102.0
ship 64.0 86.0 100.0 102.0
ship 142.0 112.0 183.0 126.0
ship 52.0 117.0 93.0 130.0
ship 135.0 139.0 193.0 157.0
ship 138.0 170.0 187.0 183.0
ship 50.0 170.0 106.0 188.0
ship 135.0 193.0 194.0 213.0
ship 47.0 198.0 109.0 217.0
ship 47.0 227.0 111.0 245.0
ship 137.0 249.0 191.0 269.0
ship 47.0 252.0 109.0 273.0
ship 144.0 278.0 190.0 295.0
ship 51.0 281.0 110.0 301.0
ship 130.0 312.0 186.0 329.0
ship 47.0 308.0 106.0 329.0
ship 58.0 342.0 97.0 358.0
ship 108.0 344.0 176.0 365.0
ship 279.0 385.0 311.0 402.0
ship 340.0 343.0 401.0 364.0
ship 278.0 341.0 336.0 359.0
ship 347.0 311.0 394.0 328.0
ship 275.0 314.0 321.0 328.0
ship 347.0 288.0 394.0 301.0
ship 279.0 288.0 321.0 303.0
ship 354.0 262.0 398.0 279.0
ship 272.0 264.0 320.0 279.0
ship 269.0 236.0 323.0 254.0
ship 357.0 231.0 397.0 248.0
ship 347.0 210.0 394.0 226.0
ship 354.0 182.0 397.0 196.0
ship 281.0 212.0 320.0 227.0
ship 539.0 314.0 581.0 327.0
ship 475.0 287.0 515.0 301.0
ship 736.0 311.0 783.0 327.0
ship 543.0 288.0 581.0 302.0
ship 665.0 285.0 707.0 300.0
ship 662.0 259.0 714.0 277.0
ship 541.0 261.0 580.0 275.0
ship 744.0 231.0 779.0 247.0
ship 662.0 233.0 703.0 249.0
ship 662.0 207.0 711.0 223.0
ship 667.0 179.0 705.0 193.0
ship 662.0 155.0 704.0 169.0
ship 662.0 127.0 709.0 142.0
ship 738.0 259.0 780.0 275.0
ship 739.0 286.0 785.0 300.0
ship 741.0 178.0 782.0 194.0
ship 740.0 154.0 782.0 172.0
ship 663.0 103.0 701.0 119.0
ship 541.0 75.0 585.0 91.0
ship 538.0 107.0 578.0 123.0
ship 542.0 161.0 578.0 174.0
ship 475.0 160.0 512.0 174.0
ship 475.0 211.0 517.0 224.0
ship 541.0 211.0 583.0 225.0
ship 542.0 235.0 579.0 249.0
ship 479.0 185.0 512.0 199.0
ship 478.0 235.0 511.0 251.0
ship 480.0 262.0 520.0 278.0
ship 355.0 131.0 393.0 144.0
ship 350.0 106.0 388.0 120.0
ship 278.0 107.0 316.0 123.0
ship 277.0 77.0 321.0 94.0
