tenniscourt 106.0 30.0 140.0 85.0
tenniscourt 85.0 104.0 125.0 158.0
tenniscourt 73.0 177.0 107.0 231.0
tenniscourt 427.0 235.0 461.0 292.0
tenniscourt 511.0 191.0 566.0 229.0
vehicle 203.0 3.0 210.0 13.0
vehicle 219.0 8.0 225.0 18.0
vehicle 258.0 20.0 267.0 30.0
vehicle 298.0 32.0 303.0 39.0
vehicle 303.0 32.0 310.0 40.0
vehicle 308.0 34.0 313.0 42.0
vehicle 316.0 37.0 322.0 44.0
vehicle 322.0 40.0 326.0 48.0
vehicle 332.0 42.0 336.0 51.0
vehicle 337.0 43.0 342.0 52.0
vehicle 342.0 43.0 348.0 54.0
vehicle 349.0 47.0 355.0 53.0
vehicle 354.0 49.0 359.0 57.0
vehicle 359.0 49.0 363.0 58.0
vehicle 364.0 51.0 367.0 59.0
vehicle 367.0 52.0 373.0 61.0
vehicle 373.0 54.0 378.0 62.0
vehicle 365.0 15.0 372.0 24.0
vehicle 380.0 18.0 384.0 25.0
vehicle 392.0 21.0 398.0 29.0
vehicle 417.0 25.0 423.0 33.0
vehicle 430.0 30.0 440.0 38.0
vehicle 445.0 32.0 451.0 39.0
vehicle 451.0 32.0 460.0 43.0
vehicle 40.0 234.0 48.0 246.0
vehicle 101.0 318.0 112.0 326.0
vehicle 597.0 188.0 602.0 198.0
vehicle 602.0 193.0 608.0 201.0
vehicle 570.0 241.0 576.0 255.0
vehicle 583.0 205.0 589.0 215.0
vehicle 660.0 145.0 670.0 152.0
vehicle 671.0 149.0 679.0 153.0
vehicle 688.0 154.0 698.0 161.0
vehicle 709.0 148.0 715.0 154.0
vehicle 719.0 152.0 724.0 159.0
vehicle 556.0 320.0 561.0 329.0
vehicle 550.0 337.0 557.0 345.0
vehicle 550.0 344.0 556.0 349.0
vehicle 547.0 346.0 555.0 354.0
vehicle 749.0 316.0 756.0 321.0
vehicle 718.0 336.0 725.0 340.0
vehicle 658.0 372.0 670.0 378.0
vehicle 648.0 379.0 657.0 384.0
vehicle 639.0 385.0 650.0 391.0
vehicle 622.0 394.0 637.0 399.0
vehicle 614.0 401.0 624.0 404.0
vehicle 591.0 413.0 603.0 420.0
vehicle 548.0 441.0 559.0 447.0
vehicle 590.0 446.0 598.0 450.0
vehicle 599.0 449.0 608.0 456.0
vehicle 609.0 451.0 618.0 458.0
vehicle 647.0 461.0 656.0 468.0
vehicle 666.0 466.0 675.0 471.0
vehicle 795.0 231.0 799.0 238.0
vehicle 784.0 254.0 789.0 263.0
vehicle 9.0 335.0 18.0 340.0
vehicle 20.0 336.0 30.0 344.0
vehicle 44.0 339.0 54.0 342.0
vehicle 56.0 339.0 63.0 346.0
vehicle 68.0 339.0 77.0 346.0
vehicle 80.0 341.0 90.0 348.0
vehicle 135.0 336.0 144.0 345.0
vehicle 149.0 354.0 158.0 363.0
vehicle 179.0 378.0 188.0 387.0
vehicle 10.0 507.0 21.0 517.0
vehicle 34.0 516.0 43.0 519.0
vehicle 44.0 517.0 57.0 526.0
vehicle 56.0 519.0 67.0 527.0
vehicle 77.0 524.0 87.0 532.0
vehicle 109.0 532.0 120.0 537.0
vehicle 186.0 599.0 192.0 610.0
vehicle 10.0 698.0 24.0 705.0
vehicle 32.0 693.0 44.0 698.0
vehicle 47.0 695.0 59.0 700.0
vehicle 88.0 688.0 100.0 694.0
vehicle 121.0 674.0 130.0 679.0
vehicle 134.0 670.0 144.0 676.0
vehicle 152.0 666.0 161.0 671.0
vehicle 222.0 653.0 233.0 660.0
vehicle 216.0 661.0 241.0 670.0
vehicle 270.0 638.0 283.0 645.0
vehicle 296.0 633.0 306.0 638.0
vehicle 439.0 617.0 449.0 623.0
vehicle 377.0 614.0 388.0 619.0
vehicle 456.0 584.0 466.0 591.0
vehicle 454.0 607.0 463.0 613.0
vehicle 519.0 598.0 527.0 603.0
vehicle 578.0 604.0 589.0 610.0
vehicle 615.0 624.0 627.0 629.0
vehicle 753.0 629.0 765.0 636.0
vehicle 535.0 658.0 546.0 665.0
vehicle 524.0 647.0 531.0 656.0
vehicle 562.0 637.0 566.0 643.0
vehicle 677.0 655.0 686.0 658.0
vehicle 742.0 650.0 748.0 660.0
vehicle 713.0 655.0 722.0 660.0
vehicle 713.0 661.0 722.0 664.0
vehicle 710.0 666.0 718.0 671.0
vehicle 708.0 674.0 717.0 680.0
vehicle 706.0 680.0 715.0 684.0
vehicle 706.0 684.0 714.0 689.0
vehicle 729.0 674.0 747.0 681.0
vehicle 730.0 677.0 737.0 689.0
vehicle 752.0 676.0 757.0 685.0
vehicle 757.0 676.0 761.0 688.0
vehicle 762.0 677.0 766.0 685.0
vehicle 760.0 686.0 765.0 695.0
vehicle 766.0 688.0 770.0 698.0
vehicle 768.0 689.0 773.0 698.0
vehicle 772.0 658.0 777.0 666.0
vehicle 671.0 662.0 682.0 667.0
vehicle 675.0 669.0 682.0 672.0
vehicle 541.0 694.0 547.0 701.0
vehicle 770.0 700.0 780.0 705.0
vehicle 770.0 704.0 779.0 712.0
vehicle 768.0 710.0 777.0 717.0
vehicle 761.0 730.0 773.0 737.0
vehicle 760.0 736.0 770.0 742.0
vehicle 760.0 746.0 770.0 753.0
vehicle 755.0 758.0 766.0 767.0
vehicle 753.0 766.0 765.0 773.0
vehicle 751.0 781.0 758.0 786.0
vehicle 749.0 786.0 760.0 790.0
vehicle 560.0 701.0 565.0 712.0
vehicle 355.0 786.0 361.0 799.0
vehicle 363.0 790.0 370.0 800.0
vehicle 507.0 719.0 517.0 725.0
vehicle 552.0 772.0 559.0 784.0
vehicle 76.0 756.0 88.0 766.0
vehicle 115.0 743.0 125.0 748.0
vehicle 114.0 749.0 125.0 753.0
vehicle 115.0 755.0 125.0 758.0
vehicle 110.0 770.0 123.0 776.0
vehicle 121.0 725.0 130.0 733.0
vehicle 147.0 705.0 157.0 709.0
vehicle 140.0 723.0 152.0 729.0
vehicle 140.0 730.0 152.0 736.0
vehicle 142.0 749.0 149.0 756.0
vehicle 154.0 722.0 163.0 728.0
vehicle 210.0 709.0 220.0 715.0
vehicle 188.0 779.0 195.0 790.0
vehicle 191.0 758.0 196.0 766.0
vehicle 236.0 723.0 244.0 738.0
vehicle 107.0 790.0 119.0 795.0
vehicle 176.0 741.0 183.0 746.0
vehicle 173.0 751.0 182.0 756.0
vehicle 172.0 761.0 181.0 766.0
vehicle 171.0 771.0 179.0 776.0
vehicle 167.0 784.0 178.0 790.0
vehicle 168.0 791.0 181.0 797.0
vehicle 329.0 604.0 334.0 613.0
vehicle 409.0 595.0 418.0 600.0
vehicle 408.0 589.0 418.0 597.0
