harbor 116.0 5.0 608.0 478.0
harbor 679.0 1.0 778.0 443.0
ship 121.0 338.0 141.0 375.0
ship 117.0 409.0 136.0 449.0
ship 197.0 341.0 219.0 385.0
ship 286.0 408.0 308.0 452.0
ship 316.0 417.0 338.0 461.0
ship 221.0 413.0 243.0 457.0
ship 255.0 418.0 280.0 466.0
ship 171.0 328.0 192.0 372.0
ship 226.0 323.0 250.0 386.0
ship 308.0 317.0 331.0 383.0
ship 547.0 404.0 576.0 482.0
ship 718.0 376.0 745.0 443.0
ship 567.0 343.0 587.0 381.0
ship 674.0 338.0 716.0 357.0
ship 696.0 415.0 712.0 443.0
ship 508.0 338.0 525.0 370.0
ship 380.0 420.0 396.0 456.0
ship 289.0 348.0 302.0 373.0
ship 173.0 403.0 193.0 441.0
