vehicle 720.0 605.0 728.0 622.0
vehicle 639.0 530.0 645.0 549.0
vehicle 629.0 531.0 635.0 547.0
vehicle 620.0 536.0 626.0 550.0
vehicle 517.0 537.0 522.0 548.0
vehicle 686.0 345.0 692.0 357.0
vehicle 667.0 315.0 673.0 336.0
vehicle 668.0 293.0 676.0 311.0
vehicle 490.0 60.0 511.0 73.0
vehicle 492.0 98.0 512.0 111.0
vehicle 493.0 117.0 517.0 131.0
vehicle 584.0 94.0 595.0 112.0
vehicle 572.0 37.0 582.0 57.0
vehicle 595.0 36.0 603.0 56.0
vehicle 605.0 91.0 613.0 109.0
vehicle 661.0 112.0 678.0 122.0
vehicle 715.0 102.0 728.0 112.0
vehicle 574.0 146.0 595.0 155.0
vehicle 104.0 178.0 122.0 184.0
vehicle 24.0 305.0 42.0 312.0
vehicle 97.0 307.0 114.0 316.0
vehicle 106.0 290.0 121.0 296.0
vehicle 107.0 278.0 123.0 285.0
vehicle 164.0 303.0 185.0 312.0
vehicle 170.0 291.0 188.0 298.0
vehicle 161.0 275.0 177.0 282.0
vehicle 205.0 259.0 221.0 266.0
vehicle 278.0 271.0 299.0 277.0
vehicle 341.0 267.0 364.0 276.0
vehicle 367.0 251.0 384.0 259.0
vehicle 351.0 230.0 370.0 240.0
vehicle 417.0 244.0 433.0 252.0
vehicle 424.0 217.0 444.0 225.0
vehicle 464.0 245.0 489.0 253.0
vehicle 460.0 234.0 480.0 241.0
vehicle 510.0 237.0 527.0 244.0
vehicle 539.0 222.0 555.0 228.0
vehicle 575.0 223.0 590.0 231.0
vehicle 598.0 212.0 618.0 221.0
vehicle 622.0 217.0 637.0 225.0
vehicle 643.0 198.0 662.0 206.0
vehicle 681.0 202.0 698.0 210.0
vehicle 673.0 192.0 689.0 200.0
vehicle 694.0 187.0 713.0 195.0
vehicle 720.0 182.0 735.0 189.0
vehicle 738.0 178.0 757.0 185.0
vehicle 768.0 173.0 790.0 181.0
vehicle 797.0 168.0 800.0 172.0
vehicle 761.0 149.0 775.0 155.0
vehicle 697.0 162.0 715.0 168.0
bridge 105.0 189.0 535.0 335.0
ship 443.0 89.0 453.0 113.0
ship 443.0 58.0 453.0 82.0
ship 448.0 1.0 463.0 16.0
ship 462.0 94.0 468.0 114.0
ship 462.0 65.0 469.0 86.0
ship 462.0 38.0 470.0 59.0
harbor 431.0 1.0 475.0 124.0
ship 456.0 142.0 472.0 170.0
vehicle 549.0 148.0 568.0 160.0
ship 489.0 153.0 519.0 168.0
