airplane 245.0 59.0 279.0 84.0
airplane 284.0 59.0 318.0 84.0
airplane 323.0 59.0 359.0 85.0
airplane 209.0 146.0 239.0 171.0
airplane 255.0 144.0 290.0 172.0
airplane 283.0 153.0 318.0 179.0
airplane 313.0 143.0 349.0 171.0
airplane 132.0 295.0 189.0 344.0
airplane 458.0 404.0 486.0 438.0
airplane 457.0 455.0 486.0 493.0
airplane 457.0 505.0 484.0 538.0
airplane 456.0 557.0 482.0 586.0
airplane 457.0 594.0 485.0 632.0
airplane 154.0 616.0 192.0 644.0
vehicle 82.0 259.0 91.0 274.0
vehicle 134.0 332.0 166.0 361.0
vehicle 151.0 67.0 162.0 90.0
vehicle 175.0 68.0 186.0 96.0
vehicle 59.0 733.0 66.0 751.0
