airplane 268.0 205.0 367.0 343.0
airplane 519.0 212.0 597.0 306.0
airplane 560.0 300.0 707.0 419.0
airplane 221.0 474.0 363.0 580.0
vehicle 257.0 427.0 268.0 446.0
vehicle 428.0 604.0 446.0 612.0
vehicle 777.0 363.0 791.0 370.0
vehicle 775.0 382.0 789.0 389.0
vehicle 768.0 285.0 786.0 294.0
vehicle 769.0 296.0 787.0 305.0
vehicle 772.0 308.0 789.0 315.0
vehicle 771.0 328.0 788.0 335.0
vehicle 320.0 206.0 327.0 221.0
vehicle 681.0 251.0 691.0 282.0
vehicle 701.0 248.0 711.0 280.0
vehicle 715.0 250.0 723.0 274.0
vehicle 725.0 250.0 735.0 280.0
vehicle 737.0 251.0 746.0 281.0
vehicle 272.0 89.0 279.0 104.0
vehicle 282.0 90.0 289.0 106.0
vehicle 294.0 87.0 301.0 105.0
vehicle 304.0 89.0 311.0 106.0
vehicle 327.0 89.0 334.0 105.0
vehicle 336.0 86.0 344.0 103.0
vehicle 357.0 128.0 372.0 135.0
vehicle 383.0 85.0 405.0 94.0
vehicle 77.0 5.0 96.0 11.0
vehicle 75.0 17.0 91.0 24.0
