airplane 249.0 56.0 277.0 77.0
airplane 244.0 102.0 291.0 142.0
airplane 255.0 152.0 273.0 171.0
airplane 254.0 177.0 270.0 190.0
airplane 255.0 200.0 270.0 210.0
airplane 259.0 216.0 274.0 224.0
airplane 262.0 233.0 276.0 245.0
airplane 294.0 227.0 312.0 245.0
airplane 246.0 335.0 277.0 363.0
airplane 294.0 337.0 315.0 355.0
airplane 59.0 402.0 88.0 421.0
airplane 58.0 421.0 83.0 440.0
airplane 61.0 442.0 86.0 464.0
airplane 66.0 485.0 91.0 506.0
airplane 111.0 531.0 135.0 552.0
airplane 138.0 526.0 159.0 551.0
airplane 190.0 516.0 229.0 554.0
airplane 233.0 513.0 270.0 552.0
airplane 287.0 518.0 306.0 543.0
airplane 310.0 533.0 337.0 554.0
airplane 315.0 557.0 336.0 579.0
airplane 125.0 739.0 166.0 775.0
airplane 373.0 348.0 394.0 372.0
airplane 380.0 502.0 404.0 528.0
airplane 600.0 201.0 627.0 222.0
airplane 658.0 618.0 686.0 645.0
