harbor 105.0 29.0 771.0 167.0
harbor 57.0 226.0 776.0 350.0
harbor 63.0 410.0 774.0 515.0
harbor 67.0 567.0 781.0 773.0
ship 137.0 43.0 158.0 100.0
ship 309.0 43.0 330.0 100.0
ship 361.0 108.0 382.0 165.0
ship 381.0 39.0 402.0 96.0
ship 406.0 31.0 427.0 88.0
ship 429.0 39.0 450.0 96.0
ship 502.0 105.0 523.0 154.0
ship 602.0 111.0 623.0 160.0
ship 624.0 34.0 645.0 91.0
ship 649.0 36.0 670.0 93.0
ship 699.0 42.0 720.0 99.0
ship 62.0 242.0 81.0 296.0
ship 91.0 242.0 110.0 296.0
ship 211.0 300.0 228.0 349.0
ship 234.0 300.0 251.0 349.0
ship 256.0 300.0 273.0 349.0
ship 257.0 240.0 274.0 289.0
ship 280.0 301.0 297.0 350.0
ship 327.0 302.0 344.0 351.0
ship 350.0 298.0 367.0 347.0
ship 372.0 296.0 389.0 345.0
ship 418.0 243.0 435.0 283.0
ship 491.0 235.0 509.0 283.0
ship 516.0 300.0 534.0 348.0
ship 497.0 317.0 512.0 344.0
ship 562.0 298.0 580.0 346.0
ship 587.0 237.0 605.0 285.0
ship 610.0 298.0 628.0 346.0
ship 634.0 297.0 652.0 345.0
ship 662.0 236.0 680.0 284.0
ship 729.0 233.0 747.0 281.0
ship 730.0 299.0 748.0 347.0
ship 65.0 417.0 78.0 464.0
ship 89.0 485.0 100.0 516.0
ship 90.0 418.0 104.0 462.0
ship 109.0 419.0 123.0 463.0
ship 114.0 470.0 128.0 514.0
ship 134.0 421.0 148.0 465.0
ship 223.0 414.0 237.0 458.0
ship 265.0 468.0 279.0 512.0
ship 443.0 419.0 458.0 459.0
ship 444.0 472.0 459.0 512.0
ship 466.0 471.0 481.0 511.0
ship 531.0 415.0 546.0 455.0
ship 531.0 466.0 546.0 506.0
ship 555.0 415.0 570.0 455.0
ship 559.0 471.0 574.0 511.0
ship 578.0 474.0 593.0 514.0
ship 599.0 417.0 614.0 457.0
ship 603.0 467.0 618.0 511.0
ship 646.0 462.0 661.0 506.0
ship 666.0 464.0 681.0 508.0
ship 736.0 463.0 751.0 507.0
ship 754.0 412.0 768.0 447.0
ship 81.0 595.0 95.0 639.0
ship 169.0 587.0 183.0 631.0
ship 84.0 665.0 126.0 683.0
ship 86.0 711.0 128.0 729.0
ship 182.0 699.0 218.0 715.0
ship 237.0 593.0 250.0 627.0
ship 262.0 587.0 276.0 627.0
ship 283.0 585.0 297.0 625.0
ship 303.0 584.0 317.0 624.0
ship 230.0 700.0 305.0 718.0
ship 434.0 660.0 494.0 679.0
ship 421.0 716.0 493.0 738.0
ship 420.0 747.0 492.0 769.0
ship 501.0 744.0 585.0 766.0
ship 505.0 631.0 562.0 649.0
ship 699.0 677.0 761.0 698.0
ship 397.0 575.0 412.0 623.0
ship 417.0 575.0 432.0 623.0
ship 439.0 583.0 453.0 620.0
ship 463.0 578.0 477.0 615.0
ship 483.0 580.0 497.0 617.0
ship 571.0 574.0 585.0 611.0
ship 704.0 570.0 718.0 607.0
