airplane 367.0 327.0 410.0 361.0
airplane 422.0 334.0 465.0 365.0
airplane 472.0 333.0 514.0 362.0
airplane 523.0 334.0 566.0 363.0
airplane 621.0 327.0 668.0 368.0
airplane 119.0 364.0 159.0 413.0
airplane 74.0 355.0 114.0 387.0
airplane 21.0 363.0 66.0 415.0
airplane 17.0 397.0 52.0 445.0
airplane 75.0 412.0 118.0 441.0
airplane 22.0 430.0 67.0 477.0
airplane 115.0 425.0 155.0 478.0
airplane 14.0 460.0 46.0 504.0
airplane 72.0 466.0 119.0 502.0
airplane 19.0 489.0 64.0 544.0
airplane 121.0 499.0 154.0 540.0
airplane 6.0 533.0 39.0 573.0
airplane 28.0 555.0 72.0 610.0
airplane 76.0 517.0 114.0 554.0
airplane 77.0 551.0 114.0 591.0
airplane 290.0 476.0 334.0 505.0
airplane 343.0 473.0 384.0 505.0
airplane 395.0 476.0 437.0 507.0
airplane 444.0 473.0 490.0 505.0
airplane 496.0 471.0 541.0 503.0
airplane 315.0 511.0 357.0 545.0
airplane 288.0 541.0 333.0 574.0
airplane 337.0 534.0 388.0 567.0
airplane 394.0 536.0 440.0 569.0
airplane 419.0 505.0 464.0 543.0
airplane 471.0 508.0 515.0 543.0
airplane 523.0 506.0 568.0 539.0
airplane 497.0 538.0 544.0 568.0
airplane 598.0 469.0 645.0 502.0
airplane 576.0 510.0 616.0 543.0
airplane 551.0 540.0 593.0 570.0
airplane 650.0 469.0 697.0 501.0
airplane 626.0 509.0 673.0 543.0
airplane 600.0 535.0 647.0 569.0
airplane 652.0 535.0 696.0 568.0
airplane 705.0 470.0 746.0 502.0
airplane 681.0 509.0 720.0 540.0
airplane 707.0 529.0 749.0 558.0
airplane 754.0 469.0 800.0 503.0
airplane 731.0 508.0 778.0 540.0
airplane 191.0 660.0 225.0 707.0
airplane 215.0 650.0 241.0 684.0
airplane 248.0 658.0 293.0 696.0
airplane 244.0 702.0 294.0 738.0
airplane 308.0 644.0 352.0 672.0
airplane 295.0 659.0 319.0 691.0
airplane 335.0 645.0 373.0 689.0
airplane 300.0 701.0 326.0 739.0
airplane 337.0 695.0 373.0 738.0
airplane 386.0 681.0 433.0 712.0
airplane 437.0 643.0 475.0 687.0
airplane 441.0 694.0 476.0 737.0
airplane 481.0 643.0 529.0 677.0
airplane 532.0 642.0 579.0 677.0
airplane 506.0 669.0 554.0 698.0
airplane 480.0 696.0 525.0 727.0
airplane 534.0 695.0 580.0 726.0
airplane 527.0 732.0 560.0 780.0
vehicle 595.0 669.0 609.0 699.0
vehicle 635.0 636.0 668.0 649.0
