tenniscourt 576.0 252.0 610.0 310.0
tenniscourt 613.0 249.0 646.0 303.0
tenniscourt 646.0 245.0 684.0 301.0
tenniscourt 681.0 238.0 717.0 298.0
tenniscourt 715.0 231.0 749.0 289.0
tenniscourt 751.0 227.0 790.0 282.0
tenniscourt 14.0 80.0 49.0 140.0
tenniscourt 56.0 77.0 90.0 129.0
vehicle 120.0 372.0 139.0 380.0
vehicle 406.0 358.0 420.0 365.0
vehicle 492.0 363.0 503.0 369.0
tenniscourt 322.0 581.0 359.0 643.0
tenniscourt 63.0 562.0 88.0 619.0
vehicle 435.0 586.0 449.0 593.0
vehicle 406.0 216.0 418.0 230.0
vehicle 398.0 221.0 408.0 233.0
vehicle 450.0 253.0 459.0 260.0
vehicle 433.0 262.0 446.0 268.0
vehicle 436.0 268.0 449.0 273.0
vehicle 440.0 273.0 451.0 277.0
vehicle 145.0 35.0 158.0 42.0
vehicle 174.0 25.0 186.0 32.0
vehicle 190.0 21.0 202.0 29.0
vehicle 272.0 58.0 282.0 72.0
vehicle 203.0 15.0 220.0 21.0
vehicle 298.0 372.0 315.0 377.0
vehicle 760.0 340.0 773.0 348.0
vehicle 751.0 507.0 760.0 518.0
vehicle 751.0 595.0 765.0 607.0
