harbor 22.0 69.0 762.0 269.0
harbor 25.0 336.0 732.0 515.0
harbor 31.0 589.0 746.0 743.0
ship 77.0 89.0 97.0 158.0
ship 76.0 174.0 102.0 265.0
ship 130.0 171.0 153.0 237.0
ship 156.0 171.0 179.0 237.0
ship 210.0 179.0 233.0 245.0
ship 239.0 173.0 264.0 259.0
ship 318.0 75.0 341.0 156.0
ship 371.0 82.0 393.0 160.0
ship 457.0 74.0 481.0 155.0
ship 486.0 176.0 508.0 228.0
ship 511.0 174.0 535.0 241.0
ship 618.0 77.0 644.0 153.0
ship 676.0 73.0 702.0 149.0
ship 644.0 168.0 670.0 244.0
ship 728.0 157.0 754.0 243.0
ship 55.0 464.0 69.0 504.0
ship 77.0 434.0 94.0 499.0
ship 129.0 345.0 149.0 420.0
ship 185.0 353.0 202.0 411.0
ship 238.0 361.0 256.0 413.0
ship 154.0 437.0 175.0 498.0
ship 184.0 439.0 200.0 491.0
ship 207.0 433.0 231.0 505.0
ship 346.0 429.0 366.0 513.0
ship 370.0 339.0 392.0 418.0
ship 428.0 348.0 446.0 421.0
ship 436.0 443.0 447.0 480.0
ship 456.0 436.0 474.0 494.0
ship 481.0 435.0 500.0 512.0
ship 488.0 348.0 502.0 384.0
ship 537.0 352.0 555.0 420.0
ship 565.0 355.0 583.0 414.0
ship 588.0 347.0 611.0 416.0
ship 643.0 346.0 666.0 415.0
ship 672.0 352.0 695.0 421.0
ship 617.0 433.0 640.0 502.0
ship 696.0 434.0 719.0 503.0
ship 57.0 707.0 73.0 740.0
ship 81.0 598.0 98.0 663.0
ship 80.0 675.0 97.0 740.0
ship 103.0 600.0 120.0 665.0
ship 129.0 607.0 144.0 665.0
ship 106.0 680.0 122.0 732.0
ship 131.0 680.0 150.0 738.0
ship 205.0 605.0 224.0 663.0
ship 233.0 606.0 250.0 660.0
ship 207.0 679.0 226.0 732.0
ship 231.0 682.0 250.0 735.0
ship 257.0 680.0 276.0 733.0
ship 282.0 683.0 301.0 736.0
ship 309.0 680.0 328.0 733.0
ship 335.0 679.0 354.0 732.0
ship 308.0 610.0 327.0 663.0
ship 284.0 602.0 303.0 655.0
ship 362.0 682.0 380.0 731.0
ship 388.0 675.0 407.0 739.0
ship 438.0 601.0 456.0 659.0
ship 491.0 604.0 509.0 662.0
ship 464.0 680.0 481.0 734.0
ship 490.0 681.0 515.0 746.0
ship 540.0 595.0 565.0 660.0
ship 519.0 601.0 537.0 641.0
ship 567.0 674.0 588.0 730.0
ship 538.0 674.0 559.0 730.0
ship 619.0 673.0 640.0 729.0
ship 617.0 596.0 639.0 660.0
ship 673.0 684.0 689.0 731.0
