baseballfield 458.0 599.0 550.0 662.0
baseballfield 576.0 621.0 676.0 694.0
baseballfield 523.0 521.0 646.0 600.0
vehicle 442.0 158.0 497.0 167.0
vehicle 427.0 293.0 445.0 305.0
vehicle 474.0 201.0 490.0 209.0
vehicle 408.0 321.0 423.0 330.0
vehicle 422.0 303.0 437.0 313.0
vehicle 458.0 264.0 473.0 273.0
vehicle 554.0 257.0 565.0 269.0
vehicle 571.0 262.0 583.0 276.0
vehicle 554.0 287.0 561.0 300.0
vehicle 316.0 465.0 334.0 479.0
vehicle 655.0 287.0 671.0 306.0
vehicle 689.0 6.0 700.0 19.0
vehicle 169.0 81.0 182.0 96.0
vehicle 274.0 293.0 291.0 301.0
vehicle 123.0 260.0 130.0 273.0
vehicle 58.0 273.0 76.0 282.0
storagetank 724.0 736.0 785.0 771.0
