baseballfield 387.0 307.0 483.0 401.0
baseballfield 531.0 311.0 627.0 404.0
baseballfield 396.0 456.0 488.0 550.0
baseballfield 537.0 452.0 630.0 545.0
vehicle 95.0 3.0 107.0 12.0
vehicle 97.0 20.0 109.0 26.0
vehicle 91.0 132.0 106.0 140.0
vehicle 260.0 226.0 273.0 231.0
vehicle 262.0 232.0 275.0 236.0
vehicle 260.0 237.0 271.0 242.0
vehicle 260.0 244.0 274.0 250.0
vehicle 305.0 241.0 319.0 252.0
vehicle 27.0 228.0 40.0 234.0
vehicle 28.0 236.0 40.0 241.0
vehicle 37.0 371.0 43.0 382.0
vehicle 145.0 414.0 152.0 427.0
vehicle 33.0 432.0 47.0 439.0
vehicle 508.0 693.0 525.0 700.0
vehicle 634.0 695.0 647.0 702.0
vehicle 724.0 612.0 729.0 625.0
vehicle 750.0 641.0 758.0 654.0
vehicle 771.0 641.0 778.0 656.0
vehicle 782.0 639.0 790.0 651.0
