tenniscourt 205.0 48.0 245.0 111.0
tenniscourt 252.0 47.0 286.0 114.0
tenniscourt 67.0 76.0 105.0 130.0
tenniscourt 112.0 77.0 150.0 130.0
vehicle 164.0 220.0 177.0 225.0
vehicle 126.0 235.0 136.0 240.0
vehicle 109.0 234.0 123.0 240.0
vehicle 92.0 250.0 97.0 262.0
vehicle 407.0 217.0 420.0 222.0
vehicle 387.0 231.0 402.0 236.0
vehicle 245.0 244.0 249.0 255.0
vehicle 281.0 321.0 288.0 329.0
vehicle 91.0 329.0 104.0 339.0
vehicle 446.0 415.0 460.0 420.0
vehicle 416.0 394.0 421.0 403.0
vehicle 432.0 415.0 444.0 421.0
vehicle 265.0 422.0 282.0 430.0
vehicle 193.0 427.0 207.0 432.0
vehicle 126.0 450.0 139.0 454.0
vehicle 58.0 439.0 72.0 447.0
vehicle 1.0 416.0 5.0 426.0
vehicle 20.0 435.0 35.0 441.0
vehicle 205.0 519.0 215.0 530.0
vehicle 58.0 619.0 66.0 631.0
vehicle 478.0 578.0 483.0 588.0
vehicle 647.0 619.0 661.0 627.0
vehicle 647.0 604.0 657.0 609.0
vehicle 771.0 583.0 777.0 595.0
vehicle 737.0 617.0 748.0 622.0
vehicle 724.0 617.0 736.0 623.0
vehicle 660.0 646.0 665.0 656.0
vehicle 637.0 648.0 642.0 658.0
vehicle 641.0 216.0 655.0 224.0
vehicle 609.0 288.0 615.0 302.0
vehicle 612.0 318.0 618.0 330.0
