airplane 20.0 72.0 68.0 114.0
airplane 72.0 135.0 119.0 181.0
airplane 130.0 131.0 177.0 178.0
airplane 178.0 129.0 225.0 179.0
airplane 239.0 136.0 281.0 178.0
airplane 507.0 75.0 557.0 118.0
airplane 450.0 182.0 522.0 254.0
airplane 28.0 257.0 71.0 308.0
airplane 120.0 292.0 163.0 345.0
airplane 162.0 316.0 212.0 367.0
airplane 203.0 335.0 254.0 388.0
airplane 83.0 446.0 121.0 493.0
airplane 145.0 445.0 187.0 489.0
airplane 206.0 451.0 241.0 493.0
airplane 318.0 575.0 358.0 610.0
airplane 270.0 632.0 315.0 667.0
airplane 182.0 733.0 225.0 780.0
