airplane 102.0 135.0 149.0 167.0
airplane 94.0 177.0 140.0 206.0
airplane 95.0 219.0 149.0 252.0
airplane 102.0 298.0 147.0 326.0
airplane 99.0 336.0 149.0 368.0
airplane 94.0 379.0 145.0 409.0
airplane 109.0 418.0 149.0 446.0
airplane 106.0 465.0 143.0 488.0
airplane 104.0 508.0 147.0 533.0
airplane 97.0 643.0 135.0 674.0
airplane 267.0 646.0 320.0 682.0
airplane 450.0 641.0 498.0 682.0
airplane 406.0 550.0 456.0 593.0
airplane 226.0 552.0 278.0 593.0
airplane 277.0 456.0 322.0 485.0
airplane 336.0 455.0 385.0 488.0
airplane 305.0 377.0 345.0 403.0
airplane 361.0 374.0 407.0 407.0
airplane 222.0 282.0 274.0 315.0
airplane 222.0 202.0 272.0 231.0
airplane 349.0 114.0 397.0 148.0
airplane 588.0 109.0 633.0 150.0
airplane 234.0 107.0 268.0 136.0
overpass 421.0 57.0 446.0 99.0
overpass 667.0 66.0 708.0 81.0
