vehicle 159.0 652.0 185.0 662.0
vehicle 190.0 650.0 215.0 660.0
vehicle 243.0 638.0 269.0 647.0
vehicle 244.0 650.0 273.0 660.0
vehicle 244.0 671.0 272.0 681.0
vehicle 310.0 694.0 335.0 701.0
vehicle 250.0 704.0 277.0 713.0
vehicle 312.0 703.0 334.0 712.0
vehicle 250.0 715.0 277.0 725.0
vehicle 198.0 728.0 221.0 737.0
vehicle 254.0 738.0 278.0 747.0
vehicle 196.0 739.0 222.0 747.0
vehicle 259.0 748.0 281.0 757.0
vehicle 201.0 751.0 225.0 761.0
vehicle 253.0 760.0 276.0 768.0
vehicle 202.0 763.0 225.0 772.0
vehicle 171.0 762.0 197.0 771.0
vehicle 495.0 782.0 517.0 791.0
vehicle 720.0 709.0 733.0 725.0
vehicle 662.0 743.0 684.0 752.0
vehicle 676.0 772.0 698.0 780.0
vehicle 618.0 349.0 645.0 359.0
vehicle 493.0 244.0 502.0 259.0
vehicle 450.0 330.0 473.0 336.0
vehicle 713.0 255.0 724.0 277.0
vehicle 87.0 302.0 97.0 321.0
vehicle 263.0 71.0 291.0 81.0
vehicle 383.0 188.0 407.0 195.0
tenniscourt 216.0 450.0 283.0 555.0
tenniscourt 128.0 455.0 193.0 560.0
tenniscourt 40.0 459.0 106.0 564.0
