airplane 158.0 695.0 215.0 736.0
airplane 252.0 606.0 287.0 638.0
airplane 315.0 612.0 361.0 654.0
airplane 448.0 615.0 487.0 649.0
airplane 502.0 592.0 552.0 661.0
airplane 566.0 598.0 619.0 658.0
airplane 663.0 600.0 714.0 650.0
airplane 678.0 521.0 721.0 572.0
airplane 530.0 371.0 610.0 446.0
airplane 436.0 374.0 506.0 445.0
airplane 343.0 249.0 401.0 293.0
airplane 184.0 262.0 254.0 336.0
airplane 285.0 53.0 346.0 115.0
airplane 240.0 118.0 301.0 175.0
airplane 209.0 182.0 242.0 217.0
airplane 264.0 174.0 302.0 206.0
airplane 398.0 131.0 459.0 185.0
airplane 502.0 186.0 522.0 236.0
airplane 574.0 174.0 603.0 219.0
airplane 399.0 29.0 438.0 60.0
airplane 440.0 28.0 481.0 57.0
airplane 483.0 29.0 534.0 60.0
airplane 534.0 29.0 568.0 55.0
airplane 574.0 28.0 613.0 58.0
vehicle 639.0 134.0 648.0 153.0
vehicle 663.0 124.0 674.0 157.0
vehicle 436.0 357.0 469.0 384.0
vehicle 503.0 415.0 512.0 436.0
