harbor 49.0 59.0 169.0 699.0
ship 738.0 190.0 761.0 232.0
ship 100.0 109.0 160.0 126.0
ship 107.0 138.0 155.0 156.0
ship 104.0 164.0 145.0 179.0
ship 107.0 191.0 163.0 209.0
ship 112.0 268.0 164.0 288.0
ship 106.0 296.0 173.0 318.0
ship 114.0 324.0 169.0 341.0
ship 100.0 372.0 152.0 394.0
ship 102.0 397.0 140.0 411.0
ship 95.0 418.0 140.0 433.0
ship 91.0 465.0 139.0 484.0
ship 88.0 512.0 139.0 531.0
ship 88.0 532.0 135.0 550.0
ship 59.0 560.0 122.0 585.0
ship 105.0 649.0 118.0 692.0
ship 83.0 646.0 101.0 700.0
ship 59.0 645.0 77.0 699.0
