baseballfield 349.0 247.0 452.0 349.0
baseballfield 215.0 402.0 326.0 513.0
vehicle 171.0 82.0 180.0 99.0
vehicle 199.0 91.0 208.0 114.0
tenniscourt 448.0 401.0 488.0 483.0
tenniscourt 495.0 401.0 534.0 483.0
tenniscourt 402.0 518.0 439.0 596.0
tenniscourt 448.0 516.0 486.0 596.0
tenniscourt 493.0 516.0 533.0 597.0
vehicle 161.0 312.0 182.0 320.0
vehicle 215.0 353.0 224.0 369.0
vehicle 344.0 640.0 361.0 646.0
vehicle 134.0 728.0 151.0 735.0
vehicle 134.0 738.0 152.0 744.0
vehicle 698.0 556.0 718.0 567.0
vehicle 757.0 496.0 766.0 514.0
vehicle 768.0 467.0 791.0 478.0
vehicle 728.0 204.0 738.0 226.0
vehicle 760.0 258.0 768.0 279.0
vehicle 699.0 154.0 719.0 163.0
vehicle 700.0 164.0 717.0 172.0
vehicle 732.0 33.0 739.0 48.0
vehicle 700.0 76.0 720.0 82.0
vehicle 700.0 84.0 716.0 92.0
vehicle 786.0 97.0 800.0 103.0
vehicle 692.0 305.0 710.0 314.0
vehicle 690.0 318.0 706.0 325.0
vehicle 690.0 327.0 706.0 335.0
vehicle 727.0 527.0 736.0 545.0
vehicle 698.0 485.0 719.0 495.0
vehicle 104.0 713.0 110.0 727.0
