baseballfield 236.0 115.0 394.0 221.0
groundtrackfield 541.0 78.0 784.0 442.0
tenniscourt 99.0 313.0 128.0 361.0
tenniscourt 49.0 313.0 80.0 360.0
tenniscourt 5.0 313.0 38.0 360.0
tenniscourt 5.0 383.0 37.0 430.0
tenniscourt 47.0 384.0 78.0 432.0
tenniscourt 97.0 383.0 130.0 431.0
vehicle 87.0 662.0 102.0 667.0
vehicle 109.0 662.0 124.0 667.0
vehicle 303.0 473.0 318.0 479.0
vehicle 373.0 444.0 380.0 458.0
vehicle 331.0 470.0 345.0 475.0
vehicle 365.0 475.0 373.0 487.0
vehicle 516.0 479.0 523.0 492.0
vehicle 548.0 471.0 564.0 478.0
vehicle 670.0 475.0 688.0 482.0
vehicle 655.0 476.0 667.0 482.0
