vehicle 539.0 187.0 546.0 203.0
vehicle 383.0 206.0 394.0 221.0
harbor 705.0 274.0 782.0 714.0
harbor 612.0 299.0 680.0 716.0
harbor 527.0 313.0 595.0 729.0
harbor 446.0 272.0 508.0 722.0
ship 523.0 291.0 548.0 301.0
harbor 374.0 276.0 434.0 716.0
harbor 223.0 286.0 357.0 367.0
harbor 282.0 410.0 370.0 719.0
ship 242.0 445.0 267.0 463.0
harbor 76.0 291.0 140.0 713.0
ship 49.0 389.0 59.0 407.0
ship 676.0 754.0 696.0 780.0
harbor 124.0 314.0 219.0 425.0
ship 77.0 396.0 97.0 445.0
ship 185.0 403.0 211.0 422.0
ship 124.0 325.0 143.0 371.0
ship 282.0 417.0 308.0 439.0
ship 108.0 329.0 120.0 360.0
ship 107.0 364.0 115.0 385.0
ship 105.0 387.0 115.0 410.0
ship 107.0 436.0 138.0 448.0
ship 106.0 450.0 137.0 462.0
ship 109.0 481.0 135.0 491.0
ship 104.0 493.0 134.0 504.0
ship 104.0 506.0 139.0 518.0
ship 101.0 535.0 138.0 546.0
ship 105.0 551.0 137.0 563.0
ship 104.0 567.0 136.0 579.0
ship 102.0 582.0 135.0 592.0
ship 102.0 596.0 139.0 607.0
ship 101.0 622.0 135.0 634.0
ship 97.0 636.0 140.0 651.0
ship 103.0 651.0 136.0 664.0
ship 100.0 680.0 136.0 693.0
ship 280.0 704.0 326.0 719.0
ship 330.0 701.0 367.0 713.0
ship 300.0 681.0 343.0 693.0
ship 315.0 668.0 344.0 678.0
ship 317.0 643.0 342.0 653.0
ship 314.0 631.0 343.0 641.0
ship 315.0 617.0 341.0 627.0
ship 315.0 605.0 344.0 616.0
ship 313.0 581.0 341.0 591.0
ship 312.0 568.0 341.0 577.0
ship 315.0 556.0 338.0 566.0
ship 345.0 553.0 357.0 584.0
ship 346.0 588.0 358.0 619.0
ship 347.0 621.0 359.0 655.0
ship 399.0 680.0 409.0 709.0
ship 395.0 637.0 407.0 669.0
ship 393.0 600.0 406.0 632.0
ship 392.0 563.0 405.0 595.0
ship 412.0 586.0 432.0 595.0
ship 410.0 608.0 429.0 616.0
ship 412.0 659.0 435.0 669.0
ship 412.0 681.0 433.0 689.0
ship 415.0 701.0 435.0 711.0
ship 462.0 680.0 480.0 687.0
ship 473.0 709.0 507.0 721.0
ship 489.0 688.0 509.0 696.0
ship 490.0 678.0 509.0 685.0
ship 488.0 667.0 508.0 675.0
ship 488.0 657.0 508.0 665.0
ship 486.0 646.0 505.0 654.0
ship 488.0 626.0 508.0 633.0
ship 459.0 616.0 478.0 624.0
ship 487.0 604.0 506.0 612.0
ship 458.0 595.0 480.0 603.0
ship 485.0 583.0 504.0 591.0
ship 459.0 565.0 478.0 572.0
ship 484.0 542.0 505.0 550.0
ship 460.0 543.0 477.0 552.0
ship 480.0 500.0 502.0 509.0
ship 456.0 522.0 475.0 530.0
ship 456.0 534.0 476.0 542.0
ship 407.0 525.0 427.0 533.0
ship 407.0 536.0 426.0 543.0
ship 407.0 546.0 427.0 554.0
ship 409.0 557.0 428.0 565.0
ship 386.0 547.0 401.0 553.0
ship 318.0 543.0 339.0 551.0
ship 345.0 539.0 362.0 546.0
ship 320.0 533.0 335.0 541.0
ship 309.0 518.0 336.0 529.0
ship 343.0 520.0 361.0 529.0
ship 311.0 507.0 336.0 517.0
ship 344.0 502.0 358.0 509.0
ship 310.0 494.0 336.0 502.0
ship 310.0 481.0 338.0 491.0
ship 311.0 468.0 336.0 478.0
ship 309.0 456.0 335.0 465.0
ship 306.0 443.0 335.0 454.0
ship 308.0 432.0 335.0 441.0
ship 342.0 438.0 359.0 444.0
ship 342.0 456.0 361.0 462.0
ship 342.0 465.0 360.0 472.0
ship 343.0 474.0 360.0 482.0
ship 342.0 484.0 359.0 492.0
ship 345.0 493.0 360.0 500.0
ship 339.0 420.0 357.0 426.0
ship 341.0 410.0 357.0 417.0
ship 340.0 356.0 358.0 364.0
ship 340.0 337.0 357.0 345.0
ship 337.0 328.0 355.0 335.0
ship 236.0 297.0 247.0 316.0
ship 230.0 316.0 239.0 333.0
ship 245.0 334.0 258.0 368.0
ship 258.0 333.0 271.0 363.0
ship 273.0 331.0 284.0 362.0
ship 284.0 333.0 295.0 357.0
ship 299.0 332.0 307.0 355.0
ship 309.0 334.0 318.0 352.0
ship 321.0 334.0 330.0 357.0
ship 255.0 318.0 286.0 327.0
ship 291.0 316.0 328.0 325.0
ship 386.0 538.0 402.0 546.0
ship 385.0 529.0 400.0 537.0
ship 386.0 521.0 401.0 528.0
ship 384.0 504.0 400.0 511.0
ship 407.0 504.0 427.0 511.0
ship 385.0 513.0 401.0 520.0
ship 384.0 496.0 399.0 504.0
ship 383.0 480.0 399.0 488.0
ship 406.0 483.0 426.0 492.0
ship 406.0 462.0 426.0 470.0
ship 383.0 447.0 398.0 454.0
ship 380.0 429.0 397.0 438.0
ship 404.0 421.0 421.0 427.0
ship 404.0 410.0 424.0 420.0
ship 402.0 400.0 422.0 407.0
ship 402.0 390.0 422.0 398.0
ship 407.0 430.0 426.0 440.0
ship 401.0 369.0 422.0 376.0
ship 378.0 371.0 396.0 378.0
ship 379.0 380.0 395.0 388.0
ship 379.0 364.0 393.0 369.0
ship 400.0 349.0 417.0 356.0
ship 375.0 330.0 393.0 338.0
ship 376.0 321.0 391.0 329.0
ship 376.0 313.0 393.0 322.0
ship 376.0 304.0 392.0 311.0
ship 398.0 306.0 420.0 314.0
ship 398.0 318.0 421.0 325.0
ship 405.0 359.0 420.0 365.0
ship 448.0 305.0 467.0 312.0
ship 475.0 305.0 493.0 311.0
ship 446.0 315.0 464.0 324.0
ship 474.0 314.0 496.0 322.0
ship 448.0 325.0 467.0 334.0
ship 475.0 325.0 493.0 333.0
ship 473.0 334.0 495.0 342.0
ship 475.0 346.0 495.0 354.0
ship 477.0 354.0 496.0 364.0
ship 449.0 356.0 468.0 364.0
ship 477.0 367.0 495.0 374.0
ship 450.0 367.0 468.0 375.0
ship 451.0 376.0 469.0 386.0
ship 476.0 376.0 493.0 384.0
ship 451.0 387.0 468.0 395.0
ship 476.0 387.0 496.0 396.0
ship 478.0 397.0 497.0 405.0
ship 451.0 408.0 471.0 416.0
ship 476.0 408.0 497.0 416.0
ship 478.0 418.0 498.0 426.0
ship 454.0 418.0 471.0 426.0
ship 454.0 430.0 472.0 438.0
ship 477.0 438.0 501.0 447.0
ship 454.0 460.0 472.0 468.0
ship 480.0 459.0 500.0 467.0
ship 480.0 470.0 502.0 478.0
ship 480.0 480.0 499.0 489.0
ship 454.0 491.0 475.0 500.0
ship 544.0 706.0 588.0 730.0
ship 543.0 696.0 563.0 706.0
ship 542.0 684.0 563.0 691.0
ship 540.0 672.0 564.0 681.0
ship 570.0 672.0 594.0 680.0
ship 570.0 681.0 593.0 691.0
ship 540.0 659.0 563.0 669.0
ship 540.0 649.0 563.0 658.0
ship 569.0 647.0 594.0 657.0
ship 538.0 626.0 562.0 634.0
ship 569.0 624.0 593.0 634.0
ship 538.0 614.0 563.0 621.0
ship 568.0 611.0 589.0 621.0
ship 542.0 604.0 561.0 611.0
ship 567.0 601.0 592.0 610.0
ship 566.0 565.0 592.0 575.0
ship 538.0 579.0 561.0 589.0
ship 537.0 590.0 559.0 598.0
ship 568.0 589.0 590.0 597.0
ship 533.0 532.0 559.0 541.0
ship 566.0 531.0 589.0 540.0
ship 535.0 520.0 558.0 527.0
ship 535.0 509.0 558.0 517.0
ship 532.0 497.0 557.0 505.0
ship 533.0 486.0 557.0 494.0
ship 532.0 472.0 556.0 483.0
ship 531.0 463.0 555.0 471.0
ship 531.0 450.0 556.0 459.0
ship 532.0 440.0 554.0 448.0
ship 531.0 426.0 555.0 435.0
ship 530.0 417.0 554.0 424.0
ship 530.0 404.0 554.0 413.0
ship 531.0 394.0 552.0 401.0
ship 560.0 416.0 583.0 424.0
ship 561.0 425.0 587.0 435.0
ship 561.0 438.0 584.0 446.0
ship 560.0 449.0 585.0 458.0
ship 561.0 461.0 587.0 470.0
ship 564.0 484.0 587.0 494.0
ship 563.0 494.0 585.0 504.0
ship 564.0 508.0 587.0 517.0
ship 565.0 519.0 589.0 528.0
ship 631.0 701.0 682.0 717.0
ship 628.0 692.0 652.0 701.0
ship 658.0 678.0 682.0 686.0
ship 626.0 656.0 651.0 664.0
ship 657.0 655.0 680.0 663.0
ship 627.0 632.0 649.0 641.0
ship 656.0 631.0 683.0 639.0
ship 655.0 621.0 680.0 630.0
ship 626.0 609.0 649.0 619.0
ship 655.0 608.0 680.0 617.0
ship 627.0 599.0 649.0 608.0
ship 655.0 597.0 679.0 607.0
ship 655.0 585.0 680.0 595.0
ship 623.0 563.0 646.0 572.0
ship 653.0 574.0 678.0 583.0
ship 653.0 562.0 676.0 570.0
ship 720.0 698.0 782.0 715.0
ship 718.0 686.0 746.0 698.0
ship 753.0 685.0 782.0 696.0
ship 721.0 673.0 746.0 683.0
ship 751.0 670.0 781.0 681.0
ship 718.0 662.0 745.0 672.0
ship 753.0 658.0 781.0 668.0
ship 718.0 648.0 744.0 659.0
ship 749.0 630.0 782.0 639.0
ship 717.0 636.0 744.0 645.0
ship 716.0 623.0 743.0 633.0
ship 748.0 614.0 781.0 626.0
ship 716.0 611.0 743.0 621.0
ship 749.0 601.0 777.0 611.0
ship 716.0 596.0 741.0 605.0
ship 748.0 587.0 779.0 598.0
ship 718.0 584.0 742.0 593.0
ship 714.0 571.0 740.0 580.0
ship 750.0 575.0 779.0 585.0
ship 714.0 558.0 740.0 569.0
ship 748.0 559.0 779.0 570.0
ship 714.0 533.0 740.0 544.0
ship 715.0 547.0 741.0 557.0
ship 749.0 532.0 778.0 543.0
ship 744.0 519.0 774.0 530.0
ship 710.0 519.0 740.0 528.0
ship 712.0 505.0 740.0 515.0
ship 745.0 504.0 779.0 515.0
ship 743.0 491.0 776.0 503.0
ship 712.0 492.0 737.0 502.0
ship 745.0 476.0 777.0 488.0
ship 744.0 464.0 776.0 475.0
ship 710.0 455.0 736.0 466.0
ship 743.0 448.0 775.0 460.0
ship 711.0 441.0 736.0 451.0
ship 743.0 420.0 775.0 432.0
ship 711.0 415.0 736.0 425.0
ship 741.0 408.0 774.0 419.0
ship 709.0 403.0 735.0 412.0
ship 655.0 539.0 677.0 546.0
ship 620.0 516.0 645.0 526.0
ship 651.0 527.0 676.0 537.0
ship 652.0 516.0 675.0 524.0
ship 620.0 506.0 646.0 515.0
ship 620.0 493.0 645.0 502.0
ship 651.0 491.0 676.0 502.0
ship 649.0 481.0 674.0 490.0
ship 648.0 468.0 670.0 477.0
ship 649.0 457.0 674.0 467.0
ship 619.0 470.0 643.0 479.0
ship 618.0 481.0 644.0 492.0
ship 617.0 436.0 641.0 445.0
ship 648.0 445.0 671.0 453.0
ship 646.0 422.0 671.0 432.0
ship 617.0 411.0 641.0 421.0
ship 648.0 412.0 671.0 421.0
ship 647.0 399.0 671.0 409.0
ship 617.0 402.0 640.0 409.0
ship 529.0 360.0 553.0 369.0
ship 559.0 358.0 584.0 367.0
ship 559.0 369.0 584.0 379.0
ship 559.0 380.0 584.0 390.0
ship 527.0 337.0 551.0 346.0
ship 527.0 326.0 551.0 335.0
ship 528.0 314.0 550.0 323.0
ship 556.0 313.0 582.0 322.0
ship 560.0 326.0 582.0 333.0
ship 558.0 336.0 581.0 345.0
ship 612.0 301.0 635.0 309.0
ship 643.0 298.0 669.0 309.0
ship 614.0 310.0 638.0 320.0
ship 642.0 310.0 665.0 319.0
ship 612.0 322.0 637.0 332.0
ship 644.0 322.0 667.0 331.0
ship 643.0 333.0 669.0 342.0
ship 611.0 334.0 636.0 342.0
ship 616.0 356.0 637.0 365.0
ship 641.0 354.0 668.0 364.0
ship 617.0 368.0 639.0 377.0
ship 645.0 367.0 666.0 375.0
ship 615.0 390.0 639.0 398.0
ship 647.0 387.0 672.0 398.0
ship 706.0 284.0 730.0 293.0
ship 735.0 282.0 768.0 294.0
ship 703.0 298.0 731.0 309.0
ship 737.0 298.0 771.0 307.0
ship 707.0 309.0 731.0 321.0
ship 738.0 311.0 770.0 322.0
ship 707.0 323.0 730.0 334.0
ship 738.0 325.0 769.0 336.0
ship 706.0 337.0 733.0 347.0
ship 740.0 338.0 771.0 350.0
ship 706.0 351.0 733.0 360.0
ship 740.0 353.0 771.0 364.0
ship 707.0 361.0 731.0 372.0
ship 740.0 367.0 771.0 377.0
ship 741.0 381.0 772.0 392.0
ship 709.0 376.0 733.0 387.0
ship 708.0 389.0 733.0 398.0
