tenniscourt 105.0 579.0 147.0 661.0
vehicle 111.0 136.0 124.0 143.0
vehicle 159.0 139.0 168.0 147.0
vehicle 220.0 143.0 233.0 153.0
vehicle 459.0 234.0 470.0 248.0
vehicle 421.0 318.0 435.0 331.0
vehicle 316.0 355.0 330.0 367.0
vehicle 233.0 407.0 244.0 416.0
vehicle 699.0 163.0 708.0 178.0
vehicle 715.0 171.0 722.0 182.0
vehicle 715.0 183.0 724.0 197.0
vehicle 767.0 311.0 785.0 320.0
vehicle 708.0 253.0 717.0 270.0
vehicle 682.0 106.0 698.0 114.0
vehicle 610.0 435.0 617.0 446.0
vehicle 221.0 685.0 235.0 695.0
vehicle 686.0 736.0 694.0 748.0
vehicle 688.0 685.0 698.0 700.0
vehicle 688.0 575.0 700.0 593.0
vehicle 708.0 554.0 717.0 565.0
vehicle 652.0 586.0 665.0 598.0
tenniscourt 148.0 581.0 192.0 661.0
tenniscourt 102.0 665.0 144.0 746.0
tenniscourt 147.0 667.0 185.0 748.0
