tenniscourt 642.0 723.0 667.0 768.0
vehicle 433.0 365.0 452.0 374.0
vehicle 473.0 356.0 479.0 363.0
vehicle 488.0 350.0 494.0 356.0
vehicle 612.0 468.0 621.0 474.0
vehicle 631.0 517.0 639.0 521.0
vehicle 679.0 531.0 686.0 536.0
vehicle 634.0 532.0 645.0 538.0
vehicle 661.0 461.0 667.0 465.0
vehicle 684.0 464.0 694.0 470.0
vehicle 647.0 470.0 655.0 476.0
vehicle 602.0 478.0 608.0 482.0
vehicle 623.0 475.0 629.0 480.0
vehicle 632.0 474.0 638.0 479.0
vehicle 641.0 471.0 648.0 476.0
vehicle 647.0 464.0 653.0 468.0
vehicle 671.0 468.0 677.0 471.0
vehicle 602.0 469.0 607.0 474.0
vehicle 552.0 468.0 559.0 471.0
vehicle 128.0 661.0 136.0 666.0
vehicle 130.0 652.0 139.0 658.0
tenniscourt 125.0 471.0 150.0 522.0
