vehicle 20.0 129.0 39.0 150.0
vehicle 66.0 173.0 85.0 187.0
vehicle 90.0 186.0 111.0 198.0
vehicle 163.0 201.0 185.0 209.0
vehicle 245.0 197.0 270.0 205.0
vehicle 277.0 196.0 297.0 203.0
vehicle 308.0 193.0 331.0 203.0
vehicle 340.0 192.0 363.0 200.0
vehicle 369.0 190.0 392.0 197.0
vehicle 426.0 187.0 450.0 196.0
vehicle 471.0 185.0 492.0 193.0
vehicle 499.0 183.0 522.0 191.0
vehicle 535.0 182.0 557.0 190.0
vehicle 562.0 182.0 580.0 188.0
vehicle 766.0 206.0 791.0 212.0
storagetank 306.0 270.0 334.0 298.0
storagetank 348.0 284.0 409.0 342.0
storagetank 430.0 278.0 507.0 358.0
storagetank 349.0 364.0 413.0 427.0
storagetank 527.0 273.0 607.0 354.0
storagetank 532.0 367.0 613.0 450.0
storagetank 627.0 270.0 704.0 349.0
storagetank 632.0 364.0 710.0 445.0
storagetank 738.0 404.0 762.0 431.0
storagetank 762.0 404.0 785.0 430.0
storagetank 664.0 474.0 684.0 498.0
harbor 272.0 466.0 583.0 560.0
storagetank 13.0 305.0 48.0 345.0
storagetank 59.0 303.0 99.0 344.0
storagetank 13.0 379.0 52.0 418.0
storagetank 62.0 377.0 100.0 416.0
