harbor 495.0 82.0 763.0 630.0
harbor 21.0 90.0 371.0 631.0
ship 94.0 91.0 265.0 141.0
ship 23.0 281.0 168.0 324.0
ship 24.0 333.0 169.0 376.0
ship 51.0 392.0 156.0 434.0
ship 69.0 480.0 174.0 522.0
ship 211.0 334.0 336.0 395.0
ship 210.0 447.0 334.0 499.0
ship 207.0 505.0 349.0 569.0
ship 211.0 579.0 371.0 626.0
ship 550.0 84.0 703.0 139.0
ship 496.0 158.0 609.0 195.0
ship 646.0 153.0 757.0 202.0
ship 649.0 211.0 761.0 255.0
ship 510.0 246.0 601.0 280.0
ship 648.0 262.0 751.0 306.0
ship 648.0 313.0 751.0 357.0
ship 654.0 367.0 757.0 411.0
ship 511.0 459.0 614.0 503.0
ship 496.0 602.0 539.0 627.0
ship 209.0 227.0 325.0 270.0
