vehicle 352.0 509.0 414.0 529.0
vehicle 292.0 580.0 344.0 601.0
vehicle 348.0 601.0 399.0 620.0
vehicle 476.0 656.0 509.0 698.0
vehicle 349.0 194.0 400.0 221.0
vehicle 472.0 164.0 492.0 192.0
vehicle 491.0 165.0 509.0 192.0
vehicle 534.0 210.0 578.0 240.0
vehicle 342.0 259.0 406.0 271.0
vehicle 346.0 280.0 409.0 299.0
vehicle 439.0 259.0 498.0 275.0
vehicle 558.0 319.0 606.0 338.0
vehicle 186.0 248.0 241.0 264.0
Expressway-Service-area 150.0 99.0 702.0 351.0
Expressway-Service-area 142.0 464.0 648.0 738.0
