harbor 543.0 161.0 651.0 227.0
harbor 496.0 223.0 634.0 358.0
harbor 344.0 379.0 592.0 591.0
harbor 211.0 411.0 587.0 683.0
harbor 200.0 475.0 535.0 777.0
ship 201.0 470.0 218.0 489.0
ship 220.0 489.0 232.0 507.0
ship 769.0 184.0 783.0 195.0
ship 729.0 209.0 747.0 229.0
ship 691.0 285.0 699.0 303.0
ship 681.0 371.0 690.0 405.0
ship 706.0 491.0 727.0 503.0
harbor 425.0 304.0 615.0 482.0
ship 589.0 151.0 597.0 164.0
ship 590.0 167.0 604.0 177.0
ship 614.0 178.0 629.0 190.0
ship 630.0 187.0 645.0 199.0
ship 548.0 164.0 561.0 185.0
ship 556.0 169.0 569.0 189.0
ship 564.0 174.0 578.0 195.0
ship 574.0 176.0 586.0 199.0
ship 582.0 182.0 596.0 203.0
ship 590.0 187.0 604.0 207.0
ship 601.0 191.0 615.0 212.0
ship 607.0 196.0 621.0 217.0
ship 616.0 201.0 631.0 222.0
ship 636.0 209.0 649.0 226.0
ship 725.0 232.0 736.0 245.0
ship 496.0 246.0 512.0 267.0
ship 507.0 253.0 524.0 273.0
ship 512.0 262.0 531.0 284.0
ship 523.0 269.0 540.0 287.0
ship 548.0 291.0 569.0 311.0
ship 559.0 298.0 576.0 321.0
ship 567.0 306.0 586.0 328.0
ship 575.0 313.0 595.0 335.0
ship 584.0 320.0 603.0 343.0
ship 591.0 327.0 613.0 352.0
ship 533.0 242.0 550.0 257.0
ship 544.0 245.0 560.0 263.0
ship 551.0 252.0 568.0 271.0
ship 559.0 258.0 575.0 277.0
ship 568.0 265.0 582.0 283.0
ship 574.0 272.0 591.0 291.0
ship 584.0 280.0 598.0 297.0
ship 592.0 285.0 607.0 304.0
ship 600.0 291.0 615.0 310.0
ship 607.0 299.0 623.0 317.0
ship 616.0 302.0 634.0 325.0
ship 446.0 305.0 469.0 331.0
ship 426.0 334.0 444.0 356.0
ship 434.0 341.0 454.0 364.0
ship 456.0 316.0 476.0 338.0
ship 466.0 324.0 484.0 345.0
ship 484.0 338.0 502.0 359.0
ship 500.0 354.0 521.0 375.0
ship 513.0 360.0 529.0 380.0
ship 519.0 366.0 538.0 390.0
ship 527.0 376.0 546.0 397.0
ship 536.0 382.0 557.0 405.0
ship 546.0 389.0 565.0 412.0
ship 554.0 392.0 578.0 420.0
ship 564.0 402.0 585.0 428.0
ship 571.0 409.0 596.0 435.0
ship 583.0 417.0 604.0 442.0
ship 445.0 348.0 463.0 370.0
ship 454.0 356.0 472.0 377.0
ship 468.0 372.0 485.0 392.0
ship 478.0 378.0 496.0 397.0
ship 494.0 390.0 513.0 412.0
ship 504.0 398.0 522.0 419.0
ship 510.0 407.0 529.0 426.0
ship 521.0 413.0 537.0 430.0
ship 530.0 417.0 548.0 438.0
ship 538.0 425.0 555.0 447.0
ship 546.0 431.0 564.0 452.0
ship 556.0 438.0 574.0 459.0
ship 563.0 446.0 580.0 467.0
ship 569.0 453.0 589.0 478.0
ship 372.0 381.0 392.0 402.0
ship 343.0 397.0 357.0 413.0
ship 382.0 387.0 399.0 408.0
ship 349.0 401.0 365.0 417.0
ship 363.0 412.0 378.0 428.0
ship 370.0 417.0 385.0 435.0
ship 391.0 395.0 407.0 414.0
ship 397.0 401.0 415.0 420.0
ship 406.0 407.0 425.0 429.0
ship 415.0 414.0 432.0 435.0
ship 423.0 422.0 439.0 441.0
ship 432.0 427.0 450.0 448.0
ship 440.0 435.0 459.0 454.0
ship 458.0 448.0 473.0 470.0
ship 474.0 464.0 491.0 483.0
ship 482.0 469.0 499.0 490.0
ship 491.0 477.0 508.0 497.0
ship 499.0 482.0 518.0 505.0
ship 507.0 491.0 526.0 510.0
ship 525.0 504.0 542.0 524.0
ship 534.0 511.0 550.0 530.0
ship 544.0 517.0 561.0 537.0
ship 561.0 527.0 583.0 553.0
ship 551.0 521.0 572.0 545.0
ship 572.0 536.0 590.0 557.0
ship 385.0 428.0 400.0 445.0
ship 391.0 434.0 407.0 451.0
ship 400.0 440.0 413.0 454.0
ship 406.0 446.0 419.0 460.0
ship 413.0 451.0 427.0 467.0
ship 421.0 457.0 435.0 472.0
ship 426.0 463.0 441.0 479.0
ship 456.0 487.0 471.0 503.0
ship 462.0 493.0 478.0 509.0
ship 470.0 498.0 485.0 515.0
ship 479.0 504.0 494.0 522.0
ship 486.0 511.0 500.0 527.0
ship 508.0 530.0 523.0 546.0
ship 516.0 536.0 530.0 550.0
ship 523.0 542.0 536.0 556.0
ship 528.0 548.0 544.0 566.0
ship 537.0 552.0 552.0 569.0
ship 544.0 560.0 561.0 577.0
ship 551.0 624.0 570.0 650.0
ship 561.0 631.0 583.0 656.0
ship 532.0 660.0 551.0 679.0
ship 525.0 651.0 543.0 672.0
ship 516.0 643.0 534.0 665.0
ship 508.0 638.0 526.0 660.0
ship 493.0 623.0 511.0 643.0
ship 485.0 619.0 499.0 635.0
ship 478.0 611.0 492.0 629.0
ship 467.0 603.0 486.0 624.0
ship 459.0 596.0 478.0 617.0
ship 451.0 591.0 468.0 608.0
ship 443.0 584.0 460.0 602.0
ship 425.0 571.0 446.0 592.0
ship 418.0 565.0 435.0 585.0
ship 411.0 558.0 428.0 577.0
ship 531.0 617.0 546.0 636.0
ship 524.0 613.0 537.0 629.0
ship 516.0 607.0 531.0 623.0
ship 509.0 602.0 521.0 617.0
ship 501.0 594.0 515.0 612.0
ship 493.0 589.0 507.0 605.0
ship 485.0 583.0 501.0 600.0
ship 479.0 577.0 493.0 593.0
ship 471.0 570.0 487.0 587.0
ship 464.0 567.0 478.0 582.0
ship 457.0 559.0 470.0 574.0
ship 443.0 548.0 456.0 562.0
ship 435.0 540.0 450.0 556.0
ship 502.0 713.0 517.0 733.0
ship 512.0 735.0 535.0 755.0
ship 469.0 687.0 484.0 708.0
ship 461.0 681.0 477.0 701.0
ship 453.0 676.0 468.0 692.0
ship 446.0 673.0 456.0 684.0
ship 435.0 660.0 453.0 679.0
ship 429.0 654.0 445.0 673.0
ship 418.0 648.0 434.0 667.0
ship 410.0 641.0 430.0 661.0
ship 404.0 634.0 421.0 652.0
ship 394.0 627.0 411.0 647.0
ship 386.0 621.0 403.0 640.0
ship 379.0 614.0 396.0 633.0
ship 370.0 607.0 388.0 626.0
ship 363.0 602.0 379.0 620.0
ship 353.0 595.0 369.0 613.0
ship 348.0 588.0 363.0 607.0
ship 241.0 414.0 251.0 428.0
ship 215.0 422.0 224.0 444.0
ship 225.0 431.0 237.0 447.0
ship 233.0 436.0 245.0 452.0
ship 249.0 417.0 260.0 432.0
ship 257.0 422.0 269.0 438.0
ship 265.0 426.0 276.0 442.0
ship 274.0 431.0 285.0 447.0
ship 281.0 436.0 292.0 454.0
ship 289.0 440.0 301.0 456.0
ship 241.0 507.0 254.0 522.0
ship 248.0 512.0 261.0 528.0
ship 256.0 519.0 266.0 531.0
ship 262.0 523.0 275.0 539.0
ship 270.0 528.0 284.0 544.0
ship 278.0 534.0 291.0 549.0
ship 285.0 538.0 300.0 556.0
ship 293.0 544.0 308.0 563.0
ship 300.0 551.0 316.0 570.0
ship 308.0 557.0 324.0 575.0
ship 316.0 563.0 332.0 582.0
ship 325.0 569.0 340.0 588.0
ship 331.0 575.0 347.0 595.0
ship 339.0 580.0 356.0 601.0
ship 252.0 445.0 261.0 457.0
ship 257.0 450.0 268.0 468.0
ship 267.0 455.0 276.0 469.0
ship 273.0 459.0 285.0 477.0
ship 281.0 464.0 291.0 479.0
ship 289.0 470.0 299.0 485.0
ship 297.0 475.0 307.0 488.0
ship 312.0 482.0 323.0 500.0
ship 297.0 442.0 311.0 462.0
ship 305.0 447.0 319.0 468.0
ship 314.0 452.0 328.0 473.0
ship 323.0 455.0 338.0 476.0
ship 331.0 463.0 344.0 482.0
ship 340.0 469.0 351.0 487.0
ship 346.0 476.0 357.0 492.0
ship 354.0 480.0 365.0 496.0
ship 362.0 484.0 374.0 502.0
ship 369.0 488.0 382.0 505.0
ship 377.0 491.0 391.0 511.0
ship 384.0 501.0 397.0 516.0
ship 392.0 506.0 405.0 521.0
ship 398.0 510.0 412.0 527.0
ship 405.0 517.0 418.0 533.0
ship 412.0 522.0 426.0 539.0
ship 420.0 527.0 434.0 546.0
ship 428.0 534.0 442.0 550.0
ship 326.0 493.0 338.0 509.0
ship 334.0 498.0 346.0 513.0
ship 348.0 508.0 362.0 526.0
ship 356.0 511.0 370.0 532.0
ship 363.0 517.0 380.0 537.0
ship 374.0 527.0 388.0 544.0
ship 379.0 532.0 396.0 552.0
ship 388.0 538.0 403.0 555.0
ship 396.0 543.0 413.0 560.0
ship 225.0 388.0 245.0 398.0
ship 223.0 398.0 243.0 408.0
ship 292.0 385.0 302.0 401.0
ship 300.0 390.0 309.0 404.0
ship 310.0 393.0 319.0 411.0
ship 317.0 397.0 326.0 413.0
ship 325.0 396.0 338.0 417.0
