airplane 29.0 155.0 133.0 267.0
airplane 193.0 198.0 339.0 336.0
airplane 523.0 30.0 618.0 111.0
airplane 460.0 220.0 516.0 281.0
airplane 516.0 270.0 593.0 315.0
airplane 494.0 332.0 579.0 375.0
airplane 454.0 393.0 545.0 444.0
airplane 504.0 579.0 575.0 641.0
airplane 560.0 661.0 633.0 720.0
airplane 650.0 686.0 747.0 775.0
vehicle 177.0 704.0 205.0 722.0
vehicle 519.0 488.0 531.0 517.0
vehicle 706.0 666.0 736.0 680.0
vehicle 730.0 748.0 742.0 761.0
vehicle 322.0 301.0 332.0 315.0
vehicle 303.0 313.0 315.0 327.0
vehicle 444.0 231.0 466.0 252.0
vehicle 291.0 331.0 305.0 337.0
vehicle 283.0 334.0 301.0 345.0
vehicle 279.0 340.0 294.0 350.0
vehicle 197.0 607.0 215.0 621.0
vehicle 203.0 603.0 219.0 614.0
vehicle 158.0 613.0 169.0 626.0
vehicle 147.0 598.0 164.0 607.0
vehicle 114.0 642.0 131.0 651.0
vehicle 190.0 613.0 207.0 626.0
vehicle 4.0 8.0 30.0 25.0
