overpass 102.0 327.0 590.0 576.0
vehicle 151.0 742.0 168.0 762.0
vehicle 176.0 685.0 195.0 705.0
vehicle 147.0 617.0 164.0 639.0
vehicle 256.0 737.0 283.0 768.0
vehicle 404.0 442.0 426.0 457.0
vehicle 264.0 394.0 285.0 410.0
vehicle 134.0 392.0 153.0 406.0
vehicle 200.0 357.0 222.0 374.0
vehicle 409.0 303.0 429.0 324.0
vehicle 542.0 497.0 564.0 512.0
vehicle 690.0 560.0 710.0 575.0
vehicle 694.0 199.0 711.0 220.0
vehicle 574.0 200.0 622.0 256.0
vehicle 496.0 185.0 518.0 212.0
vehicle 590.0 161.0 611.0 187.0
vehicle 567.0 122.0 587.0 143.0
vehicle 433.0 72.0 450.0 106.0
vehicle 29.0 266.0 47.0 280.0
vehicle 62.0 211.0 77.0 233.0
