tenniscourt 473.0 236.0 520.0 333.0
tenniscourt 399.0 240.0 446.0 336.0
tenniscourt 480.0 456.0 528.0 552.0
tenniscourt 407.0 458.0 455.0 555.0
tenniscourt 295.0 446.0 330.0 520.0
tenniscourt 241.0 447.0 277.0 522.0
tenniscourt 187.0 449.0 223.0 523.0
tenniscourt 133.0 451.0 169.0 524.0
tenniscourt 328.0 243.0 377.0 338.0
tenniscourt 256.0 246.0 304.0 342.0
vehicle 637.0 235.0 655.0 245.0
vehicle 638.0 256.0 658.0 266.0
vehicle 640.0 289.0 657.0 297.0
vehicle 709.0 260.0 719.0 279.0
vehicle 637.0 300.0 660.0 310.0
vehicle 641.0 330.0 664.0 339.0
vehicle 645.0 345.0 664.0 354.0
vehicle 738.0 239.0 749.0 260.0
vehicle 732.0 313.0 742.0 333.0
vehicle 745.0 312.0 753.0 330.0
vehicle 758.0 309.0 766.0 329.0
vehicle 688.0 101.0 699.0 123.0
vehicle 739.0 22.0 748.0 45.0
vehicle 760.0 37.0 772.0 63.0
vehicle 567.0 152.0 577.0 172.0
