harbor 1.0 310.0 529.0 646.0
harbor 1.0 20.0 510.0 208.0
ship 101.0 582.0 126.0 637.0
ship 182.0 585.0 207.0 640.0
ship 231.0 589.0 256.0 644.0
ship 249.0 571.0 280.0 638.0
ship 99.0 544.0 153.0 561.0
ship 85.0 519.0 139.0 536.0
ship 64.0 457.0 132.0 483.0
ship 54.0 424.0 122.0 450.0
ship 47.0 392.0 102.0 416.0
ship 139.0 392.0 211.0 415.0
ship 158.0 461.0 227.0 481.0
ship 168.0 488.0 237.0 508.0
ship 352.0 538.0 373.0 598.0
ship 378.0 541.0 399.0 601.0
ship 399.0 540.0 418.0 595.0
ship 468.0 535.0 488.0 600.0
ship 494.0 541.0 511.0 600.0
ship 444.0 503.0 509.0 528.0
ship 365.0 503.0 419.0 522.0
ship 351.0 422.0 413.0 443.0
ship 357.0 471.0 411.0 490.0
ship 349.0 395.0 411.0 416.0
ship 437.0 396.0 499.0 417.0
ship 435.0 424.0 509.0 445.0
ship 481.0 333.0 503.0 380.0
ship 457.0 320.0 474.0 381.0
ship 391.0 327.0 409.0 379.0
ship 436.0 327.0 449.0 378.0
ship 367.0 320.0 384.0 380.0
ship 323.0 321.0 340.0 381.0
ship 206.0 322.0 226.0 374.0
ship 251.0 312.0 268.0 372.0
ship 187.0 327.0 202.0 371.0
ship 162.0 323.0 177.0 374.0
ship 92.0 313.0 111.0 376.0
ship 139.0 316.0 154.0 367.0
ship 46.0 310.0 69.0 372.0
ship 27.0 321.0 43.0 366.0
ship 2.0 315.0 20.0 374.0
ship 445.0 122.0 474.0 209.0
ship 416.0 126.0 441.0 205.0
ship 361.0 134.0 381.0 198.0
ship 335.0 139.0 354.0 196.0
ship 311.0 137.0 331.0 197.0
ship 260.0 138.0 280.0 198.0
ship 237.0 136.0 257.0 196.0
ship 192.0 139.0 212.0 199.0
ship 168.0 144.0 188.0 204.0
ship 103.0 145.0 123.0 205.0
ship 143.0 142.0 163.0 202.0
ship 57.0 154.0 79.0 197.0
ship 7.0 85.0 27.0 134.0
ship 30.0 71.0 49.0 135.0
ship 76.0 79.0 93.0 130.0
ship 138.0 68.0 159.0 129.0
ship 163.0 71.0 184.0 125.0
ship 208.0 68.0 229.0 122.0
ship 251.0 44.0 273.0 116.0
ship 279.0 48.0 300.0 111.0
ship 326.0 46.0 352.0 114.0
ship 354.0 49.0 379.0 111.0
ship 381.0 35.0 406.0 108.0
