airplane 321.0 13.0 458.0 149.0
airplane 672.0 155.0 776.0 258.0
airplane 11.0 359.0 149.0 487.0
airplane 176.0 372.0 279.0 485.0
airplane 447.0 324.0 587.0 446.0
airplane 52.0 605.0 146.0 702.0
airplane 170.0 602.0 276.0 699.0
airplane 289.0 585.0 409.0 708.0
airplane 419.0 580.0 519.0 689.0
vehicle 25.0 650.0 31.0 660.0
vehicle 19.0 569.0 25.0 581.0
vehicle 31.0 559.0 39.0 565.0
vehicle 26.0 525.0 38.0 531.0
vehicle 87.0 343.0 97.0 350.0
vehicle 149.0 419.0 163.0 425.0
vehicle 364.0 321.0 379.0 326.0
vehicle 434.0 403.0 444.0 411.0
vehicle 565.0 329.0 577.0 333.0
vehicle 565.0 342.0 574.0 353.0
vehicle 583.0 375.0 589.0 386.0
vehicle 593.0 387.0 598.0 398.0
vehicle 559.0 399.0 569.0 407.0
vehicle 744.0 378.0 753.0 385.0
vehicle 742.0 365.0 751.0 371.0
vehicle 753.0 413.0 759.0 421.0
vehicle 511.0 552.0 522.0 557.0
vehicle 567.0 568.0 571.0 579.0
vehicle 583.0 565.0 587.0 573.0
vehicle 561.0 568.0 565.0 577.0
vehicle 412.0 609.0 420.0 618.0
vehicle 422.0 624.0 428.0 635.0
vehicle 421.0 616.0 427.0 623.0
vehicle 620.0 656.0 625.0 667.0
vehicle 621.0 669.0 627.0 679.0
vehicle 277.0 630.0 287.0 635.0
vehicle 170.0 627.0 177.0 636.0
vehicle 173.0 702.0 178.0 710.0
vehicle 750.0 310.0 768.0 317.0
vehicle 771.0 333.0 788.0 340.0
vehicle 769.0 340.0 790.0 347.0
vehicle 777.0 354.0 791.0 371.0
vehicle 295.0 378.0 303.0 382.0
vehicle 275.0 334.0 292.0 340.0
vehicle 244.0 344.0 263.0 352.0
vehicle 307.0 333.0 322.0 339.0
vehicle 323.0 401.0 333.0 406.0
vehicle 279.0 425.0 288.0 434.0
vehicle 493.0 311.0 505.0 317.0
vehicle 729.0 294.0 741.0 298.0
