airplane 54.0 82.0 98.0 129.0
airplane 163.0 113.0 205.0 162.0
airplane 128.0 158.0 172.0 203.0
airplane 216.0 137.0 249.0 170.0
airplane 171.0 168.0 215.0 209.0
airplane 88.0 194.0 122.0 230.0
airplane 133.0 204.0 174.0 240.0
airplane 87.0 241.0 133.0 282.0
airplane 53.0 239.0 93.0 279.0
airplane 57.0 286.0 104.0 328.0
airplane 13.0 275.0 56.0 322.0
airplane 19.0 326.0 66.0 368.0
airplane 277.0 219.0 314.0 258.0
airplane 239.0 261.0 277.0 303.0
airplane 281.0 261.0 324.0 302.0
airplane 201.0 296.0 239.0 337.0
airplane 245.0 303.0 288.0 343.0
airplane 201.0 340.0 251.0 382.0
airplane 166.0 382.0 212.0 422.0
airplane 91.0 415.0 130.0 457.0
airplane 415.0 292.0 451.0 332.0
airplane 426.0 343.0 462.0 376.0
airplane 374.0 332.0 417.0 379.0
airplane 384.0 384.0 422.0 420.0
airplane 301.0 414.0 335.0 453.0
airplane 342.0 416.0 385.0 458.0
airplane 499.0 332.0 532.0 358.0
airplane 96.0 536.0 157.0 604.0
airplane 227.0 535.0 289.0 606.0
airplane 295.0 533.0 356.0 600.0
airplane 359.0 534.0 420.0 605.0
airplane 426.0 531.0 493.0 597.0
airplane 497.0 526.0 564.0 592.0
airplane 606.0 528.0 666.0 600.0
airplane 667.0 525.0 729.0 586.0
airplane 735.0 524.0 797.0 590.0
vehicle 285.0 81.0 293.0 96.0
vehicle 352.0 74.0 361.0 90.0
vehicle 531.0 53.0 538.0 67.0
vehicle 565.0 50.0 571.0 64.0
vehicle 581.0 88.0 592.0 106.0
vehicle 639.0 47.0 647.0 62.0
vehicle 482.0 40.0 495.0 52.0
airplane 301.0 170.0 325.0 192.0
