airplane 16.0 330.0 102.0 400.0
airplane 536.0 119.0 607.0 191.0
airplane 480.0 271.0 546.0 336.0
airplane 299.0 585.0 368.0 663.0
airplane 713.0 611.0 793.0 687.0
airplane 682.0 689.0 763.0 758.0
vehicle 777.0 322.0 791.0 328.0
vehicle 736.0 352.0 749.0 360.0
vehicle 775.0 380.0 784.0 388.0
vehicle 783.0 381.0 789.0 390.0
vehicle 786.0 384.0 796.0 394.0
vehicle 735.0 416.0 747.0 424.0
vehicle 733.0 423.0 748.0 432.0
vehicle 385.0 665.0 394.0 676.0
vehicle 765.0 692.0 781.0 701.0
vehicle 642.0 629.0 656.0 636.0
vehicle 616.0 694.0 627.0 701.0
vehicle 613.0 699.0 623.0 706.0
