tenniscourt 538.0 590.0 608.0 646.0
tenniscourt 518.0 621.0 591.0 680.0
tenniscourt 501.0 657.0 572.0 712.0
tenniscourt 483.0 692.0 554.0 748.0
tenniscourt 463.0 724.0 537.0 782.0
groundtrackfield 90.0 480.0 532.0 761.0
vehicle 713.0 650.0 727.0 663.0
vehicle 678.0 601.0 693.0 613.0
vehicle 645.0 583.0 656.0 594.0
vehicle 642.0 613.0 657.0 623.0
vehicle 704.0 615.0 718.0 624.0
vehicle 722.0 624.0 740.0 637.0
vehicle 749.0 639.0 765.0 649.0
vehicle 784.0 659.0 795.0 667.0
vehicle 632.0 656.0 646.0 665.0
vehicle 624.0 630.0 636.0 642.0
vehicle 605.0 594.0 620.0 603.0
vehicle 617.0 645.0 630.0 656.0
vehicle 605.0 672.0 615.0 687.0
vehicle 595.0 697.0 608.0 708.0
vehicle 592.0 702.0 602.0 711.0
vehicle 598.0 691.0 610.0 701.0
vehicle 587.0 713.0 599.0 724.0
vehicle 574.0 733.0 587.0 743.0
vehicle 569.0 739.0 584.0 753.0
vehicle 567.0 747.0 580.0 757.0
vehicle 563.0 757.0 576.0 767.0
vehicle 550.0 774.0 561.0 789.0
vehicle 560.0 764.0 571.0 773.0
vehicle 633.0 519.0 641.0 529.0
vehicle 650.0 535.0 656.0 543.0
vehicle 655.0 513.0 663.0 524.0
vehicle 682.0 411.0 696.0 431.0
vehicle 713.0 363.0 722.0 378.0
vehicle 712.0 439.0 726.0 448.0
vehicle 769.0 244.0 789.0 273.0
vehicle 741.0 102.0 750.0 118.0
vehicle 666.0 71.0 682.0 84.0
vehicle 553.0 130.0 563.0 142.0
vehicle 559.0 134.0 571.0 143.0
vehicle 566.0 151.0 575.0 163.0
vehicle 567.0 136.0 577.0 146.0
vehicle 573.0 139.0 581.0 150.0
vehicle 577.0 140.0 587.0 152.0
vehicle 584.0 144.0 594.0 156.0
vehicle 589.0 149.0 598.0 160.0
vehicle 594.0 152.0 603.0 161.0
vehicle 601.0 154.0 609.0 164.0
vehicle 607.0 154.0 618.0 169.0
vehicle 615.0 160.0 623.0 171.0
vehicle 547.0 143.0 558.0 156.0
vehicle 556.0 147.0 562.0 157.0
vehicle 559.0 149.0 567.0 161.0
vehicle 572.0 152.0 582.0 166.0
vehicle 576.0 158.0 586.0 171.0
vehicle 583.0 161.0 591.0 173.0
vehicle 589.0 164.0 599.0 176.0
vehicle 594.0 167.0 605.0 180.0
vehicle 600.0 170.0 609.0 182.0
vehicle 607.0 172.0 616.0 185.0
vehicle 521.0 167.0 531.0 178.0
vehicle 531.0 172.0 541.0 186.0
vehicle 597.0 208.0 603.0 219.0
vehicle 591.0 204.0 600.0 215.0
vehicle 585.0 200.0 593.0 212.0
vehicle 579.0 196.0 587.0 209.0
vehicle 573.0 194.0 583.0 206.0
vehicle 566.0 191.0 576.0 203.0
vehicle 562.0 188.0 570.0 199.0
vehicle 556.0 185.0 564.0 196.0
vehicle 551.0 180.0 560.0 193.0
vehicle 544.0 179.0 555.0 191.0
vehicle 538.0 176.0 547.0 189.0
vehicle 529.0 169.0 538.0 180.0
vehicle 495.0 106.0 508.0 116.0
vehicle 499.0 99.0 513.0 110.0
vehicle 505.0 85.0 519.0 97.0
vehicle 448.0 47.0 458.0 62.0
vehicle 391.0 160.0 401.0 169.0
vehicle 440.0 6.0 455.0 15.0
vehicle 424.0 96.0 434.0 109.0
vehicle 367.0 204.0 379.0 217.0
vehicle 354.0 226.0 365.0 239.0
vehicle 367.0 242.0 379.0 255.0
vehicle 362.0 255.0 372.0 267.0
vehicle 324.0 287.0 332.0 299.0
vehicle 305.0 313.0 315.0 323.0
vehicle 354.0 270.0 363.0 283.0
vehicle 346.0 284.0 356.0 296.0
vehicle 337.0 303.0 347.0 313.0
vehicle 327.0 318.0 340.0 329.0
vehicle 319.0 332.0 331.0 344.0
vehicle 424.0 242.0 439.0 252.0
vehicle 401.0 228.0 419.0 239.0
vehicle 394.0 242.0 409.0 252.0
vehicle 414.0 254.0 430.0 266.0
vehicle 419.0 248.0 435.0 259.0
vehicle 389.0 249.0 405.0 258.0
vehicle 413.0 262.0 429.0 272.0
vehicle 386.0 256.0 403.0 265.0
vehicle 381.0 261.0 399.0 271.0
vehicle 410.0 268.0 427.0 278.0
vehicle 381.0 268.0 397.0 278.0
vehicle 407.0 275.0 423.0 286.0
vehicle 377.0 273.0 390.0 282.0
vehicle 404.0 283.0 419.0 292.0
vehicle 401.0 289.0 414.0 299.0
vehicle 372.0 281.0 387.0 290.0
vehicle 369.0 286.0 384.0 296.0
vehicle 398.0 297.0 412.0 306.0
vehicle 394.0 303.0 409.0 312.0
vehicle 366.0 296.0 378.0 305.0
vehicle 388.0 307.0 402.0 319.0
vehicle 361.0 303.0 379.0 312.0
vehicle 360.0 309.0 377.0 319.0
vehicle 385.0 317.0 401.0 326.0
vehicle 356.0 316.0 372.0 326.0
vehicle 379.0 322.0 394.0 332.0
vehicle 353.0 323.0 369.0 332.0
vehicle 378.0 330.0 394.0 340.0
vehicle 373.0 334.0 390.0 345.0
vehicle 370.0 341.0 388.0 352.0
vehicle 368.0 350.0 383.0 359.0
vehicle 351.0 330.0 363.0 338.0
vehicle 346.0 337.0 361.0 347.0
vehicle 344.0 344.0 355.0 352.0
vehicle 337.0 350.0 354.0 360.0
vehicle 332.0 361.0 351.0 373.0
vehicle 286.0 413.0 300.0 426.0
vehicle 375.0 421.0 392.0 435.0
vehicle 291.0 367.0 302.0 378.0
vehicle 242.0 377.0 253.0 387.0
vehicle 266.0 356.0 280.0 367.0
vehicle 281.0 377.0 291.0 388.0
vehicle 269.0 387.0 281.0 399.0
vehicle 256.0 398.0 269.0 409.0
vehicle 222.0 391.0 234.0 401.0
vehicle 247.0 407.0 258.0 418.0
vehicle 196.0 409.0 208.0 417.0
vehicle 232.0 417.0 245.0 426.0
vehicle 218.0 426.0 230.0 435.0
vehicle 204.0 434.0 215.0 442.0
vehicle 169.0 421.0 183.0 430.0
vehicle 192.0 440.0 202.0 450.0
vehicle 138.0 433.0 155.0 440.0
vehicle 176.0 447.0 189.0 456.0
vehicle 115.0 439.0 126.0 446.0
vehicle 120.0 447.0 136.0 453.0
vehicle 161.0 453.0 175.0 463.0
vehicle 144.0 459.0 159.0 468.0
vehicle 126.0 464.0 141.0 472.0
vehicle 85.0 446.0 99.0 454.0
vehicle 100.0 470.0 113.0 477.0
vehicle 85.0 473.0 99.0 482.0
vehicle 72.0 774.0 87.0 783.0
vehicle 89.0 775.0 105.0 783.0
vehicle 108.0 789.0 119.0 800.0
vehicle 141.0 790.0 153.0 798.0
vehicle 133.0 777.0 145.0 789.0
vehicle 122.0 762.0 135.0 776.0
vehicle 115.0 750.0 126.0 762.0
vehicle 48.0 768.0 60.0 778.0
vehicle 57.0 759.0 70.0 769.0
vehicle 107.0 735.0 123.0 751.0
vehicle 100.0 718.0 111.0 732.0
vehicle 96.0 706.0 107.0 717.0
vehicle 90.0 689.0 101.0 703.0
vehicle 87.0 674.0 97.0 689.0
vehicle 76.0 630.0 87.0 645.0
vehicle 72.0 612.0 83.0 625.0
vehicle 43.0 599.0 50.0 612.0
vehicle 33.0 558.0 40.0 568.0
vehicle 79.0 645.0 91.0 658.0
vehicle 83.0 662.0 95.0 672.0
vehicle 69.0 598.0 82.0 611.0
vehicle 66.0 579.0 77.0 592.0
vehicle 62.0 564.0 72.0 574.0
vehicle 58.0 548.0 69.0 562.0
vehicle 54.0 531.0 66.0 545.0
vehicle 51.0 515.0 63.0 529.0
vehicle 15.0 418.0 27.0 428.0
vehicle 5.0 304.0 18.0 316.0
vehicle 33.0 276.0 49.0 289.0
vehicle 65.0 243.0 81.0 257.0
vehicle 59.0 229.0 73.0 240.0
vehicle 15.0 271.0 27.0 281.0
vehicle 74.0 213.0 86.0 224.0
vehicle 1.0 283.0 11.0 295.0
vehicle 87.0 184.0 98.0 194.0
vehicle 103.0 186.0 115.0 196.0
vehicle 132.0 185.0 144.0 196.0
vehicle 132.0 157.0 145.0 168.0
vehicle 161.0 157.0 174.0 169.0
vehicle 171.0 146.0 184.0 159.0
vehicle 195.0 127.0 207.0 136.0
vehicle 178.0 115.0 191.0 127.0
vehicle 193.0 101.0 206.0 111.0
vehicle 209.0 88.0 220.0 98.0
vehicle 236.0 85.0 251.0 99.0
vehicle 290.0 34.0 301.0 46.0
basketballcourt 462.0 357.0 519.0 419.0
basketballcourt 493.0 374.0 550.0 438.0
basketballcourt 525.0 393.0 583.0 455.0
