trainstation 197.0 291.0 513.0 422.0
groundtrackfield 399.0 118.0 450.0 145.0
vehicle 4.0 140.0 8.0 151.0
vehicle 9.0 149.0 12.0 160.0
vehicle 14.0 140.0 18.0 149.0
vehicle 33.0 151.0 36.0 160.0
vehicle 39.0 143.0 43.0 152.0
vehicle 44.0 142.0 48.0 154.0
vehicle 53.0 145.0 57.0 157.0
vehicle 56.0 171.0 60.0 182.0
vehicle 63.0 171.0 66.0 181.0
vehicle 68.0 171.0 71.0 181.0
vehicle 81.0 177.0 84.0 186.0
vehicle 268.0 210.0 276.0 214.0
vehicle 276.0 207.0 286.0 211.0
vehicle 301.0 210.0 311.0 214.0
vehicle 310.0 193.0 319.0 199.0
vehicle 322.0 198.0 332.0 202.0
vehicle 389.0 200.0 397.0 204.0
vehicle 374.0 234.0 378.0 243.0
vehicle 348.0 219.0 358.0 222.0
vehicle 349.0 221.0 357.0 225.0
vehicle 348.0 230.0 357.0 233.0
vehicle 348.0 255.0 359.0 259.0
vehicle 349.0 258.0 358.0 262.0
vehicle 767.0 142.0 771.0 154.0
vehicle 307.0 11.0 310.0 19.0
