airplane 507.0 29.0 546.0 61.0
airplane 512.0 75.0 536.0 94.0
airplane 512.0 104.0 547.0 126.0
airplane 517.0 161.0 550.0 185.0
airplane 523.0 210.0 561.0 245.0
airplane 413.0 389.0 442.0 420.0
airplane 394.0 542.0 444.0 575.0
airplane 412.0 643.0 456.0 674.0
airplane 413.0 695.0 455.0 724.0
airplane 423.0 743.0 463.0 775.0
airplane 403.0 282.0 425.0 300.0
airplane 375.0 401.0 399.0 423.0
airplane 326.0 120.0 353.0 142.0
airplane 341.0 110.0 359.0 125.0
airplane 345.0 83.0 356.0 96.0
airplane 318.0 43.0 345.0 67.0
airplane 331.0 147.0 356.0 169.0
airplane 350.0 162.0 365.0 177.0
airplane 332.0 173.0 359.0 193.0
airplane 345.0 188.0 365.0 206.0
airplane 341.0 226.0 368.0 249.0
airplane 402.0 230.0 421.0 245.0
airplane 393.0 186.0 413.0 205.0
airplane 428.0 183.0 455.0 206.0
airplane 428.0 149.0 454.0 172.0
airplane 393.0 164.0 413.0 182.0
airplane 394.0 145.0 407.0 159.0
airplane 385.0 121.0 408.0 139.0
airplane 385.0 101.0 401.0 116.0
airplane 383.0 77.0 402.0 96.0
airplane 380.0 61.0 402.0 77.0
airplane 407.0 16.0 426.0 34.0
airplane 407.0 28.0 440.0 49.0
