airplane 52.0 522.0 112.0 571.0
airplane 460.0 240.0 517.0 276.0
airplane 522.0 264.0 569.0 298.0
airplane 536.0 149.0 583.0 188.0
airplane 586.0 143.0 636.0 177.0
airplane 652.0 209.0 699.0 243.0
airplane 708.0 193.0 748.0 230.0
airplane 677.0 70.0 727.0 105.0
airplane 730.0 95.0 791.0 136.0
airplane 710.0 240.0 760.0 269.0
airplane 564.0 294.0 613.0 329.0
airplane 662.0 346.0 703.0 379.0
airplane 292.0 628.0 331.0 670.0
airplane 1.0 607.0 43.0 650.0
airplane 35.0 571.0 76.0 608.0
vehicle 276.0 570.0 291.0 586.0
vehicle 119.0 468.0 140.0 483.0
vehicle 288.0 575.0 307.0 593.0
vehicle 297.0 583.0 317.0 599.0
vehicle 310.0 589.0 330.0 607.0
vehicle 406.0 567.0 430.0 584.0
vehicle 396.0 589.0 415.0 602.0
vehicle 384.0 598.0 406.0 612.0
vehicle 379.0 607.0 399.0 621.0
vehicle 372.0 617.0 394.0 631.0
vehicle 365.0 628.0 385.0 639.0
vehicle 356.0 634.0 378.0 647.0
vehicle 350.0 646.0 374.0 661.0
vehicle 336.0 662.0 359.0 677.0
vehicle 320.0 681.0 337.0 694.0
vehicle 82.0 696.0 99.0 714.0
vehicle 102.0 706.0 120.0 725.0
vehicle 119.0 715.0 143.0 741.0
vehicle 133.0 724.0 150.0 746.0
vehicle 143.0 733.0 161.0 749.0
vehicle 153.0 741.0 171.0 758.0
vehicle 174.0 747.0 193.0 766.0
vehicle 191.0 752.0 206.0 768.0
vehicle 209.0 760.0 226.0 781.0
vehicle 241.0 781.0 260.0 797.0
vehicle 274.0 727.0 301.0 747.0
vehicle 283.0 717.0 306.0 730.0
vehicle 437.0 631.0 460.0 647.0
vehicle 430.0 639.0 451.0 655.0
vehicle 425.0 650.0 444.0 664.0
vehicle 416.0 657.0 439.0 674.0
vehicle 406.0 664.0 430.0 681.0
vehicle 396.0 685.0 418.0 701.0
vehicle 388.0 696.0 411.0 712.0
vehicle 359.0 734.0 384.0 751.0
vehicle 344.0 755.0 368.0 770.0
vehicle 336.0 767.0 359.0 780.0
vehicle 500.0 557.0 514.0 580.0
vehicle 507.0 646.0 531.0 662.0
vehicle 526.0 570.0 538.0 588.0
vehicle 540.0 576.0 550.0 597.0
vehicle 554.0 583.0 564.0 602.0
vehicle 565.0 591.0 578.0 610.0
vehicle 578.0 595.0 590.0 619.0
vehicle 696.0 770.0 709.0 791.0
vehicle 752.0 784.0 762.0 800.0
vehicle 690.0 655.0 701.0 677.0
vehicle 689.0 631.0 701.0 651.0
vehicle 689.0 605.0 699.0 627.0
vehicle 688.0 583.0 698.0 604.0
vehicle 685.0 557.0 698.0 578.0
vehicle 685.0 528.0 696.0 548.0
vehicle 688.0 500.0 696.0 521.0
vehicle 688.0 479.0 698.0 499.0
vehicle 689.0 456.0 703.0 478.0
vehicle 693.0 433.0 705.0 456.0
vehicle 741.0 445.0 755.0 469.0
vehicle 738.0 469.0 752.0 492.0
vehicle 737.0 495.0 749.0 517.0
vehicle 738.0 519.0 751.0 542.0
vehicle 739.0 546.0 752.0 567.0
vehicle 741.0 569.0 752.0 591.0
vehicle 743.0 599.0 757.0 619.0
vehicle 742.0 628.0 756.0 650.0
vehicle 746.0 650.0 757.0 671.0
vehicle 748.0 675.0 758.0 694.0
vehicle 770.0 441.0 800.0 452.0
vehicle 772.0 450.0 800.0 464.0
vehicle 772.0 463.0 800.0 475.0
vehicle 773.0 484.0 796.0 493.0
vehicle 775.0 500.0 800.0 511.0
vehicle 776.0 511.0 797.0 521.0
vehicle 773.0 531.0 800.0 542.0
vehicle 771.0 554.0 796.0 562.0
vehicle 771.0 565.0 795.0 576.0
vehicle 776.0 580.0 800.0 590.0
vehicle 779.0 590.0 800.0 600.0
vehicle 779.0 600.0 800.0 609.0
vehicle 780.0 610.0 800.0 621.0
vehicle 780.0 621.0 800.0 629.0
vehicle 780.0 629.0 800.0 639.0
vehicle 781.0 647.0 800.0 658.0
vehicle 780.0 658.0 800.0 669.0
vehicle 780.0 666.0 800.0 677.0
vehicle 780.0 677.0 800.0 689.0
vehicle 781.0 689.0 800.0 700.0
vehicle 770.0 248.0 789.0 270.0
vehicle 786.0 226.0 800.0 245.0
vehicle 751.0 273.0 772.0 301.0
vehicle 736.0 308.0 753.0 330.0
vehicle 723.0 330.0 742.0 351.0
vehicle 712.0 355.0 728.0 382.0
vehicle 700.0 383.0 720.0 403.0
vehicle 696.0 408.0 710.0 428.0
vehicle 666.0 394.0 694.0 407.0
vehicle 776.0 334.0 794.0 354.0
vehicle 765.0 358.0 782.0 377.0
