airplane 23.0 536.0 70.0 565.0
airplane 1.0 573.0 49.0 599.0
airplane 51.0 602.0 94.0 639.0
airplane 75.0 56.0 120.0 83.0
airplane 10.0 112.0 37.0 142.0
airplane 47.0 499.0 90.0 530.0
airplane 6.0 9.0 19.0 23.0
airplane 39.0 42.0 66.0 71.0
airplane 9.0 40.0 25.0 49.0
airplane 164.0 9.0 187.0 30.0
airplane 149.0 62.0 162.0 73.0
airplane 162.0 72.0 177.0 82.0
airplane 155.0 85.0 177.0 100.0
airplane 148.0 102.0 163.0 112.0
airplane 158.0 149.0 174.0 163.0
airplane 172.0 168.0 188.0 182.0
airplane 197.0 177.0 219.0 197.0
airplane 246.0 129.0 269.0 148.0
airplane 264.0 110.0 289.0 131.0
airplane 342.0 101.0 367.0 121.0
airplane 301.0 124.0 322.0 144.0
airplane 331.0 136.0 356.0 154.0
airplane 330.0 159.0 356.0 179.0
airplane 315.0 182.0 335.0 202.0
airplane 243.0 152.0 267.0 172.0
airplane 302.0 206.0 327.0 225.0
airplane 297.0 227.0 322.0 249.0
airplane 53.0 215.0 76.0 233.0
airplane 37.0 231.0 57.0 250.0
airplane 125.0 541.0 148.0 560.0
airplane 154.0 550.0 176.0 570.0
airplane 155.0 589.0 176.0 608.0
airplane 179.0 602.0 200.0 619.0
airplane 302.0 617.0 321.0 633.0
airplane 427.0 588.0 450.0 610.0
airplane 408.0 760.0 427.0 779.0
airplane 536.0 340.0 557.0 364.0
airplane 350.0 361.0 370.0 380.0
airplane 375.0 373.0 403.0 394.0
airplane 407.0 385.0 428.0 407.0
airplane 428.0 440.0 445.0 458.0
airplane 399.0 452.0 422.0 478.0
airplane 344.0 431.0 372.0 456.0
airplane 378.0 451.0 392.0 466.0
airplane 460.0 312.0 483.0 337.0
airplane 492.0 326.0 512.0 345.0
airplane 507.0 307.0 528.0 324.0
airplane 517.0 282.0 542.0 303.0
airplane 500.0 239.0 526.0 257.0
airplane 437.0 190.0 458.0 209.0
airplane 567.0 253.0 584.0 270.0
airplane 595.0 334.0 619.0 359.0
