airplane 241.0 571.0 277.0 594.0
airplane 348.0 569.0 382.0 590.0
airplane 322.0 610.0 353.0 629.0
airplane 379.0 612.0 407.0 629.0
airplane 441.0 427.0 470.0 449.0
airplane 494.0 431.0 521.0 449.0
airplane 532.0 430.0 556.0 446.0
airplane 559.0 396.0 584.0 411.0
airplane 559.0 423.0 588.0 442.0
airplane 624.0 423.0 655.0 441.0
airplane 330.0 63.0 356.0 85.0
airplane 203.0 80.0 234.0 101.0
airplane 239.0 106.0 272.0 128.0
airplane 276.0 130.0 305.0 149.0
airplane 307.0 150.0 337.0 172.0
airplane 345.0 177.0 378.0 200.0
airplane 383.0 197.0 413.0 219.0
airplane 420.0 222.0 455.0 244.0
airplane 421.0 605.0 456.0 632.0
airplane 573.0 442.0 594.0 459.0
storagetank 407.0 567.0 426.0 584.0
