airplane 363.0 37.0 406.0 68.0
airplane 385.0 144.0 427.0 182.0
airplane 388.0 197.0 440.0 229.0
airplane 406.0 288.0 445.0 329.0
airplane 336.0 320.0 377.0 365.0
airplane 423.0 456.0 464.0 495.0
airplane 428.0 508.0 469.0 542.0
airplane 437.0 610.0 487.0 650.0
airplane 442.0 661.0 489.0 701.0
airplane 452.0 717.0 495.0 758.0
storagetank 548.0 29.0 556.0 35.0
storagetank 547.0 44.0 556.0 51.0
storagetank 551.0 61.0 557.0 68.0
storagetank 545.0 81.0 564.0 97.0
storagetank 550.0 115.0 567.0 133.0
