bridge 63.0 172.0 126.0 194.0
ship 216.0 387.0 244.0 422.0
ship 147.0 232.0 184.0 269.0
ship 158.0 241.0 190.0 268.0
ship 154.0 248.0 198.0 290.0
ship 167.0 253.0 202.0 290.0
ship 190.0 204.0 226.0 236.0
ship 198.0 208.0 236.0 243.0
ship 206.0 217.0 247.0 247.0
ship 225.0 172.0 255.0 205.0
ship 235.0 178.0 258.0 206.0
ship 253.0 135.0 288.0 172.0
ship 309.0 658.0 356.0 705.0
ship 317.0 669.0 362.0 712.0
ship 269.0 711.0 315.0 753.0
ship 232.0 764.0 263.0 791.0
ship 241.0 767.0 268.0 795.0
ship 120.0 644.0 197.0 721.0
ship 27.0 519.0 54.0 545.0
ship 5.0 407.0 18.0 423.0
ship 642.0 334.0 661.0 358.0
ship 624.0 361.0 641.0 379.0
ship 715.0 168.0 782.0 276.0
ship 313.0 95.0 331.0 119.0
ship 328.0 50.0 366.0 91.0
ship 448.0 173.0 474.0 208.0
ship 455.0 180.0 479.0 213.0
ship 462.0 182.0 488.0 216.0
ship 470.0 186.0 493.0 220.0
harbor 145.0 226.0 174.0 248.0
harbor 175.0 204.0 193.0 223.0
harbor 190.0 193.0 208.0 208.0
harbor 206.0 158.0 249.0 190.0
harbor 248.0 129.0 277.0 166.0
harbor 268.0 77.0 317.0 135.0
harbor 307.0 36.0 356.0 82.0
harbor 597.0 360.0 655.0 426.0
harbor 650.0 342.0 683.0 377.0
harbor 665.0 305.0 701.0 344.0
harbor 503.0 456.0 580.0 526.0
harbor 399.0 548.0 495.0 645.0
harbor 246.0 677.0 373.0 800.0
storagetank 620.0 560.0 647.0 584.0
storagetank 642.0 581.0 686.0 619.0
storagetank 593.0 595.0 618.0 617.0
storagetank 596.0 625.0 639.0 664.0
storagetank 567.0 620.0 596.0 645.0
storagetank 549.0 646.0 576.0 671.0
storagetank 526.0 669.0 554.0 693.0
storagetank 566.0 667.0 595.0 692.0
storagetank 547.0 690.0 574.0 715.0
