airplane 216.0 1.0 257.0 39.0
airplane 92.0 94.0 131.0 125.0
airplane 364.0 61.0 399.0 96.0
airplane 636.0 53.0 681.0 96.0
airplane 106.0 250.0 166.0 303.0
airplane 198.0 209.0 239.0 244.0
airplane 729.0 447.0 765.0 479.0
airplane 613.0 508.0 669.0 571.0
airplane 542.0 570.0 597.0 628.0
airplane 469.0 626.0 530.0 682.0
airplane 401.0 685.0 459.0 744.0
airplane 326.0 737.0 385.0 792.0
airplane 619.0 715.0 655.0 752.0
vehicle 686.0 354.0 700.0 367.0
vehicle 666.0 369.0 682.0 382.0
vehicle 770.0 344.0 781.0 355.0
vehicle 765.0 348.0 779.0 359.0
vehicle 757.0 354.0 767.0 365.0
vehicle 37.0 508.0 49.0 518.0
vehicle 190.0 402.0 203.0 412.0
vehicle 216.0 383.0 226.0 392.0
vehicle 243.0 360.0 258.0 372.0
vehicle 255.0 350.0 270.0 361.0
vehicle 276.0 340.0 284.0 346.0
