ship 700.0 27.0 782.0 52.0
ship 243.0 63.0 268.0 165.0
harbor 429.0 61.0 689.0 249.0
harbor 20.0 251.0 702.0 539.0
ship 95.0 270.0 195.0 370.0
ship 206.0 378.0 302.0 468.0
ship 338.0 434.0 381.0 498.0
ship 403.0 377.0 442.0 483.0
ship 443.0 393.0 480.0 475.0
ship 474.0 385.0 510.0 468.0
ship 517.0 381.0 548.0 458.0
ship 568.0 378.0 617.0 442.0
ship 658.0 319.0 692.0 427.0
ship 457.0 176.0 477.0 230.0
ship 503.0 166.0 528.0 245.0
ship 533.0 167.0 560.0 245.0
ship 576.0 162.0 606.0 250.0
ship 611.0 164.0 641.0 236.0
ship 456.0 81.0 482.0 155.0
ship 496.0 79.0 527.0 153.0
ship 530.0 77.0 556.0 150.0
ship 565.0 79.0 605.0 147.0
ship 607.0 61.0 639.0 148.0
