airplane 211.0 257.0 225.0 265.0
airplane 226.0 244.0 239.0 254.0
airplane 615.0 583.0 628.0 595.0
airplane 255.0 268.0 269.0 279.0
airplane 272.0 254.0 286.0 265.0
airplane 288.0 241.0 301.0 252.0
airplane 303.0 227.0 317.0 239.0
airplane 335.0 253.0 348.0 264.0
airplane 318.0 267.0 331.0 277.0
airplane 651.0 555.0 666.0 569.0
airplane 633.0 571.0 647.0 585.0
airplane 686.0 585.0 701.0 598.0
overpass 39.0 575.0 62.0 590.0
overpass 68.0 580.0 104.0 593.0
airplane 150.0 662.0 167.0 677.0
airplane 181.0 670.0 193.0 684.0
airplane 191.0 686.0 206.0 699.0
