harbor 24.0 12.0 274.0 227.0
harbor 291.0 84.0 482.0 291.0
harbor 81.0 87.0 751.0 599.0
ship 686.0 24.0 765.0 51.0
vehicle 645.0 7.0 674.0 20.0
vehicle 575.0 18.0 607.0 31.0
ship 54.0 16.0 192.0 64.0
ship 29.0 96.0 75.0 213.0
ship 88.0 91.0 122.0 191.0
ship 114.0 73.0 156.0 184.0
ship 156.0 71.0 187.0 158.0
ship 191.0 53.0 229.0 159.0
ship 223.0 52.0 266.0 145.0
ship 81.0 387.0 135.0 468.0
ship 134.0 320.0 174.0 421.0
ship 182.0 393.0 198.0 451.0
ship 121.0 482.0 152.0 590.0
ship 161.0 481.0 190.0 596.0
ship 198.0 473.0 222.0 578.0
ship 233.0 479.0 261.0 558.0
ship 266.0 481.0 297.0 583.0
ship 305.0 481.0 331.0 567.0
ship 344.0 482.0 368.0 567.0
ship 378.0 481.0 406.0 579.0
ship 450.0 483.0 476.0 570.0
ship 483.0 489.0 514.0 590.0
ship 554.0 480.0 583.0 568.0
ship 208.0 371.0 239.0 445.0
ship 251.0 366.0 272.0 447.0
ship 287.0 377.0 307.0 447.0
ship 325.0 381.0 350.0 448.0
ship 360.0 367.0 385.0 445.0
ship 398.0 371.0 420.0 447.0
ship 324.0 95.0 378.0 112.0
ship 321.0 126.0 383.0 146.0
ship 313.0 191.0 383.0 215.0
ship 325.0 165.0 387.0 178.0
ship 406.0 200.0 461.0 217.0
ship 386.0 260.0 473.0 291.0
ship 423.0 229.0 475.0 248.0
ship 431.0 374.0 463.0 448.0
ship 473.0 370.0 497.0 450.0
ship 508.0 378.0 533.0 449.0
ship 536.0 358.0 572.0 434.0
ship 577.0 445.0 596.0 455.0
ship 580.0 410.0 659.0 449.0
ship 592.0 374.0 669.0 415.0
ship 582.0 187.0 630.0 210.0
ship 576.0 209.0 621.0 233.0
ship 590.0 115.0 647.0 145.0
ship 559.0 232.0 610.0 255.0
ship 669.0 139.0 723.0 164.0
ship 656.0 191.0 715.0 216.0
ship 645.0 216.0 718.0 251.0
ship 627.0 271.0 701.0 307.0
ship 616.0 303.0 693.0 340.0
ship 603.0 338.0 688.0 373.0
ship 714.0 96.0 749.0 120.0
