airplane 306.0 197.0 339.0 227.0
airplane 669.0 200.0 704.0 225.0
airplane 713.0 194.0 745.0 221.0
airplane 754.0 197.0 787.0 222.0
airplane 324.0 306.0 356.0 337.0
airplane 528.0 309.0 560.0 342.0
airplane 609.0 304.0 641.0 337.0
airplane 650.0 305.0 682.0 338.0
airplane 691.0 305.0 723.0 338.0
airplane 732.0 305.0 764.0 338.0
airplane 322.0 432.0 354.0 465.0
airplane 401.0 430.0 438.0 460.0
airplane 482.0 433.0 515.0 461.0
airplane 522.0 434.0 558.0 460.0
airplane 560.0 432.0 594.0 460.0
airplane 602.0 434.0 637.0 461.0
airplane 707.0 427.0 737.0 469.0
airplane 643.0 409.0 683.0 470.0
airplane 286.0 563.0 320.0 590.0
airplane 308.0 586.0 340.0 613.0
airplane 349.0 584.0 383.0 610.0
airplane 369.0 563.0 403.0 589.0
airplane 391.0 583.0 425.0 611.0
airplane 472.0 584.0 505.0 613.0
airplane 512.0 583.0 545.0 612.0
airplane 533.0 563.0 565.0 589.0
airplane 555.0 583.0 587.0 609.0
airplane 592.0 584.0 627.0 613.0
airplane 632.0 585.0 667.0 614.0
airplane 673.0 580.0 709.0 615.0
airplane 718.0 581.0 753.0 612.0
airplane 759.0 578.0 790.0 603.0
airplane 716.0 678.0 744.0 714.0
