tenniscourt 455.0 181.0 476.0 231.0
tenniscourt 488.0 174.0 512.0 225.0
tenniscourt 532.0 178.0 560.0 229.0
tenniscourt 456.0 244.0 484.0 306.0
tenniscourt 487.0 244.0 514.0 307.0
tenniscourt 576.0 172.0 605.0 231.0
tenniscourt 615.0 173.0 641.0 227.0
tenniscourt 651.0 171.0 682.0 226.0
tenniscourt 691.0 172.0 720.0 225.0
tenniscourt 586.0 246.0 617.0 303.0
tenniscourt 624.0 244.0 653.0 302.0
tenniscourt 665.0 244.0 695.0 300.0
tenniscourt 700.0 243.0 732.0 303.0
tenniscourt 584.0 317.0 612.0 378.0
tenniscourt 619.0 317.0 651.0 377.0
tenniscourt 658.0 318.0 688.0 377.0
tenniscourt 696.0 316.0 734.0 372.0
tenniscourt 647.0 576.0 681.0 636.0
tenniscourt 693.0 575.0 720.0 634.0
tenniscourt 112.0 648.0 148.0 710.0
tenniscourt 152.0 650.0 183.0 710.0
vehicle 5.0 542.0 21.0 550.0
vehicle 28.0 536.0 40.0 541.0
vehicle 62.0 533.0 75.0 538.0
vehicle 82.0 517.0 91.0 526.0
vehicle 105.0 506.0 110.0 517.0
vehicle 128.0 530.0 142.0 536.0
vehicle 64.0 565.0 78.0 571.0
vehicle 234.0 503.0 243.0 516.0
vehicle 321.0 382.0 332.0 388.0
vehicle 537.0 589.0 543.0 599.0
vehicle 431.0 562.0 445.0 569.0
vehicle 538.0 600.0 545.0 610.0
vehicle 538.0 614.0 546.0 624.0
vehicle 521.0 629.0 535.0 634.0
vehicle 503.0 634.0 517.0 641.0
vehicle 517.0 645.0 531.0 651.0
vehicle 503.0 646.0 516.0 652.0
vehicle 437.0 647.0 450.0 652.0
vehicle 437.0 667.0 450.0 675.0
vehicle 507.0 664.0 518.0 669.0
vehicle 512.0 667.0 531.0 675.0
vehicle 513.0 722.0 528.0 728.0
vehicle 546.0 695.0 552.0 708.0
vehicle 548.0 743.0 556.0 756.0
vehicle 548.0 756.0 556.0 768.0
vehicle 411.0 14.0 425.0 19.0
vehicle 66.0 243.0 72.0 255.0
vehicle 73.0 233.0 78.0 244.0
