harbor 147.0 259.0 229.0 579.0
harbor 1.0 39.0 92.0 591.0
harbor 123.0 8.0 206.0 178.0
harbor 273.0 269.0 357.0 580.0
harbor 399.0 172.0 509.0 593.0
ship 139.0 231.0 222.0 257.0
ship 16.0 531.0 38.0 586.0
ship 53.0 546.0 87.0 557.0
ship 42.0 481.0 89.0 498.0
ship 143.0 348.0 179.0 362.0
ship 413.0 565.0 476.0 583.0
ship 270.0 539.0 303.0 553.0
ship 277.0 445.0 306.0 453.0
ship 401.0 393.0 437.0 406.0
ship 449.0 476.0 510.0 493.0
ship 448.0 542.0 496.0 558.0
ship 279.0 552.0 303.0 566.0
ship 320.0 540.0 356.0 556.0
ship 460.0 583.0 477.0 591.0
