trainstation 302.0 392.0 502.0 653.0
vehicle 27.0 223.0 31.0 235.0
vehicle 278.0 200.0 283.0 215.0
vehicle 277.0 220.0 283.0 236.0
vehicle 353.0 57.0 368.0 66.0
vehicle 281.0 121.0 287.0 137.0
vehicle 470.0 7.0 482.0 15.0
vehicle 645.0 30.0 650.0 45.0
vehicle 704.0 96.0 711.0 105.0
vehicle 743.0 19.0 750.0 28.0
vehicle 643.0 461.0 649.0 478.0
vehicle 636.0 417.0 641.0 435.0
vehicle 632.0 507.0 640.0 522.0
vehicle 566.0 599.0 573.0 616.0
vehicle 514.0 664.0 530.0 670.0
vehicle 457.0 663.0 480.0 671.0
vehicle 511.0 685.0 516.0 701.0
