vehicle 245.0 770.0 252.0 786.0
vehicle 255.0 770.0 262.0 788.0
vehicle 265.0 770.0 274.0 788.0
vehicle 317.0 770.0 325.0 785.0
vehicle 330.0 769.0 338.0 785.0
harbor 46.0 125.0 184.0 401.0
harbor 238.0 115.0 345.0 397.0
harbor 388.0 106.0 485.0 401.0
harbor 248.0 452.0 350.0 749.0
harbor 524.0 443.0 627.0 743.0
vehicle 341.0 770.0 348.0 785.0
vehicle 374.0 768.0 381.0 785.0
vehicle 414.0 768.0 422.0 784.0
vehicle 491.0 764.0 498.0 782.0
vehicle 542.0 763.0 549.0 780.0
ship 671.0 107.0 713.0 151.0
ship 724.0 154.0 750.0 181.0
ship 721.0 200.0 770.0 217.0
ship 715.0 249.0 772.0 268.0
ship 739.0 276.0 771.0 292.0
ship 725.0 324.0 774.0 341.0
ship 724.0 351.0 774.0 370.0
ship 737.0 450.0 783.0 475.0
ship 777.0 488.0 787.0 514.0
ship 768.0 519.0 791.0 592.0
ship 721.0 622.0 787.0 695.0
harbor 398.0 459.0 495.0 741.0
harbor 46.0 457.0 188.0 746.0
harbor 517.0 106.0 613.0 391.0
vehicle 474.0 63.0 489.0 87.0
vehicle 517.0 59.0 533.0 83.0
vehicle 562.0 63.0 574.0 81.0
vehicle 453.0 68.0 467.0 88.0
ship 123.0 461.0 179.0 477.0
ship 133.0 489.0 182.0 502.0
ship 130.0 595.0 175.0 611.0
ship 133.0 617.0 184.0 631.0
ship 132.0 639.0 174.0 651.0
ship 134.0 662.0 179.0 674.0
ship 54.0 725.0 115.0 741.0
ship 72.0 683.0 116.0 698.0
ship 69.0 706.0 116.0 721.0
ship 131.0 706.0 184.0 722.0
ship 134.0 683.0 174.0 696.0
ship 252.0 456.0 281.0 474.0
ship 289.0 456.0 342.0 473.0
ship 249.0 484.0 289.0 496.0
ship 250.0 503.0 290.0 514.0
ship 256.0 522.0 289.0 535.0
ship 252.0 540.0 290.0 554.0
ship 252.0 560.0 295.0 578.0
ship 251.0 578.0 295.0 593.0
ship 249.0 602.0 290.0 612.0
ship 254.0 620.0 295.0 632.0
ship 247.0 638.0 291.0 653.0
ship 248.0 658.0 293.0 673.0
ship 251.0 698.0 292.0 712.0
ship 250.0 681.0 293.0 694.0
ship 246.0 721.0 291.0 737.0
ship 533.0 458.0 564.0 467.0
ship 578.0 445.0 608.0 466.0
ship 533.0 478.0 561.0 484.0
ship 455.0 512.0 481.0 521.0
ship 407.0 457.0 440.0 471.0
ship 402.0 481.0 434.0 491.0
ship 395.0 516.0 433.0 529.0
ship 400.0 499.0 431.0 508.0
ship 403.0 537.0 433.0 545.0
ship 396.0 553.0 437.0 568.0
ship 401.0 573.0 434.0 583.0
ship 410.0 589.0 432.0 599.0
ship 457.0 716.0 490.0 729.0
ship 49.0 191.0 112.0 207.0
ship 67.0 150.0 113.0 163.0
ship 75.0 172.0 105.0 181.0
ship 295.0 378.0 341.0 391.0
ship 530.0 371.0 595.0 391.0
ship 526.0 122.0 552.0 129.0
ship 526.0 140.0 551.0 147.0
ship 533.0 353.0 556.0 366.0
vehicle 146.0 37.0 157.0 54.0
vehicle 188.0 72.0 198.0 89.0
vehicle 176.0 74.0 187.0 87.0
vehicle 241.0 72.0 251.0 87.0
ship 67.0 234.0 115.0 246.0
ship 60.0 255.0 114.0 273.0
ship 57.0 276.0 115.0 292.0
ship 62.0 298.0 114.0 315.0
ship 57.0 318.0 116.0 334.0
ship 67.0 340.0 111.0 356.0
ship 61.0 361.0 120.0 378.0
ship 69.0 382.0 120.0 399.0
ship 131.0 126.0 176.0 143.0
ship 130.0 147.0 179.0 163.0
ship 131.0 169.0 176.0 184.0
ship 133.0 192.0 173.0 206.0
ship 131.0 211.0 180.0 228.0
ship 129.0 234.0 175.0 247.0
ship 130.0 253.0 175.0 268.0
ship 130.0 274.0 178.0 289.0
ship 130.0 297.0 178.0 312.0
ship 128.0 316.0 181.0 333.0
ship 130.0 339.0 174.0 353.0
ship 128.0 356.0 182.0 377.0
ship 130.0 381.0 177.0 398.0
ship 247.0 126.0 288.0 141.0
ship 244.0 149.0 289.0 162.0
ship 246.0 165.0 290.0 182.0
ship 243.0 186.0 289.0 201.0
ship 243.0 202.0 290.0 220.0
ship 247.0 224.0 289.0 238.0
ship 251.0 245.0 286.0 256.0
ship 247.0 263.0 288.0 276.0
ship 244.0 281.0 287.0 295.0
ship 243.0 300.0 289.0 316.0
ship 244.0 320.0 285.0 333.0
ship 244.0 338.0 289.0 355.0
ship 240.0 356.0 295.0 375.0
ship 245.0 377.0 289.0 395.0
ship 304.0 357.0 340.0 369.0
ship 305.0 339.0 340.0 352.0
ship 304.0 319.0 344.0 333.0
ship 306.0 303.0 340.0 314.0
ship 304.0 283.0 342.0 297.0
ship 304.0 266.0 335.0 277.0
ship 303.0 249.0 338.0 260.0
ship 302.0 229.0 339.0 241.0
ship 302.0 212.0 345.0 226.0
ship 302.0 195.0 338.0 207.0
ship 301.0 176.0 340.0 188.0
ship 304.0 159.0 344.0 173.0
ship 303.0 138.0 345.0 153.0
ship 303.0 122.0 332.0 135.0
ship 395.0 138.0 429.0 150.0
ship 395.0 156.0 434.0 169.0
ship 397.0 172.0 433.0 185.0
ship 390.0 191.0 434.0 207.0
ship 389.0 208.0 432.0 225.0
ship 400.0 230.0 432.0 241.0
ship 394.0 245.0 431.0 259.0
ship 389.0 264.0 433.0 281.0
ship 394.0 281.0 434.0 293.0
ship 399.0 299.0 437.0 315.0
ship 398.0 318.0 433.0 331.0
ship 392.0 337.0 434.0 352.0
ship 392.0 374.0 442.0 400.0
ship 445.0 372.0 484.0 398.0
ship 451.0 353.0 483.0 366.0
ship 450.0 338.0 482.0 350.0
ship 451.0 322.0 482.0 333.0
ship 449.0 304.0 487.0 318.0
ship 449.0 289.0 480.0 301.0
ship 451.0 271.0 486.0 284.0
ship 446.0 253.0 480.0 268.0
ship 447.0 222.0 484.0 233.0
ship 448.0 205.0 484.0 218.0
ship 452.0 191.0 477.0 203.0
ship 445.0 172.0 472.0 183.0
ship 446.0 156.0 476.0 169.0
ship 444.0 141.0 473.0 152.0
ship 448.0 121.0 473.0 133.0
ship 519.0 153.0 553.0 167.0
ship 522.0 171.0 557.0 184.0
ship 526.0 189.0 555.0 199.0
ship 517.0 204.0 557.0 217.0
ship 524.0 220.0 556.0 232.0
ship 519.0 237.0 557.0 252.0
ship 524.0 251.0 556.0 265.0
ship 523.0 269.0 557.0 281.0
ship 523.0 285.0 557.0 297.0
ship 521.0 303.0 556.0 317.0
ship 527.0 320.0 560.0 330.0
ship 532.0 335.0 554.0 347.0
ship 573.0 350.0 606.0 363.0
ship 571.0 333.0 611.0 348.0
ship 572.0 319.0 602.0 330.0
ship 570.0 301.0 606.0 314.0
ship 570.0 283.0 609.0 296.0
ship 570.0 268.0 610.0 282.0
ship 571.0 252.0 604.0 264.0
ship 567.0 218.0 602.0 229.0
ship 573.0 203.0 597.0 212.0
ship 567.0 186.0 602.0 199.0
ship 570.0 169.0 598.0 179.0
ship 568.0 151.0 605.0 165.0
ship 563.0 136.0 604.0 148.0
ship 130.0 506.0 187.0 522.0
ship 134.0 528.0 185.0 545.0
ship 54.0 487.0 113.0 505.0
ship 66.0 507.0 121.0 525.0
ship 66.0 530.0 118.0 545.0
ship 58.0 593.0 121.0 611.0
ship 60.0 614.0 120.0 636.0
ship 308.0 481.0 342.0 494.0
ship 304.0 498.0 346.0 514.0
ship 306.0 516.0 345.0 531.0
ship 305.0 534.0 344.0 548.0
ship 308.0 554.0 349.0 569.0
ship 306.0 572.0 346.0 585.0
ship 308.0 591.0 348.0 606.0
ship 307.0 609.0 348.0 622.0
ship 308.0 627.0 347.0 640.0
ship 308.0 645.0 348.0 662.0
ship 308.0 665.0 349.0 680.0
ship 308.0 684.0 347.0 697.0
ship 308.0 705.0 349.0 721.0
ship 312.0 723.0 345.0 737.0
ship 399.0 608.0 438.0 622.0
ship 404.0 627.0 435.0 640.0
ship 402.0 644.0 439.0 659.0
ship 403.0 682.0 442.0 697.0
ship 398.0 703.0 442.0 718.0
ship 404.0 721.0 438.0 734.0
ship 458.0 562.0 484.0 573.0
ship 455.0 578.0 494.0 592.0
ship 456.0 595.0 489.0 606.0
ship 455.0 613.0 486.0 624.0
ship 454.0 627.0 493.0 641.0
ship 458.0 645.0 495.0 658.0
ship 458.0 661.0 494.0 674.0
ship 454.0 680.0 485.0 692.0
ship 455.0 699.0 485.0 711.0
ship 450.0 527.0 488.0 540.0
ship 452.0 544.0 486.0 554.0
ship 455.0 478.0 491.0 490.0
ship 455.0 492.0 488.0 503.0
ship 580.0 472.0 621.0 486.0
ship 577.0 489.0 616.0 503.0
ship 530.0 490.0 561.0 504.0
ship 531.0 508.0 562.0 522.0
ship 534.0 526.0 562.0 538.0
ship 529.0 542.0 561.0 556.0
ship 533.0 561.0 566.0 570.0
ship 535.0 575.0 567.0 588.0
ship 534.0 594.0 565.0 605.0
ship 529.0 610.0 563.0 624.0
ship 533.0 626.0 561.0 639.0
ship 530.0 642.0 562.0 655.0
ship 536.0 662.0 568.0 673.0
ship 529.0 679.0 565.0 690.0
ship 532.0 693.0 568.0 709.0
ship 580.0 507.0 620.0 520.0
ship 580.0 524.0 614.0 536.0
ship 577.0 539.0 615.0 555.0
ship 576.0 555.0 614.0 569.0
ship 584.0 573.0 624.0 587.0
ship 581.0 591.0 617.0 603.0
ship 583.0 609.0 624.0 621.0
ship 583.0 625.0 613.0 637.0
ship 583.0 641.0 620.0 654.0
ship 581.0 657.0 618.0 672.0
ship 583.0 675.0 622.0 690.0
ship 583.0 691.0 626.0 705.0
ship 583.0 714.0 619.0 728.0
ship 50.0 636.0 117.0 655.0
