ship 197.0 181.0 211.0 206.0
ship 235.0 174.0 251.0 198.0
ship 205.0 256.0 220.0 279.0
ship 219.0 253.0 232.0 272.0
ship 198.0 263.0 209.0 282.0
ship 214.0 328.0 234.0 339.0
ship 216.0 335.0 242.0 350.0
ship 222.0 347.0 245.0 360.0
ship 227.0 355.0 256.0 368.0
ship 236.0 375.0 262.0 390.0
ship 242.0 393.0 270.0 410.0
ship 247.0 408.0 268.0 420.0
ship 256.0 424.0 284.0 441.0
ship 260.0 437.0 280.0 448.0
ship 267.0 450.0 284.0 460.0
ship 281.0 486.0 299.0 496.0
ship 286.0 494.0 303.0 503.0
ship 290.0 505.0 307.0 513.0
ship 312.0 528.0 329.0 537.0
ship 321.0 550.0 340.0 562.0
ship 339.0 582.0 352.0 591.0
ship 372.0 559.0 393.0 595.0
ship 352.0 611.0 364.0 620.0
ship 359.0 625.0 373.0 633.0
ship 360.0 633.0 375.0 641.0
ship 369.0 648.0 382.0 657.0
ship 424.0 633.0 437.0 642.0
ship 433.0 587.0 450.0 613.0
ship 407.0 593.0 427.0 605.0
ship 409.0 602.0 431.0 614.0
ship 403.0 584.0 424.0 596.0
ship 400.0 576.0 417.0 588.0
ship 395.0 566.0 417.0 578.0
ship 393.0 557.0 412.0 569.0
ship 388.0 548.0 408.0 559.0
ship 384.0 542.0 401.0 553.0
ship 380.0 532.0 400.0 543.0
ship 503.0 615.0 525.0 631.0
ship 482.0 578.0 497.0 588.0
ship 449.0 565.0 470.0 579.0
ship 441.0 542.0 458.0 552.0
ship 448.0 557.0 465.0 568.0
ship 558.0 563.0 577.0 572.0
ship 566.0 579.0 590.0 596.0
ship 552.0 552.0 573.0 566.0
ship 583.0 531.0 603.0 538.0
ship 591.0 540.0 608.0 548.0
ship 515.0 532.0 532.0 542.0
ship 539.0 529.0 557.0 541.0
ship 603.0 505.0 619.0 524.0
ship 594.0 486.0 609.0 504.0
ship 586.0 470.0 597.0 485.0
ship 601.0 387.0 614.0 408.0
ship 436.0 527.0 449.0 536.0
ship 452.0 515.0 472.0 527.0
ship 375.0 523.0 396.0 535.0
ship 368.0 507.0 385.0 518.0
ship 355.0 480.0 374.0 491.0
ship 353.0 472.0 369.0 482.0
ship 427.0 510.0 443.0 522.0
ship 446.0 499.0 466.0 511.0
ship 505.0 512.0 522.0 521.0
ship 533.0 517.0 548.0 527.0
ship 529.0 509.0 543.0 518.0
ship 523.0 502.0 539.0 511.0
ship 520.0 495.0 535.0 502.0
ship 308.0 404.0 323.0 435.0
ship 322.0 403.0 340.0 413.0
ship 335.0 436.0 356.0 448.0
ship 329.0 419.0 349.0 432.0
ship 341.0 446.0 358.0 457.0
ship 373.0 399.0 392.0 411.0
ship 368.0 386.0 384.0 395.0
ship 350.0 356.0 368.0 366.0
ship 380.0 354.0 394.0 362.0
ship 390.0 376.0 405.0 385.0
ship 396.0 393.0 412.0 402.0
ship 384.0 416.0 400.0 427.0
ship 390.0 433.0 405.0 442.0
ship 404.0 462.0 422.0 474.0
ship 426.0 454.0 442.0 464.0
ship 432.0 470.0 447.0 480.0
ship 413.0 479.0 428.0 489.0
ship 420.0 497.0 434.0 504.0
ship 440.0 485.0 457.0 494.0
ship 329.0 307.0 347.0 319.0
ship 358.0 314.0 376.0 325.0
ship 331.0 315.0 352.0 326.0
ship 333.0 324.0 353.0 335.0
ship 337.0 333.0 355.0 344.0
ship 338.0 337.0 362.0 352.0
ship 361.0 321.0 380.0 331.0
ship 401.0 291.0 418.0 300.0
ship 386.0 250.0 415.0 266.0
ship 449.0 342.0 463.0 352.0
ship 454.0 256.0 471.0 265.0
ship 454.0 266.0 472.0 272.0
ship 462.0 275.0 480.0 281.0
ship 473.0 244.0 484.0 258.0
ship 483.0 261.0 495.0 278.0
ship 522.0 230.0 539.0 255.0
ship 543.0 267.0 555.0 287.0
ship 494.0 277.0 507.0 296.0
ship 487.0 327.0 504.0 335.0
ship 433.0 357.0 449.0 366.0
ship 495.0 346.0 514.0 353.0
ship 501.0 298.0 517.0 318.0
ship 498.0 287.0 515.0 308.0
ship 508.0 308.0 522.0 325.0
ship 512.0 319.0 525.0 339.0
ship 517.0 327.0 532.0 345.0
ship 521.0 337.0 537.0 358.0
ship 526.0 346.0 543.0 367.0
ship 499.0 355.0 517.0 361.0
ship 446.0 387.0 463.0 396.0
ship 450.0 401.0 469.0 412.0
ship 456.0 411.0 472.0 417.0
ship 465.0 431.0 481.0 440.0
ship 467.0 437.0 487.0 447.0
ship 477.0 453.0 493.0 462.0
ship 483.0 465.0 501.0 476.0
ship 498.0 496.0 514.0 506.0
ship 494.0 436.0 509.0 443.0
ship 508.0 466.0 522.0 473.0
ship 512.0 474.0 524.0 481.0
ship 513.0 480.0 528.0 489.0
ship 506.0 373.0 526.0 379.0
ship 513.0 384.0 530.0 389.0
ship 522.0 408.0 540.0 416.0
ship 534.0 420.0 549.0 425.0
ship 533.0 427.0 552.0 435.0
ship 551.0 457.0 568.0 463.0
ship 577.0 450.0 589.0 468.0
ship 572.0 445.0 582.0 461.0
ship 567.0 434.0 579.0 448.0
ship 563.0 423.0 574.0 441.0
ship 556.0 410.0 570.0 428.0
ship 553.0 401.0 567.0 420.0
ship 547.0 389.0 562.0 405.0
ship 541.0 376.0 559.0 398.0
ship 535.0 364.0 554.0 389.0
harbor 144.0 147.0 304.0 299.0
harbor 380.0 128.0 491.0 206.0
harbor 448.0 240.0 627.0 574.0
harbor 380.0 242.0 591.0 609.0
harbor 323.0 281.0 525.0 645.0
harbor 301.0 390.0 449.0 682.0
harbor 195.0 299.0 403.0 706.0
