ship 118.0 749.0 150.0 772.0
ship 125.0 755.0 162.0 779.0
ship 188.0 699.0 219.0 706.0
ship 203.0 706.0 234.0 729.0
ship 212.0 709.0 245.0 734.0
ship 221.0 708.0 263.0 737.0
ship 300.0 634.0 335.0 647.0
ship 274.0 665.0 308.0 689.0
ship 286.0 675.0 308.0 693.0
ship 281.0 685.0 307.0 704.0
ship 368.0 610.0 394.0 628.0
ship 375.0 609.0 412.0 632.0
ship 379.0 619.0 412.0 639.0
ship 383.0 628.0 416.0 645.0
ship 382.0 634.0 421.0 653.0
ship 385.0 641.0 423.0 660.0
ship 430.0 639.0 461.0 658.0
ship 398.0 660.0 436.0 675.0
ship 412.0 671.0 441.0 684.0
ship 436.0 670.0 455.0 688.0
ship 460.0 556.0 498.0 567.0
ship 435.0 583.0 463.0 597.0
ship 430.0 590.0 466.0 608.0
ship 454.0 598.0 487.0 617.0
ship 456.0 604.0 495.0 623.0
ship 485.0 618.0 522.0 637.0
ship 524.0 560.0 560.0 573.0
ship 526.0 567.0 561.0 578.0
ship 543.0 598.0 576.0 607.0
ship 540.0 605.0 579.0 615.0
ship 538.0 621.0 574.0 631.0
ship 550.0 628.0 586.0 642.0
ship 566.0 518.0 607.0 530.0
ship 570.0 526.0 614.0 537.0
ship 575.0 535.0 615.0 542.0
ship 575.0 542.0 615.0 554.0
ship 685.0 502.0 733.0 526.0
ship 619.0 565.0 656.0 574.0
ship 623.0 574.0 653.0 586.0
ship 623.0 598.0 664.0 610.0
ship 666.0 602.0 703.0 613.0
ship 648.0 618.0 685.0 627.0
