storagetank 493.0 322.0 606.0 413.0
storagetank 554.0 433.0 638.0 496.0
storagetank 600.0 356.0 680.0 417.0
storagetank 635.0 415.0 740.0 506.0
storagetank 133.0 307.0 167.0 330.0
storagetank 132.0 325.0 168.0 350.0
storagetank 169.0 311.0 189.0 328.0
storagetank 169.0 331.0 189.0 351.0
storagetank 191.0 311.0 210.0 329.0
storagetank 190.0 333.0 212.0 351.0
storagetank 211.0 310.0 230.0 328.0
storagetank 215.0 332.0 231.0 352.0
storagetank 257.0 232.0 278.0 251.0
storagetank 256.0 254.0 277.0 270.0
vehicle 214.0 445.0 225.0 472.0
vehicle 190.0 429.0 218.0 439.0
vehicle 39.0 86.0 61.0 95.0
vehicle 115.0 259.0 136.0 271.0
vehicle 108.0 244.0 132.0 256.0
vehicle 105.0 216.0 134.0 237.0
storagetank 232.0 312.0 255.0 330.0
storagetank 231.0 330.0 256.0 349.0
vehicle 150.0 443.0 161.0 467.0
