harbor 594.0 121.0 742.0 515.0
harbor 388.0 109.0 592.0 510.0
harbor 349.0 34.0 414.0 285.0
harbor 28.0 232.0 105.0 506.0
harbor 108.0 112.0 289.0 488.0
harbor 25.0 111.0 166.0 158.0
ship 34.0 380.0 53.0 443.0
ship 32.0 290.0 48.0 347.0
ship 45.0 115.0 81.0 125.0
ship 1.0 70.0 30.0 85.0
ship 109.0 58.0 123.0 91.0
ship 90.0 111.0 122.0 122.0
ship 104.0 1.0 118.0 34.0
ship 219.0 170.0 255.0 179.0
ship 209.0 187.0 260.0 215.0
ship 112.0 248.0 193.0 269.0
ship 216.0 225.0 273.0 238.0
ship 214.0 247.0 270.0 264.0
ship 218.0 293.0 274.0 314.0
ship 166.0 343.0 199.0 354.0
ship 170.0 359.0 202.0 370.0
ship 165.0 395.0 198.0 407.0
ship 170.0 417.0 199.0 428.0
ship 169.0 432.0 201.0 444.0
ship 227.0 426.0 286.0 450.0
ship 224.0 393.0 287.0 414.0
ship 222.0 342.0 274.0 358.0
ship 453.0 463.0 499.0 479.0
ship 458.0 423.0 504.0 436.0
ship 399.0 371.0 444.0 390.0
ship 402.0 329.0 449.0 343.0
ship 409.0 284.0 455.0 306.0
ship 347.0 226.0 362.0 257.0
ship 477.0 294.0 520.0 306.0
ship 485.0 192.0 531.0 203.0
ship 501.0 128.0 594.0 154.0
ship 492.0 150.0 506.0 163.0
ship 622.0 139.0 673.0 156.0
ship 682.0 232.0 741.0 249.0
ship 676.0 287.0 733.0 305.0
ship 672.0 339.0 723.0 355.0
ship 596.0 409.0 647.0 423.0
ship 595.0 448.0 637.0 466.0
ship 615.0 494.0 682.0 515.0
ship 392.0 78.0 403.0 108.0
