tenniscourt 284.0 671.0 326.0 751.0
vehicle 71.0 193.0 83.0 201.0
vehicle 599.0 95.0 607.0 110.0
vehicle 597.0 135.0 603.0 150.0
vehicle 574.0 196.0 588.0 207.0
vehicle 645.0 48.0 656.0 58.0
vehicle 646.0 40.0 656.0 49.0
vehicle 234.0 756.0 244.0 765.0
vehicle 233.0 713.0 248.0 722.0
vehicle 385.0 695.0 392.0 708.0
vehicle 394.0 695.0 401.0 706.0
vehicle 404.0 741.0 412.0 755.0
vehicle 402.0 727.0 412.0 737.0
vehicle 415.0 715.0 423.0 730.0
vehicle 422.0 728.0 430.0 738.0
vehicle 415.0 742.0 423.0 753.0
vehicle 422.0 738.0 427.0 751.0
vehicle 458.0 727.0 468.0 743.0
vehicle 452.0 737.0 465.0 756.0
vehicle 385.0 761.0 396.0 779.0
vehicle 396.0 762.0 407.0 780.0
vehicle 413.0 763.0 427.0 780.0
vehicle 439.0 767.0 450.0 784.0
vehicle 639.0 701.0 656.0 713.0
vehicle 780.0 409.0 792.0 421.0
tenniscourt 330.0 672.0 375.0 755.0
