airplane 27.0 345.0 73.0 370.0
airplane 39.0 383.0 61.0 402.0
airplane 20.0 413.0 68.0 440.0
airplane 21.0 449.0 64.0 479.0
airplane 498.0 15.0 530.0 42.0
airplane 356.0 145.0 393.0 177.0
airplane 404.0 144.0 444.0 174.0
airplane 460.0 145.0 499.0 177.0
airplane 356.0 282.0 397.0 315.0
airplane 404.0 212.0 447.0 246.0
airplane 464.0 282.0 500.0 315.0
airplane 464.0 214.0 497.0 249.0
airplane 407.0 350.0 446.0 384.0
airplane 354.0 416.0 396.0 450.0
airplane 464.0 418.0 500.0 451.0
airplane 269.0 648.0 306.0 679.0
airplane 406.0 699.0 447.0 729.0
airplane 765.0 91.0 800.0 124.0
storagetank 48.0 66.0 59.0 73.0
storagetank 48.0 76.0 58.0 82.0
storagetank 171.0 231.0 185.0 241.0
storagetank 200.0 230.0 214.0 241.0
storagetank 166.0 269.0 181.0 281.0
storagetank 166.0 288.0 182.0 298.0
