tenniscourt 217.0 255.0 250.0 305.0
tenniscourt 591.0 522.0 623.0 574.0
tenniscourt 605.0 633.0 639.0 684.0
vehicle 128.0 134.0 139.0 138.0
vehicle 130.0 157.0 143.0 162.0
vehicle 152.0 155.0 163.0 161.0
vehicle 168.0 154.0 179.0 159.0
vehicle 150.0 171.0 162.0 176.0
vehicle 205.0 168.0 219.0 173.0
vehicle 76.0 174.0 87.0 181.0
vehicle 205.0 162.0 219.0 168.0
vehicle 375.0 149.0 392.0 154.0
vehicle 398.0 179.0 406.0 190.0
vehicle 407.0 179.0 413.0 187.0
vehicle 485.0 95.0 492.0 106.0
vehicle 612.0 190.0 617.0 202.0
vehicle 613.0 222.0 618.0 233.0
vehicle 615.0 239.0 619.0 248.0
vehicle 622.0 315.0 626.0 322.0
vehicle 422.0 158.0 432.0 162.0
vehicle 513.0 364.0 518.0 374.0
vehicle 423.0 415.0 433.0 422.0
vehicle 341.0 432.0 356.0 439.0
vehicle 273.0 426.0 287.0 430.0
vehicle 56.0 439.0 66.0 442.0
vehicle 106.0 407.0 110.0 416.0
vehicle 155.0 416.0 161.0 425.0
vehicle 192.0 48.0 200.0 58.0
vehicle 632.0 469.0 637.0 478.0
vehicle 428.0 459.0 435.0 469.0
vehicle 647.0 646.0 652.0 656.0
vehicle 652.0 722.0 656.0 730.0
vehicle 599.0 598.0 609.0 602.0
vehicle 158.0 787.0 169.0 791.0
vehicle 107.0 576.0 112.0 585.0
vehicle 771.0 629.0 784.0 634.0
tenniscourt 775.0 327.0 800.0 385.0
