tenniscourt 78.0 430.0 174.0 537.0
tenniscourt 135.0 485.0 236.0 589.0
vehicle 4.0 257.0 14.0 278.0
vehicle 4.0 207.0 13.0 225.0
vehicle 4.0 174.0 15.0 193.0
vehicle 5.0 112.0 15.0 133.0
vehicle 8.0 38.0 15.0 56.0
vehicle 8.0 16.0 16.0 34.0
vehicle 370.0 145.0 384.0 159.0
vehicle 385.0 131.0 403.0 148.0
vehicle 465.0 86.0 483.0 101.0
vehicle 524.0 53.0 541.0 67.0
vehicle 559.0 34.0 578.0 49.0
vehicle 595.0 88.0 612.0 107.0
vehicle 605.0 106.0 623.0 128.0
vehicle 621.0 129.0 633.0 148.0
vehicle 655.0 186.0 669.0 201.0
vehicle 689.0 224.0 703.0 240.0
vehicle 704.0 241.0 719.0 258.0
vehicle 689.0 254.0 704.0 272.0
vehicle 701.0 270.0 717.0 287.0
vehicle 785.0 335.0 800.0 353.0
vehicle 775.0 355.0 791.0 373.0
vehicle 700.0 658.0 717.0 674.0
vehicle 713.0 607.0 730.0 626.0
vehicle 698.0 593.0 713.0 608.0
vehicle 688.0 579.0 703.0 595.0
vehicle 651.0 536.0 670.0 559.0
vehicle 629.0 512.0 647.0 531.0
vehicle 615.0 497.0 632.0 513.0
vehicle 604.0 482.0 619.0 499.0
vehicle 590.0 466.0 607.0 483.0
vehicle 554.0 422.0 569.0 439.0
vehicle 540.0 403.0 556.0 422.0
vehicle 502.0 350.0 517.0 368.0
vehicle 489.0 332.0 506.0 351.0
vehicle 476.0 316.0 492.0 332.0
vehicle 465.0 298.0 479.0 315.0
vehicle 15.0 672.0 35.0 691.0
vehicle 45.0 700.0 62.0 717.0
vehicle 83.0 681.0 104.0 700.0
vehicle 131.0 725.0 149.0 741.0
vehicle 148.0 739.0 162.0 753.0
vehicle 116.0 765.0 133.0 781.0
vehicle 128.0 760.0 139.0 771.0
vehicle 143.0 753.0 157.0 768.0
vehicle 162.0 752.0 178.0 768.0
vehicle 177.0 767.0 195.0 785.0
vehicle 161.0 178.0 177.0 196.0
vehicle 147.0 292.0 166.0 307.0
vehicle 450.0 273.0 464.0 291.0
vehicle 437.0 253.0 452.0 272.0
vehicle 412.0 206.0 428.0 226.0
vehicle 402.0 190.0 416.0 207.0
