basketballcourt 83.0 261.0 239.0 353.0
tenniscourt 87.0 402.0 152.0 537.0
tenniscourt 168.0 401.0 233.0 536.0
vehicle 123.0 630.0 154.0 643.0
vehicle 330.0 473.0 355.0 485.0
vehicle 345.0 416.0 358.0 426.0
vehicle 741.0 603.0 778.0 616.0
vehicle 714.0 548.0 728.0 585.0
vehicle 686.0 647.0 712.0 659.0
vehicle 659.0 706.0 669.0 731.0
vehicle 646.0 696.0 655.0 726.0
baseballfield 559.0 109.0 770.0 307.0
vehicle 49.0 683.0 60.0 712.0
vehicle 224.0 689.0 233.0 709.0
vehicle 241.0 689.0 251.0 710.0
vehicle 257.0 689.0 267.0 712.0
