harbor 30.0 181.0 444.0 277.0
harbor 49.0 260.0 479.0 369.0
harbor 75.0 343.0 574.0 437.0
harbor 357.0 433.0 602.0 501.0
harbor 372.0 507.0 618.0 577.0
harbor 379.0 584.0 631.0 652.0
harbor 391.0 659.0 623.0 721.0
harbor 651.0 501.0 716.0 691.0
vehicle 98.0 645.0 109.0 655.0
vehicle 240.0 783.0 251.0 793.0
ship 55.0 246.0 65.0 268.0
ship 66.0 249.0 76.0 268.0
ship 75.0 243.0 87.0 269.0
ship 96.0 240.0 108.0 266.0
ship 116.0 237.0 128.0 263.0
ship 125.0 236.0 137.0 262.0
ship 136.0 236.0 148.0 262.0
ship 150.0 231.0 160.0 256.0
ship 168.0 230.0 181.0 254.0
ship 158.0 231.0 169.0 253.0
ship 235.0 222.0 245.0 245.0
ship 191.0 230.0 201.0 253.0
ship 211.0 225.0 221.0 248.0
ship 224.0 223.0 234.0 246.0
ship 245.0 219.0 255.0 242.0
ship 315.0 211.0 325.0 234.0
ship 303.0 213.0 313.0 236.0
ship 350.0 207.0 360.0 230.0
ship 363.0 204.0 373.0 227.0
ship 183.0 303.0 193.0 326.0
ship 205.0 299.0 215.0 322.0
ship 140.0 308.0 150.0 331.0
ship 131.0 311.0 141.0 334.0
ship 122.0 312.0 132.0 335.0
ship 101.0 315.0 111.0 338.0
ship 67.0 317.0 77.0 340.0
ship 83.0 346.0 93.0 369.0
ship 96.0 344.0 104.0 364.0
ship 104.0 344.0 114.0 364.0
ship 126.0 338.0 136.0 361.0
ship 136.0 341.0 146.0 361.0
ship 304.0 286.0 314.0 309.0
ship 339.0 282.0 349.0 305.0
ship 326.0 284.0 336.0 307.0
ship 351.0 282.0 361.0 305.0
ship 362.0 279.0 372.0 302.0
ship 322.0 313.0 332.0 335.0
ship 407.0 272.0 417.0 295.0
ship 434.0 268.0 444.0 291.0
ship 446.0 268.0 456.0 291.0
ship 453.0 296.0 463.0 316.0
ship 257.0 217.0 267.0 238.0
ship 269.0 219.0 278.0 241.0
ship 292.0 212.0 299.0 236.0
ship 328.0 210.0 335.0 228.0
ship 401.0 199.0 410.0 217.0
ship 79.0 322.0 88.0 337.0
ship 111.0 317.0 119.0 335.0
ship 152.0 314.0 161.0 330.0
ship 160.0 304.0 171.0 329.0
ship 173.0 306.0 181.0 323.0
ship 194.0 304.0 202.0 322.0
ship 74.0 351.0 81.0 368.0
ship 147.0 338.0 154.0 358.0
ship 176.0 336.0 184.0 354.0
ship 206.0 329.0 214.0 347.0
ship 216.0 327.0 225.0 349.0
ship 249.0 294.0 257.0 313.0
ship 271.0 293.0 279.0 315.0
ship 293.0 289.0 302.0 309.0
ship 237.0 326.0 245.0 343.0
ship 247.0 324.0 255.0 343.0
ship 257.0 324.0 264.0 342.0
ship 302.0 319.0 309.0 338.0
ship 312.0 316.0 320.0 334.0
ship 386.0 276.0 395.0 297.0
ship 334.0 314.0 340.0 332.0
ship 354.0 309.0 362.0 328.0
ship 364.0 307.0 373.0 328.0
ship 375.0 306.0 384.0 326.0
ship 386.0 304.0 394.0 322.0
ship 399.0 304.0 407.0 322.0
ship 93.0 409.0 101.0 428.0
ship 102.0 408.0 111.0 426.0
ship 135.0 404.0 142.0 422.0
ship 144.0 401.0 154.0 422.0
ship 154.0 399.0 162.0 421.0
ship 166.0 398.0 173.0 417.0
ship 176.0 398.0 184.0 418.0
ship 184.0 395.0 191.0 416.0
ship 195.0 393.0 202.0 414.0
ship 206.0 392.0 214.0 414.0
ship 215.0 390.0 223.0 413.0
ship 236.0 387.0 243.0 408.0
ship 245.0 385.0 254.0 407.0
ship 255.0 383.0 264.0 407.0
ship 266.0 382.0 275.0 405.0
ship 275.0 380.0 283.0 404.0
ship 297.0 377.0 306.0 400.0
ship 315.0 374.0 327.0 396.0
ship 328.0 374.0 338.0 395.0
ship 340.0 375.0 348.0 393.0
ship 351.0 376.0 358.0 393.0
ship 373.0 371.0 383.0 391.0
ship 392.0 367.0 402.0 386.0
ship 403.0 363.0 413.0 387.0
ship 427.0 362.0 435.0 383.0
ship 436.0 360.0 445.0 379.0
ship 449.0 358.0 456.0 381.0
ship 460.0 356.0 467.0 377.0
ship 470.0 355.0 479.0 377.0
ship 419.0 299.0 428.0 320.0
ship 432.0 299.0 438.0 318.0
ship 443.0 297.0 452.0 316.0
ship 506.0 351.0 512.0 371.0
ship 538.0 347.0 547.0 366.0
ship 561.0 347.0 569.0 365.0
ship 565.0 371.0 574.0 389.0
ship 552.0 371.0 559.0 390.0
ship 509.0 379.0 516.0 398.0
ship 417.0 393.0 426.0 408.0
ship 428.0 388.0 437.0 411.0
ship 438.0 386.0 447.0 408.0
ship 449.0 386.0 458.0 406.0
ship 459.0 388.0 467.0 407.0
ship 469.0 383.0 477.0 405.0
ship 478.0 380.0 487.0 401.0
ship 489.0 378.0 498.0 399.0
ship 440.0 452.0 448.0 472.0
ship 451.0 452.0 457.0 467.0
ship 461.0 451.0 468.0 468.0
ship 470.0 450.0 476.0 465.0
ship 509.0 444.0 517.0 461.0
ship 527.0 440.0 536.0 458.0
ship 547.0 440.0 555.0 456.0
ship 567.0 437.0 575.0 453.0
ship 591.0 457.0 598.0 474.0
ship 572.0 461.0 578.0 477.0
ship 560.0 460.0 566.0 477.0
ship 404.0 483.0 413.0 498.0
ship 444.0 481.0 449.0 492.0
ship 453.0 477.0 460.0 491.0
ship 462.0 473.0 470.0 491.0
ship 480.0 472.0 488.0 489.0
ship 480.0 452.0 487.0 465.0
ship 491.0 471.0 497.0 485.0
ship 501.0 470.0 507.0 486.0
ship 510.0 467.0 517.0 484.0
ship 520.0 465.0 528.0 485.0
ship 531.0 464.0 537.0 483.0
ship 550.0 461.0 557.0 480.0
ship 402.0 537.0 409.0 554.0
ship 405.0 561.0 412.0 578.0
ship 425.0 558.0 433.0 574.0
ship 449.0 529.0 458.0 546.0
vehicle 452.0 553.0 460.0 572.0
ship 463.0 553.0 471.0 569.0
ship 472.0 552.0 479.0 566.0
ship 482.0 550.0 489.0 566.0
ship 501.0 546.0 509.0 563.0
ship 507.0 522.0 514.0 537.0
ship 517.0 519.0 524.0 538.0
ship 511.0 545.0 517.0 561.0
ship 520.0 545.0 527.0 560.0
ship 526.0 517.0 533.0 536.0
ship 537.0 515.0 544.0 534.0
ship 541.0 540.0 548.0 558.0
ship 545.0 518.0 553.0 533.0
ship 557.0 515.0 564.0 531.0
ship 577.0 511.0 585.0 529.0
ship 587.0 510.0 595.0 527.0
ship 599.0 507.0 607.0 526.0
ship 612.0 522.0 621.0 540.0
ship 603.0 531.0 611.0 549.0
ship 590.0 532.0 598.0 550.0
ship 582.0 533.0 590.0 553.0
ship 570.0 536.0 578.0 554.0
ship 561.0 538.0 570.0 556.0
ship 550.0 540.0 558.0 558.0
ship 412.0 611.0 422.0 630.0
ship 423.0 612.0 432.0 628.0
ship 432.0 606.0 440.0 624.0
ship 441.0 606.0 449.0 625.0
ship 488.0 599.0 497.0 617.0
ship 451.0 605.0 461.0 623.0
ship 497.0 598.0 507.0 617.0
ship 528.0 596.0 536.0 612.0
ship 536.0 594.0 545.0 613.0
ship 567.0 590.0 574.0 607.0
ship 589.0 587.0 597.0 605.0
ship 597.0 584.0 607.0 603.0
ship 612.0 586.0 617.0 600.0
ship 622.0 606.0 630.0 622.0
ship 572.0 613.0 580.0 631.0
ship 560.0 613.0 567.0 633.0
ship 435.0 632.0 443.0 649.0
ship 447.0 632.0 453.0 650.0
ship 456.0 632.0 463.0 645.0
ship 473.0 626.0 480.0 645.0
ship 483.0 624.0 490.0 643.0
ship 492.0 624.0 501.0 642.0
ship 511.0 622.0 520.0 640.0
ship 520.0 620.0 528.0 639.0
ship 530.0 618.0 538.0 635.0
ship 541.0 616.0 548.0 636.0
ship 609.0 662.0 619.0 677.0
ship 600.0 663.0 610.0 682.0
ship 614.0 684.0 623.0 701.0
ship 508.0 676.0 516.0 693.0
ship 469.0 679.0 479.0 700.0
ship 414.0 691.0 421.0 706.0
ship 446.0 707.0 453.0 721.0
ship 513.0 699.0 521.0 711.0
ship 652.0 674.0 670.0 691.0
ship 674.0 602.0 693.0 638.0
ship 703.0 590.0 715.0 612.0
ship 677.0 502.0 689.0 529.0
ship 667.0 514.0 675.0 527.0
ship 671.0 531.0 679.0 547.0
ship 687.0 544.0 699.0 571.0
ship 675.0 550.0 688.0 577.0
