tenniscourt 264.0 569.0 301.0 622.0
tenniscourt 29.0 393.0 63.0 446.0
vehicle 193.0 32.0 197.0 40.0
vehicle 192.0 44.0 197.0 53.0
vehicle 240.0 95.0 250.0 100.0
vehicle 136.0 100.0 152.0 106.0
vehicle 124.0 101.0 136.0 107.0
vehicle 106.0 91.0 119.0 95.0
vehicle 70.0 92.0 83.0 97.0
vehicle 114.0 120.0 120.0 131.0
vehicle 68.0 129.0 72.0 139.0
vehicle 264.0 94.0 277.0 99.0
vehicle 207.0 123.0 217.0 133.0
vehicle 253.0 107.0 258.0 119.0
vehicle 301.0 109.0 307.0 119.0
vehicle 317.0 90.0 330.0 95.0
vehicle 480.0 67.0 489.0 75.0
vehicle 552.0 186.0 562.0 190.0
vehicle 554.0 191.0 565.0 196.0
vehicle 552.0 197.0 561.0 201.0
vehicle 499.0 249.0 507.0 253.0
vehicle 591.0 339.0 602.0 345.0
vehicle 701.0 494.0 712.0 500.0
vehicle 628.0 533.0 638.0 541.0
vehicle 578.0 557.0 588.0 565.0
vehicle 787.0 583.0 795.0 594.0
vehicle 226.0 665.0 231.0 675.0
vehicle 75.0 293.0 85.0 302.0
vehicle 138.0 284.0 143.0 294.0
vehicle 148.0 286.0 153.0 292.0
vehicle 99.0 324.0 110.0 329.0
vehicle 129.0 346.0 134.0 356.0
vehicle 161.0 364.0 168.0 373.0
vehicle 70.0 554.0 81.0 561.0
vehicle 57.0 585.0 66.0 591.0
vehicle 112.0 575.0 125.0 580.0
