harbor 294.0 474.0 404.0 654.0
harbor 500.0 508.0 598.0 666.0
ship 449.0 585.0 486.0 604.0
harbor 484.0 282.0 740.0 431.0
harbor 458.0 37.0 773.0 200.0
ship 460.0 95.0 482.0 180.0
ship 619.0 52.0 640.0 114.0
ship 586.0 48.0 611.0 121.0
ship 554.0 42.0 580.0 125.0
ship 526.0 39.0 551.0 128.0
ship 496.0 39.0 520.0 126.0
ship 716.0 138.0 741.0 200.0
ship 638.0 137.0 658.0 196.0
ship 613.0 141.0 631.0 191.0
ship 589.0 140.0 610.0 195.0
ship 563.0 138.0 582.0 198.0
ship 543.0 142.0 558.0 184.0
ship 485.0 314.0 505.0 367.0
ship 516.0 286.0 542.0 360.0
ship 576.0 293.0 601.0 357.0
ship 505.0 376.0 526.0 433.0
ship 587.0 382.0 607.0 432.0
ship 639.0 372.0 659.0 430.0
ship 666.0 376.0 688.0 431.0
ship 308.0 507.0 337.0 524.0
ship 305.0 548.0 339.0 564.0
ship 501.0 514.0 540.0 527.0
ship 498.0 536.0 531.0 548.0
ship 563.0 556.0 592.0 568.0
ship 558.0 616.0 591.0 630.0
ship 502.0 640.0 537.0 656.0
ship 555.0 639.0 600.0 658.0
ship 358.0 484.0 402.0 501.0
ship 360.0 508.0 403.0 525.0
ship 361.0 529.0 398.0 542.0
ship 363.0 548.0 397.0 562.0
ship 368.0 592.0 402.0 602.0
ship 295.0 597.0 342.0 625.0
ship 361.0 628.0 406.0 655.0
