harbor 354.0 95.0 542.0 541.0
harbor 64.0 106.0 269.0 695.0
ship 221.0 296.0 230.0 316.0
ship 510.0 206.0 538.0 221.0
ship 164.0 603.0 260.0 657.0
ship 117.0 454.0 183.0 486.0
ship 114.0 476.0 200.0 520.0
ship 93.0 290.0 170.0 314.0
ship 136.0 540.0 202.0 571.0
ship 147.0 568.0 234.0 610.0
ship 84.0 515.0 132.0 638.0
ship 137.0 644.0 160.0 684.0
ship 450.0 384.0 531.0 433.0
ship 353.0 307.0 424.0 328.0
ship 94.0 324.0 171.0 343.0
ship 97.0 360.0 153.0 377.0
ship 95.0 174.0 160.0 190.0
ship 95.0 200.0 156.0 219.0
ship 99.0 257.0 167.0 277.0
ship 100.0 236.0 154.0 253.0
ship 65.0 215.0 79.0 243.0
ship 64.0 393.0 78.0 423.0
ship 75.0 461.0 96.0 501.0
ship 413.0 515.0 470.0 541.0
ship 380.0 460.0 421.0 477.0
ship 355.0 374.0 409.0 403.0
ship 363.0 283.0 424.0 305.0
ship 127.0 505.0 209.0 550.0
ship 67.0 361.0 76.0 387.0
ship 66.0 315.0 78.0 349.0
ship 68.0 288.0 79.0 312.0
ship 64.0 161.0 81.0 204.0
ship 66.0 120.0 80.0 149.0
ship 71.0 434.0 79.0 450.0
ship 177.0 645.0 268.0 690.0
