baseballfield 449.0 364.0 591.0 507.0
basketballcourt 245.0 416.0 310.0 526.0
basketballcourt 174.0 415.0 239.0 526.0
tenniscourt 100.0 413.0 146.0 514.0
tenniscourt 38.0 412.0 85.0 514.0
vehicle 79.0 595.0 100.0 605.0
vehicle 504.0 611.0 552.0 623.0
vehicle 600.0 600.0 621.0 608.0
vehicle 644.0 597.0 667.0 606.0
vehicle 688.0 596.0 711.0 607.0
vehicle 727.0 600.0 749.0 608.0
vehicle 749.0 600.0 776.0 608.0
vehicle 765.0 578.0 797.0 593.0
vehicle 766.0 70.0 776.0 95.0
vehicle 793.0 7.0 799.0 24.0
vehicle 109.0 764.0 120.0 789.0
