bridge 117.0 251.0 779.0 777.0
bridge 2.0 53.0 548.0 473.0
harbor 707.0 370.0 800.0 542.0
harbor 746.0 326.0 788.0 353.0
harbor 1.0 262.0 105.0 444.0
harbor 1.0 319.0 63.0 389.0
harbor 1.0 249.0 56.0 315.0
harbor 1.0 187.0 59.0 235.0
ship 56.0 373.0 73.0 388.0
ship 66.0 362.0 83.0 375.0
ship 73.0 351.0 89.0 362.0
ship 15.0 290.0 31.0 310.0
ship 9.0 294.0 23.0 310.0
ship 33.0 253.0 52.0 276.0
ship 74.0 270.0 89.0 290.0
ship 78.0 327.0 97.0 333.0
ship 732.0 380.0 749.0 415.0
ship 705.0 409.0 740.0 428.0
ship 744.0 386.0 756.0 409.0
ship 753.0 382.0 767.0 406.0
ship 780.0 373.0 795.0 393.0
ship 792.0 371.0 800.0 387.0
ship 742.0 415.0 767.0 430.0
ship 729.0 430.0 752.0 456.0
ship 717.0 443.0 765.0 499.0
ship 768.0 503.0 800.0 544.0
