airplane 56.0 448.0 138.0 508.0
airplane 60.0 536.0 142.0 595.0
airplane 451.0 270.0 508.0 315.0
airplane 656.0 250.0 767.0 342.0
airplane 493.0 540.0 631.0 661.0
airplane 746.0 572.0 797.0 607.0
vehicle 294.0 35.0 301.0 51.0
vehicle 374.0 142.0 395.0 150.0
airplane 717.0 655.0 740.0 665.0
vehicle 716.0 695.0 738.0 703.0
vehicle 658.0 707.0 682.0 717.0
vehicle 716.0 707.0 739.0 716.0
vehicle 716.0 719.0 738.0 729.0
vehicle 718.0 731.0 738.0 740.0
vehicle 713.0 744.0 737.0 754.0
vehicle 716.0 767.0 737.0 776.0
vehicle 716.0 779.0 737.0 789.0
vehicle 717.0 793.0 738.0 800.0
airplane 745.0 729.0 776.0 775.0
vehicle 429.0 70.0 456.0 80.0
vehicle 656.0 721.0 679.0 731.0
