Expressway-toll-station 334.0 375.0 435.0 494.0
vehicle 183.0 564.0 197.0 575.0
vehicle 213.0 578.0 225.0 588.0
vehicle 280.0 472.0 291.0 482.0
vehicle 321.0 284.0 341.0 302.0
vehicle 314.0 289.0 323.0 300.0
vehicle 307.0 337.0 324.0 350.0
vehicle 578.0 330.0 590.0 340.0
vehicle 580.0 294.0 592.0 303.0
vehicle 384.0 390.0 401.0 402.0
vehicle 409.0 372.0 417.0 386.0
vehicle 424.0 398.0 436.0 407.0
vehicle 413.0 420.0 424.0 429.0
vehicle 737.0 223.0 749.0 232.0
vehicle 627.0 290.0 638.0 298.0
vehicle 527.0 320.0 535.0 329.0
