harbor 2.0 286.0 81.0 764.0
vehicle 16.0 761.0 21.0 770.0
harbor 77.0 222.0 156.0 410.0
harbor 169.0 217.0 234.0 416.0
harbor 241.0 204.0 303.0 409.0
harbor 314.0 163.0 377.0 401.0
harbor 391.0 189.0 462.0 388.0
harbor 487.0 151.0 566.0 377.0
harbor 595.0 168.0 672.0 348.0
harbor 698.0 127.0 800.0 573.0
harbor 173.0 542.0 250.0 720.0
harbor 219.0 491.0 321.0 745.0
harbor 295.0 472.0 398.0 676.0
harbor 382.0 462.0 483.0 695.0
ship 38.0 292.0 61.0 302.0
harbor 483.0 422.0 584.0 633.0
harbor 584.0 396.0 685.0 607.0
ship 41.0 329.0 64.0 339.0
ship 40.0 355.0 62.0 364.0
ship 40.0 397.0 64.0 407.0
ship 42.0 418.0 80.0 432.0
ship 41.0 463.0 79.0 477.0
ship 298.0 470.0 334.0 489.0
ship 105.0 351.0 130.0 362.0
ship 123.0 227.0 141.0 237.0
ship 128.0 300.0 148.0 310.0
ship 134.0 312.0 152.0 320.0
ship 133.0 322.0 152.0 330.0
ship 199.0 267.0 219.0 275.0
ship 202.0 280.0 220.0 285.0
ship 205.0 287.0 220.0 294.0
ship 206.0 319.0 224.0 327.0
ship 210.0 359.0 228.0 367.0
ship 210.0 370.0 227.0 378.0
ship 211.0 383.0 228.0 389.0
ship 214.0 392.0 233.0 398.0
ship 189.0 402.0 228.0 416.0
ship 263.0 399.0 297.0 409.0
ship 257.0 358.0 274.0 365.0
ship 276.0 293.0 295.0 301.0
ship 275.0 272.0 290.0 279.0
ship 336.0 390.0 369.0 401.0
ship 357.0 368.0 375.0 375.0
ship 355.0 346.0 373.0 354.0
ship 352.0 336.0 372.0 343.0
ship 349.0 303.0 371.0 312.0
ship 345.0 290.0 369.0 302.0
ship 244.0 233.0 262.0 242.0
ship 318.0 224.0 332.0 232.0
ship 342.0 248.0 364.0 257.0
ship 343.0 259.0 364.0 268.0
ship 394.0 219.0 414.0 227.0
ship 424.0 192.0 442.0 199.0
ship 420.0 205.0 447.0 215.0
ship 426.0 231.0 446.0 239.0
ship 405.0 276.0 420.0 282.0
ship 429.0 280.0 452.0 288.0
ship 402.0 295.0 423.0 304.0
ship 402.0 283.0 421.0 291.0
ship 403.0 316.0 426.0 325.0
ship 435.0 317.0 454.0 323.0
ship 438.0 328.0 459.0 336.0
ship 406.0 338.0 426.0 345.0
ship 434.0 340.0 462.0 350.0
ship 410.0 359.0 428.0 365.0
ship 438.0 364.0 463.0 373.0
ship 416.0 376.0 454.0 389.0
ship 534.0 360.0 560.0 376.0
ship 539.0 348.0 562.0 357.0
ship 538.0 312.0 557.0 320.0
ship 500.0 305.0 525.0 314.0
ship 538.0 302.0 555.0 308.0
ship 531.0 287.0 560.0 298.0
ship 500.0 282.0 524.0 290.0
ship 530.0 274.0 557.0 283.0
ship 531.0 247.0 553.0 257.0
ship 526.0 235.0 553.0 245.0
ship 495.0 220.0 517.0 231.0
ship 489.0 199.0 509.0 207.0
ship 525.0 208.0 553.0 217.0
ship 530.0 221.0 549.0 228.0
ship 596.0 176.0 624.0 184.0
ship 635.0 199.0 661.0 208.0
ship 605.0 214.0 620.0 220.0
ship 638.0 237.0 663.0 247.0
ship 604.0 250.0 632.0 259.0
ship 645.0 274.0 666.0 282.0
ship 608.0 286.0 635.0 296.0
ship 644.0 297.0 669.0 304.0
ship 646.0 311.0 662.0 317.0
ship 616.0 335.0 641.0 343.0
ship 45.0 492.0 81.0 504.0
ship 222.0 505.0 241.0 517.0
ship 481.0 436.0 517.0 455.0
ship 620.0 437.0 650.0 454.0
ship 592.0 409.0 634.0 433.0
ship 731.0 417.0 764.0 432.0
ship 728.0 391.0 760.0 405.0
ship 721.0 362.0 753.0 375.0
ship 724.0 348.0 752.0 360.0
ship 707.0 237.0 737.0 250.0
ship 718.0 286.0 741.0 299.0
ship 724.0 313.0 746.0 322.0
ship 723.0 323.0 748.0 334.0
ship 521.0 493.0 551.0 506.0
ship 411.0 478.0 433.0 493.0
ship 420.0 500.0 443.0 510.0
ship 504.0 532.0 526.0 544.0
ship 609.0 509.0 629.0 521.0
ship 626.0 562.0 652.0 576.0
ship 523.0 597.0 551.0 613.0
ship 558.0 586.0 583.0 599.0
