tenniscourt 423.0 124.0 476.0 177.0
tenniscourt 498.0 38.0 561.0 97.0
tenniscourt 576.0 100.0 642.0 157.0
tenniscourt 622.0 129.0 684.0 190.0
tenniscourt 532.0 66.0 591.0 119.0
tenniscourt 652.0 152.0 718.0 209.0
vehicle 201.0 186.0 215.0 200.0
vehicle 355.0 311.0 367.0 324.0
vehicle 330.0 317.0 341.0 330.0
vehicle 404.0 294.0 418.0 303.0
vehicle 473.0 316.0 485.0 329.0
vehicle 471.0 297.0 484.0 307.0
vehicle 399.0 518.0 416.0 532.0
vehicle 380.0 542.0 392.0 552.0
vehicle 195.0 207.0 209.0 219.0
vehicle 135.0 283.0 145.0 296.0
vehicle 327.0 340.0 337.0 350.0
vehicle 315.0 350.0 330.0 360.0
vehicle 260.0 358.0 272.0 369.0
vehicle 116.0 527.0 130.0 538.0
vehicle 133.0 511.0 148.0 522.0
vehicle 177.0 469.0 188.0 479.0
vehicle 302.0 377.0 315.0 388.0
vehicle 49.0 603.0 62.0 612.0
vehicle 253.0 666.0 264.0 676.0
vehicle 522.0 609.0 530.0 621.0
vehicle 500.0 656.0 511.0 667.0
vehicle 527.0 664.0 542.0 676.0
vehicle 518.0 677.0 528.0 688.0
vehicle 728.0 737.0 742.0 753.0
vehicle 502.0 717.0 517.0 732.0
vehicle 14.0 399.0 21.0 408.0
