airplane 21.0 29.0 52.0 53.0
airplane 44.0 85.0 77.0 111.0
airplane 205.0 270.0 236.0 307.0
airplane 238.0 259.0 263.0 288.0
airplane 262.0 252.0 292.0 272.0
airplane 300.0 241.0 325.0 273.0
airplane 330.0 227.0 354.0 259.0
airplane 455.0 163.0 484.0 198.0
airplane 494.0 147.0 524.0 190.0
airplane 173.0 298.0 215.0 335.0
airplane 192.0 368.0 222.0 394.0
airplane 216.0 411.0 241.0 428.0
airplane 252.0 433.0 287.0 468.0
airplane 325.0 425.0 349.0 449.0
airplane 375.0 391.0 398.0 408.0
airplane 478.0 339.0 502.0 365.0
airplane 517.0 324.0 540.0 348.0
airplane 543.0 303.0 571.0 325.0
airplane 583.0 289.0 604.0 308.0
airplane 691.0 475.0 720.0 506.0
airplane 660.0 485.0 685.0 516.0
airplane 631.0 499.0 657.0 530.0
airplane 599.0 512.0 624.0 540.0
airplane 566.0 528.0 589.0 551.0
airplane 514.0 557.0 551.0 585.0
airplane 580.0 696.0 614.0 730.0
airplane 679.0 675.0 704.0 698.0
airplane 733.0 632.0 772.0 661.0
