tenniscourt 673.0 576.0 752.0 712.0
tenniscourt 595.0 564.0 674.0 700.0
tenniscourt 667.0 334.0 744.0 468.0
tenniscourt 590.0 318.0 671.0 457.0
tenniscourt 468.0 298.0 553.0 436.0
tenniscourt 389.0 284.0 477.0 420.0
tenniscourt 298.0 267.0 384.0 403.0
tenniscourt 444.0 536.0 530.0 672.0
tenniscourt 308.0 512.0 393.0 647.0
tenniscourt 214.0 493.0 297.0 627.0
tenniscourt 139.0 477.0 220.0 614.0
tenniscourt 60.0 464.0 143.0 600.0
vehicle 184.0 301.0 212.0 315.0
vehicle 176.0 316.0 204.0 330.0
vehicle 172.0 331.0 200.0 349.0
vehicle 115.0 290.0 140.0 305.0
vehicle 82.0 279.0 106.0 295.0
vehicle 76.0 295.0 105.0 311.0
vehicle 101.0 321.0 128.0 336.0
vehicle 99.0 339.0 124.0 353.0
vehicle 72.0 325.0 94.0 342.0
vehicle 88.0 351.0 114.0 365.0
vehicle 11.0 235.0 42.0 256.0
vehicle 26.0 208.0 52.0 223.0
vehicle 139.0 92.0 164.0 107.0
vehicle 25.0 121.0 50.0 136.0
vehicle 18.0 134.0 44.0 152.0
vehicle 49.0 145.0 75.0 160.0
vehicle 125.0 134.0 152.0 150.0
vehicle 115.0 163.0 139.0 181.0
vehicle 114.0 177.0 137.0 194.0
vehicle 102.0 205.0 127.0 226.0
vehicle 41.0 160.0 74.0 179.0
vehicle 36.0 177.0 64.0 195.0
vehicle 32.0 193.0 60.0 212.0
vehicle 4.0 176.0 33.0 198.0
