tenniscourt 140.0 675.0 174.0 725.0
tenniscourt 107.0 662.0 143.0 713.0
tenniscourt 81.0 652.0 118.0 700.0
vehicle 274.0 374.0 282.0 383.0
vehicle 300.0 359.0 305.0 370.0
vehicle 305.0 358.0 311.0 369.0
vehicle 311.0 356.0 317.0 367.0
vehicle 316.0 354.0 322.0 364.0
vehicle 331.0 349.0 336.0 359.0
vehicle 337.0 346.0 342.0 355.0
vehicle 355.0 345.0 360.0 355.0
vehicle 360.0 344.0 365.0 354.0
vehicle 367.0 345.0 372.0 354.0
vehicle 305.0 326.0 313.0 334.0
vehicle 216.0 436.0 224.0 446.0
vehicle 646.0 169.0 655.0 174.0
vehicle 475.0 143.0 480.0 154.0
vehicle 475.0 155.0 480.0 164.0
vehicle 475.0 168.0 480.0 177.0
vehicle 460.0 185.0 465.0 192.0
vehicle 421.0 185.0 425.0 195.0
vehicle 425.0 185.0 430.0 195.0
vehicle 430.0 185.0 435.0 195.0
vehicle 456.0 241.0 461.0 252.0
vehicle 468.0 35.0 473.0 44.0
vehicle 548.0 140.0 554.0 152.0
vehicle 527.0 695.0 532.0 706.0
vehicle 306.0 708.0 315.0 722.0
vehicle 300.0 712.0 305.0 722.0
vehicle 293.0 712.0 300.0 722.0
vehicle 286.0 715.0 289.0 725.0
vehicle 281.0 715.0 286.0 725.0
vehicle 270.0 714.0 276.0 724.0
vehicle 265.0 717.0 270.0 727.0
vehicle 258.0 715.0 262.0 727.0
vehicle 248.0 715.0 252.0 725.0
vehicle 238.0 715.0 243.0 725.0
vehicle 227.0 714.0 233.0 724.0
vehicle 222.0 714.0 229.0 724.0
vehicle 217.0 712.0 224.0 722.0
vehicle 210.0 732.0 216.0 743.0
vehicle 205.0 748.0 211.0 756.0
vehicle 187.0 712.0 197.0 718.0
vehicle 188.0 706.0 196.0 713.0
vehicle 190.0 703.0 198.0 709.0
vehicle 173.0 636.0 181.0 646.0
vehicle 168.0 632.0 174.0 641.0
vehicle 152.0 647.0 161.0 655.0
vehicle 147.0 645.0 154.0 652.0
vehicle 142.0 641.0 150.0 650.0
vehicle 136.0 638.0 144.0 646.0
vehicle 120.0 632.0 129.0 639.0
vehicle 109.0 627.0 118.0 636.0
vehicle 133.0 615.0 138.0 626.0
vehicle 138.0 615.0 144.0 626.0
vehicle 149.0 617.0 154.0 627.0
vehicle 155.0 618.0 161.0 627.0
vehicle 153.0 473.0 163.0 479.0
vehicle 157.0 463.0 166.0 469.0
vehicle 195.0 485.0 202.0 493.0
vehicle 182.0 503.0 192.0 511.0
vehicle 178.0 512.0 185.0 519.0
vehicle 181.0 508.0 190.0 514.0
vehicle 158.0 511.0 166.0 516.0
vehicle 107.0 260.0 114.0 269.0
vehicle 104.0 263.0 109.0 270.0
vehicle 99.0 265.0 104.0 276.0
