harbor 213.0 161.0 524.0 274.0
ship 446.0 272.0 457.0 302.0
ship 467.0 281.0 475.0 302.0
ship 457.0 316.0 472.0 341.0
harbor 191.0 342.0 436.0 474.0
ship 428.0 476.0 439.0 502.0
ship 434.0 521.0 451.0 554.0
harbor 165.0 525.0 462.0 652.0
ship 470.0 619.0 479.0 648.0
harbor 162.0 679.0 471.0 784.0
harbor 442.0 669.0 454.0 694.0
ship 465.0 655.0 479.0 681.0
ship 460.0 698.0 472.0 726.0
ship 163.0 523.0 196.0 616.0
ship 211.0 176.0 237.0 240.0
ship 236.0 188.0 262.0 252.0
ship 260.0 190.0 287.0 259.0
ship 285.0 196.0 311.0 260.0
ship 336.0 201.0 362.0 270.0
ship 442.0 210.0 469.0 267.0
ship 388.0 210.0 410.0 264.0
ship 197.0 344.0 217.0 396.0
ship 317.0 212.0 336.0 253.0
ship 365.0 205.0 377.0 231.0
ship 425.0 215.0 441.0 243.0
ship 274.0 162.0 348.0 189.0
ship 363.0 172.0 430.0 196.0
ship 461.0 184.0 523.0 208.0
ship 223.0 342.0 243.0 393.0
ship 244.0 344.0 267.0 396.0
ship 292.0 348.0 315.0 400.0
ship 316.0 354.0 339.0 406.0
ship 363.0 359.0 386.0 411.0
ship 390.0 364.0 413.0 416.0
ship 412.0 364.0 435.0 416.0
ship 191.0 403.0 211.0 450.0
ship 213.0 407.0 234.0 452.0
ship 237.0 415.0 257.0 458.0
ship 280.0 418.0 301.0 463.0
ship 260.0 422.0 275.0 457.0
ship 298.0 418.0 319.0 463.0
ship 323.0 422.0 344.0 467.0
ship 348.0 432.0 362.0 472.0
ship 196.0 524.0 217.0 569.0
ship 221.0 529.0 242.0 574.0
ship 243.0 532.0 264.0 577.0
ship 264.0 534.0 285.0 579.0
ship 284.0 532.0 305.0 577.0
ship 304.0 541.0 325.0 586.0
ship 326.0 543.0 347.0 590.0
ship 388.0 554.0 409.0 599.0
ship 353.0 550.0 369.0 585.0
ship 411.0 565.0 425.0 601.0
ship 213.0 589.0 228.0 623.0
ship 231.0 590.0 246.0 624.0
ship 251.0 598.0 266.0 629.0
ship 289.0 597.0 306.0 637.0
ship 307.0 602.0 325.0 637.0
ship 327.0 604.0 343.0 641.0
ship 366.0 612.0 385.0 646.0
ship 384.0 608.0 401.0 645.0
ship 190.0 583.0 205.0 617.0
ship 187.0 681.0 202.0 715.0
ship 206.0 685.0 221.0 719.0
ship 223.0 687.0 238.0 721.0
ship 243.0 690.0 258.0 724.0
ship 264.0 690.0 279.0 724.0
ship 283.0 697.0 298.0 731.0
ship 303.0 703.0 317.0 733.0
ship 354.0 703.0 376.0 741.0
ship 395.0 704.0 412.0 742.0
ship 414.0 710.0 429.0 750.0
ship 431.0 706.0 450.0 746.0
ship 186.0 738.0 201.0 774.0
ship 239.0 740.0 254.0 773.0
ship 256.0 745.0 273.0 781.0
ship 274.0 752.0 288.0 781.0
ship 293.0 750.0 309.0 781.0
ship 329.0 753.0 346.0 781.0
ship 346.0 753.0 359.0 783.0
ship 161.0 679.0 186.0 730.0
ship 371.0 755.0 397.0 767.0
ship 474.0 218.0 507.0 234.0
ship 473.0 242.0 513.0 259.0
ship 474.0 264.0 505.0 275.0
ship 343.0 364.0 362.0 405.0
ship 397.0 429.0 419.0 441.0
ship 390.0 447.0 400.0 475.0
ship 420.0 441.0 431.0 463.0
ship 442.0 558.0 456.0 591.0
ship 404.0 623.0 418.0 648.0
ship 424.0 626.0 439.0 652.0
ship 449.0 625.0 462.0 650.0
ship 454.0 735.0 468.0 763.0
