Expressway-Service-area 207.0 93.0 591.0 552.0
Expressway-Service-area 366.0 188.0 748.0 629.0
vehicle 463.0 257.0 475.0 273.0
vehicle 496.0 305.0 506.0 317.0
vehicle 452.0 361.0 465.0 379.0
vehicle 263.0 312.0 284.0 321.0
vehicle 321.0 232.0 338.0 240.0
vehicle 329.0 213.0 348.0 223.0
vehicle 347.0 188.0 363.0 195.0
vehicle 480.0 488.0 490.0 501.0
vehicle 452.0 493.0 465.0 510.0
vehicle 457.0 550.0 474.0 562.0
vehicle 315.0 430.0 324.0 446.0
vehicle 283.0 606.0 296.0 623.0
vehicle 253.0 660.0 265.0 678.0
