airplane 282.0 1.0 344.0 27.0
airplane 241.0 106.0 350.0 168.0
airplane 245.0 186.0 344.0 244.0
airplane 239.0 263.0 351.0 321.0
airplane 240.0 339.0 351.0 404.0
airplane 239.0 413.0 346.0 479.0
airplane 246.0 499.0 344.0 560.0
airplane 273.0 585.0 339.0 626.0
airplane 241.0 648.0 350.0 714.0
airplane 241.0 728.0 361.0 794.0
airplane 484.0 185.0 604.0 255.0
airplane 494.0 301.0 612.0 367.0
airplane 498.0 397.0 595.0 459.0
airplane 495.0 485.0 607.0 548.0
airplane 497.0 570.0 614.0 641.0
airplane 502.0 656.0 605.0 719.0
airplane 499.0 729.0 605.0 797.0
