harbor 57.0 466.0 714.0 601.0
harbor 17.0 335.0 721.0 455.0
harbor 205.0 235.0 746.0 339.0
harbor 444.0 170.0 797.0 240.0
harbor 1.0 1.0 294.0 102.0
ship 46.0 5.0 57.0 39.0
ship 68.0 54.0 82.0 94.0
ship 146.0 58.0 158.0 96.0
ship 160.0 59.0 171.0 86.0
ship 176.0 61.0 189.0 95.0
ship 194.0 58.0 206.0 102.0
ship 472.0 173.0 511.0 187.0
ship 507.0 196.0 520.0 223.0
ship 563.0 200.0 572.0 225.0
ship 236.0 254.0 281.0 267.0
ship 355.0 243.0 366.0 273.0
ship 392.0 283.0 405.0 312.0
ship 622.0 270.0 631.0 289.0
ship 23.0 339.0 70.0 419.0
ship 75.0 381.0 86.0 416.0
ship 67.0 510.0 81.0 558.0
ship 220.0 522.0 234.0 567.0
ship 626.0 505.0 635.0 539.0
ship 654.0 511.0 666.0 543.0
ship 626.0 551.0 645.0 595.0
ship 17.0 8.0 30.0 36.0
ship 4.0 48.0 16.0 86.0
ship 18.0 50.0 33.0 87.0
ship 36.0 50.0 48.0 90.0
ship 99.0 55.0 111.0 93.0
ship 115.0 55.0 127.0 94.0
ship 81.0 12.0 93.0 45.0
ship 97.0 12.0 107.0 44.0
ship 112.0 15.0 123.0 48.0
ship 130.0 15.0 139.0 48.0
ship 145.0 16.0 155.0 47.0
ship 158.0 16.0 171.0 50.0
ship 175.0 18.0 186.0 51.0
ship 191.0 21.0 201.0 51.0
ship 205.0 18.0 220.0 54.0
ship 223.0 20.0 233.0 53.0
ship 254.0 23.0 266.0 60.0
ship 270.0 26.0 293.0 64.0
ship 225.0 61.0 236.0 105.0
ship 241.0 63.0 256.0 103.0
ship 471.0 192.0 480.0 219.0
ship 483.0 193.0 495.0 223.0
ship 568.0 184.0 584.0 193.0
ship 511.0 174.0 545.0 187.0
ship 588.0 185.0 606.0 195.0
ship 609.0 187.0 627.0 196.0
ship 633.0 187.0 652.0 198.0
ship 658.0 189.0 678.0 200.0
ship 683.0 190.0 701.0 200.0
ship 706.0 193.0 725.0 202.0
ship 728.0 194.0 748.0 203.0
ship 755.0 196.0 773.0 205.0
ship 587.0 200.0 595.0 227.0
ship 601.0 201.0 610.0 228.0
ship 613.0 204.0 622.0 229.0
ship 639.0 203.0 649.0 230.0
ship 652.0 205.0 661.0 231.0
ship 664.0 207.0 674.0 232.0
ship 677.0 206.0 688.0 233.0
ship 691.0 206.0 700.0 238.0
ship 703.0 208.0 713.0 234.0
ship 717.0 209.0 724.0 236.0
ship 728.0 210.0 737.0 236.0
ship 742.0 212.0 750.0 233.0
ship 752.0 212.0 762.0 238.0
ship 764.0 212.0 775.0 239.0
ship 776.0 212.0 786.0 240.0
ship 788.0 215.0 798.0 242.0
ship 443.0 250.0 451.0 279.0
ship 439.0 288.0 452.0 324.0
ship 456.0 288.0 467.0 321.0
ship 455.0 254.0 464.0 281.0
ship 468.0 257.0 478.0 281.0
ship 481.0 257.0 490.0 283.0
ship 494.0 257.0 504.0 283.0
ship 520.0 259.0 529.0 284.0
ship 532.0 260.0 542.0 285.0
ship 545.0 259.0 555.0 286.0
ship 558.0 261.0 568.0 288.0
ship 584.0 264.0 593.0 289.0
ship 597.0 264.0 606.0 290.0
ship 658.0 268.0 667.0 294.0
ship 670.0 270.0 678.0 296.0
ship 473.0 290.0 484.0 318.0
ship 490.0 291.0 501.0 319.0
ship 504.0 291.0 515.0 320.0
ship 537.0 293.0 548.0 327.0
ship 553.0 293.0 564.0 328.0
ship 567.0 295.0 580.0 328.0
ship 583.0 300.0 596.0 328.0
ship 616.0 302.0 627.0 329.0
ship 630.0 298.0 642.0 331.0
ship 646.0 302.0 657.0 333.0
ship 663.0 303.0 674.0 332.0
ship 678.0 304.0 689.0 335.0
ship 693.0 304.0 704.0 336.0
ship 709.0 305.0 721.0 337.0
ship 725.0 305.0 738.0 338.0
ship 432.0 367.0 444.0 398.0
ship 448.0 368.0 458.0 400.0
ship 461.0 369.0 472.0 399.0
ship 475.0 367.0 486.0 401.0
ship 488.0 371.0 499.0 400.0
ship 502.0 371.0 514.0 402.0
ship 517.0 375.0 525.0 401.0
ship 531.0 372.0 541.0 403.0
ship 558.0 375.0 569.0 404.0
ship 572.0 377.0 582.0 406.0
ship 585.0 378.0 595.0 406.0
ship 612.0 379.0 623.0 408.0
ship 626.0 380.0 637.0 410.0
ship 639.0 381.0 651.0 412.0
ship 652.0 383.0 665.0 413.0
ship 666.0 382.0 677.0 413.0
ship 679.0 385.0 691.0 415.0
ship 693.0 384.0 703.0 416.0
ship 706.0 386.0 717.0 414.0
ship 431.0 404.0 442.0 438.0
ship 417.0 361.0 429.0 394.0
ship 414.0 406.0 424.0 436.0
ship 446.0 405.0 459.0 440.0
ship 462.0 408.0 475.0 442.0
ship 477.0 406.0 489.0 444.0
ship 493.0 410.0 504.0 446.0
ship 508.0 409.0 519.0 447.0
ship 522.0 410.0 535.0 444.0
ship 538.0 415.0 549.0 446.0
ship 552.0 413.0 564.0 450.0
ship 567.0 414.0 580.0 448.0
ship 583.0 413.0 595.0 449.0
ship 596.0 414.0 610.0 452.0
ship 628.0 417.0 638.0 449.0
ship 642.0 419.0 654.0 449.0
ship 657.0 420.0 669.0 452.0
ship 670.0 419.0 685.0 455.0
ship 685.0 422.0 699.0 456.0
ship 701.0 422.0 715.0 456.0
ship 289.0 234.0 298.0 267.0
ship 301.0 236.0 312.0 268.0
ship 315.0 240.0 325.0 271.0
ship 383.0 245.0 395.0 277.0
ship 398.0 247.0 408.0 277.0
ship 411.0 248.0 422.0 278.0
ship 425.0 249.0 435.0 278.0
ship 366.0 282.0 376.0 311.0
ship 352.0 279.0 363.0 310.0
ship 339.0 278.0 348.0 309.0
ship 325.0 280.0 335.0 311.0
ship 311.0 277.0 321.0 307.0
ship 297.0 275.0 307.0 307.0
ship 283.0 275.0 294.0 305.0
ship 270.0 277.0 279.0 306.0
ship 257.0 275.0 266.0 303.0
ship 242.0 273.0 252.0 303.0
ship 227.0 273.0 238.0 303.0
ship 206.0 263.0 223.0 298.0
ship 78.0 337.0 88.0 374.0
ship 91.0 336.0 106.0 374.0
ship 107.0 339.0 120.0 376.0
ship 123.0 343.0 135.0 377.0
ship 140.0 341.0 151.0 377.0
ship 156.0 342.0 167.0 378.0
ship 172.0 343.0 182.0 380.0
ship 187.0 347.0 198.0 379.0
ship 202.0 350.0 210.0 379.0
ship 218.0 351.0 230.0 383.0
ship 235.0 350.0 244.0 384.0
ship 250.0 353.0 262.0 383.0
ship 266.0 354.0 276.0 387.0
ship 281.0 357.0 293.0 388.0
ship 311.0 358.0 323.0 388.0
ship 124.0 381.0 136.0 419.0
ship 140.0 382.0 152.0 422.0
ship 156.0 385.0 169.0 424.0
ship 174.0 388.0 186.0 421.0
ship 207.0 389.0 219.0 425.0
ship 224.0 390.0 236.0 427.0
ship 241.0 390.0 255.0 429.0
ship 261.0 395.0 271.0 425.0
ship 276.0 392.0 288.0 430.0
ship 295.0 395.0 307.0 431.0
ship 310.0 395.0 323.0 431.0
ship 330.0 398.0 340.0 429.0
ship 327.0 357.0 339.0 390.0
ship 343.0 361.0 354.0 392.0
ship 358.0 361.0 369.0 392.0
ship 388.0 362.0 398.0 392.0
ship 401.0 362.0 413.0 395.0
ship 345.0 399.0 357.0 434.0
ship 362.0 399.0 374.0 436.0
ship 398.0 403.0 410.0 437.0
ship 69.0 464.0 82.0 502.0
ship 83.0 464.0 98.0 503.0
ship 100.0 470.0 112.0 505.0
ship 116.0 471.0 128.0 506.0
ship 132.0 469.0 143.0 507.0
ship 147.0 471.0 159.0 507.0
ship 164.0 474.0 173.0 507.0
ship 181.0 472.0 191.0 508.0
ship 195.0 473.0 208.0 511.0
ship 226.0 476.0 238.0 513.0
ship 242.0 477.0 256.0 515.0
ship 104.0 512.0 119.0 564.0
ship 124.0 514.0 138.0 559.0
ship 145.0 520.0 158.0 562.0
ship 162.0 517.0 175.0 561.0
ship 181.0 521.0 193.0 567.0
ship 259.0 526.0 275.0 570.0
ship 259.0 482.0 271.0 517.0
ship 274.0 479.0 288.0 517.0
ship 291.0 479.0 303.0 518.0
ship 309.0 482.0 320.0 518.0
ship 324.0 481.0 337.0 521.0
ship 282.0 527.0 295.0 566.0
ship 299.0 524.0 313.0 573.0
ship 319.0 529.0 334.0 557.0
ship 341.0 484.0 354.0 521.0
ship 359.0 486.0 370.0 522.0
ship 374.0 489.0 387.0 522.0
ship 392.0 490.0 404.0 524.0
ship 409.0 493.0 419.0 524.0
ship 338.0 529.0 353.0 569.0
ship 357.0 531.0 372.0 578.0
ship 375.0 531.0 390.0 578.0
ship 426.0 493.0 438.0 526.0
ship 441.0 496.0 451.0 529.0
ship 454.0 499.0 466.0 530.0
ship 469.0 498.0 480.0 529.0
ship 483.0 500.0 494.0 532.0
ship 498.0 499.0 510.0 532.0
ship 526.0 501.0 536.0 535.0
ship 540.0 500.0 552.0 531.0
ship 555.0 504.0 566.0 536.0
ship 568.0 506.0 580.0 534.0
ship 582.0 506.0 595.0 537.0
ship 598.0 507.0 608.0 539.0
ship 433.0 537.0 449.0 582.0
ship 453.0 537.0 468.0 581.0
ship 494.0 547.0 506.0 584.0
ship 511.0 541.0 526.0 583.0
ship 531.0 543.0 544.0 587.0
ship 550.0 545.0 563.0 585.0
ship 570.0 546.0 583.0 583.0
ship 672.0 553.0 685.0 591.0
ship 688.0 554.0 701.0 600.0
ship 682.0 511.0 694.0 546.0
ship 697.0 514.0 709.0 545.0
