harbor 46.0 241.0 73.0 688.0
harbor 32.0 748.0 52.0 800.0
ship 83.0 661.0 126.0 679.0
harbor 76.0 719.0 172.0 771.0
harbor 154.0 208.0 244.0 688.0
harbor 314.0 215.0 384.0 689.0
harbor 432.0 226.0 491.0 690.0
harbor 522.0 227.0 580.0 690.0
harbor 610.0 234.0 629.0 730.0
harbor 116.0 79.0 629.0 174.0
ship 62.0 258.0 74.0 301.0
ship 62.0 353.0 73.0 382.0
ship 45.0 393.0 55.0 422.0
ship 60.0 522.0 73.0 566.0
ship 60.0 604.0 69.0 629.0
ship 401.0 103.0 415.0 144.0
ship 577.0 129.0 595.0 169.0
ship 362.0 20.0 405.0 34.0
ship 433.0 22.0 469.0 36.0
ship 435.0 316.0 459.0 325.0
ship 438.0 339.0 456.0 347.0
ship 464.0 239.0 492.0 250.0
ship 463.0 273.0 487.0 282.0
ship 465.0 316.0 491.0 326.0
ship 615.0 238.0 624.0 261.0
ship 609.0 301.0 622.0 338.0
ship 611.0 341.0 622.0 374.0
ship 611.0 380.0 623.0 412.0
ship 609.0 422.0 623.0 456.0
ship 609.0 457.0 622.0 494.0
ship 609.0 505.0 622.0 537.0
ship 609.0 545.0 621.0 577.0
ship 609.0 592.0 621.0 634.0
ship 209.0 662.0 240.0 673.0
ship 316.0 665.0 346.0 677.0
ship 355.0 102.0 365.0 139.0
ship 366.0 104.0 382.0 144.0
ship 451.0 101.0 462.0 139.0
ship 470.0 106.0 479.0 132.0
ship 486.0 124.0 495.0 146.0
ship 517.0 124.0 524.0 146.0
ship 537.0 111.0 546.0 135.0
ship 536.0 137.0 546.0 163.0
ship 556.0 104.0 574.0 111.0
ship 116.0 79.0 131.0 142.0
ship 135.0 101.0 148.0 145.0
ship 168.0 103.0 177.0 130.0
ship 180.0 101.0 194.0 149.0
ship 198.0 100.0 212.0 148.0
ship 212.0 101.0 228.0 149.0
ship 245.0 99.0 259.0 148.0
ship 264.0 100.0 277.0 147.0
ship 278.0 102.0 292.0 155.0
ship 335.0 102.0 350.0 157.0
ship 438.0 226.0 459.0 236.0
ship 434.0 239.0 459.0 248.0
ship 439.0 252.0 456.0 259.0
ship 437.0 261.0 459.0 270.0
ship 432.0 271.0 459.0 280.0
ship 434.0 294.0 456.0 303.0
ship 433.0 305.0 457.0 310.0
ship 464.0 295.0 488.0 304.0
ship 529.0 228.0 551.0 236.0
ship 527.0 240.0 548.0 248.0
ship 525.0 251.0 548.0 259.0
ship 528.0 262.0 546.0 269.0
ship 527.0 275.0 544.0 282.0
ship 528.0 306.0 547.0 312.0
ship 524.0 327.0 545.0 335.0
ship 526.0 340.0 546.0 348.0
ship 523.0 360.0 546.0 369.0
ship 554.0 295.0 578.0 305.0
ship 555.0 240.0 579.0 248.0
ship 556.0 254.0 577.0 260.0
ship 552.0 305.0 580.0 315.0
ship 553.0 317.0 579.0 326.0
ship 432.0 664.0 456.0 673.0
ship 462.0 664.0 483.0 670.0
ship 522.0 663.0 543.0 672.0
ship 556.0 664.0 573.0 670.0
ship 158.0 208.0 195.0 220.0
ship 204.0 208.0 241.0 220.0
ship 206.0 224.0 242.0 235.0
ship 205.0 240.0 241.0 249.0
ship 156.0 252.0 191.0 262.0
ship 160.0 268.0 193.0 278.0
ship 158.0 280.0 192.0 293.0
ship 204.0 280.0 243.0 294.0
ship 204.0 297.0 236.0 307.0
ship 206.0 309.0 237.0 322.0
ship 162.0 323.0 196.0 334.0
ship 317.0 215.0 351.0 226.0
ship 353.0 216.0 385.0 226.0
ship 319.0 230.0 346.0 239.0
ship 353.0 229.0 383.0 239.0
ship 316.0 243.0 347.0 252.0
ship 353.0 241.0 385.0 252.0
ship 318.0 254.0 345.0 264.0
ship 353.0 254.0 385.0 263.0
ship 316.0 266.0 347.0 276.0
ship 316.0 278.0 348.0 288.0
ship 314.0 290.0 348.0 300.0
ship 352.0 265.0 386.0 276.0
ship 352.0 277.0 386.0 289.0
ship 355.0 291.0 381.0 299.0
ship 716.0 6.0 738.0 27.0
ship 733.0 144.0 751.0 172.0
ship 738.0 11.0 753.0 30.0
ship 748.0 9.0 763.0 30.0
ship 766.0 14.0 783.0 34.0
ship 779.0 8.0 796.0 30.0
ship 790.0 12.0 800.0 29.0
