bridge 143.0 393.0 331.0 421.0
bridge 570.0 116.0 607.0 272.0
bridge 560.0 564.0 597.0 712.0
vehicle 1.0 269.0 12.0 277.0
vehicle 670.0 372.0 676.0 388.0
vehicle 431.0 439.0 446.0 444.0
vehicle 412.0 447.0 418.0 464.0
vehicle 321.0 451.0 332.0 466.0
vehicle 343.0 452.0 355.0 470.0
vehicle 628.0 25.0 646.0 36.0
ship 150.0 700.0 187.0 772.0
ship 181.0 677.0 271.0 699.0
ship 235.0 667.0 271.0 676.0
ship 283.0 664.0 293.0 702.0
ship 420.0 694.0 455.0 704.0
ship 468.0 682.0 553.0 699.0
ship 23.0 693.0 65.0 706.0
ship 16.0 708.0 37.0 723.0
ship 7.0 723.0 46.0 744.0
ship 1.0 738.0 29.0 756.0
ship 1.0 763.0 29.0 779.0
ship 1.0 786.0 11.0 799.0
ship 116.0 454.0 145.0 495.0
ship 188.0 345.0 221.0 357.0
ship 242.0 459.0 290.0 552.0
ship 287.0 563.0 361.0 586.0
ship 372.0 562.0 383.0 589.0
ship 507.0 564.0 539.0 575.0
ship 609.0 566.0 618.0 586.0
ship 620.0 567.0 664.0 579.0
ship 696.0 576.0 738.0 587.0
ship 720.0 692.0 757.0 707.0
ship 782.0 575.0 800.0 589.0
ship 700.0 253.0 737.0 261.0
ship 536.0 249.0 563.0 257.0
ship 630.0 122.0 694.0 141.0
ship 233.0 183.0 266.0 196.0
ship 255.0 98.0 272.0 107.0
ship 409.0 31.0 436.0 88.0
