harbor 591.0 319.0 676.0 540.0
harbor 339.0 284.0 495.0 498.0
harbor 110.0 242.0 276.0 472.0
ship 219.0 280.0 276.0 308.0
ship 198.0 342.0 255.0 369.0
ship 127.0 328.0 183.0 348.0
ship 107.0 353.0 173.0 382.0
ship 360.0 306.0 413.0 328.0
ship 434.0 316.0 495.0 345.0
ship 421.0 351.0 475.0 376.0
ship 417.0 381.0 471.0 406.0
ship 409.0 414.0 463.0 439.0
ship 353.0 334.0 407.0 359.0
ship 343.0 367.0 397.0 392.0
ship 338.0 398.0 392.0 423.0
ship 594.0 335.0 652.0 362.0
ship 597.0 370.0 651.0 395.0
ship 594.0 401.0 648.0 426.0
ship 592.0 431.0 646.0 456.0
