tenniscourt 16.0 278.0 47.0 330.0
vehicle 259.0 353.0 272.0 356.0
vehicle 230.0 332.0 235.0 341.0
vehicle 20.0 363.0 32.0 368.0
vehicle 578.0 336.0 589.0 340.0
vehicle 595.0 320.0 600.0 331.0
vehicle 603.0 320.0 608.0 330.0
vehicle 614.0 336.0 624.0 340.0
vehicle 168.0 91.0 179.0 100.0
vehicle 118.0 312.0 123.0 322.0
vehicle 129.0 313.0 135.0 320.0
vehicle 123.0 312.0 128.0 321.0
vehicle 124.0 325.0 135.0 334.0
vehicle 39.0 238.0 52.0 248.0
vehicle 173.0 605.0 179.0 618.0
vehicle 216.0 591.0 227.0 602.0
vehicle 449.0 425.0 458.0 435.0
vehicle 363.0 348.0 374.0 353.0
vehicle 576.0 548.0 586.0 554.0
vehicle 475.0 531.0 480.0 540.0
vehicle 594.0 526.0 599.0 536.0
vehicle 782.0 552.0 794.0 556.0
vehicle 776.0 538.0 790.0 545.0
vehicle 680.0 523.0 686.0 535.0
vehicle 428.0 737.0 433.0 748.0
vehicle 441.0 679.0 446.0 688.0
vehicle 628.0 578.0 633.0 588.0
vehicle 548.0 590.0 554.0 597.0
tenniscourt 751.0 634.0 784.0 688.0
vehicle 399.0 776.0 412.0 782.0
basketballcourt 119.0 88.0 166.0 163.0
basketballcourt 58.0 85.0 109.0 163.0
