harbor 1.0 598.0 335.0 799.0
harbor 412.0 488.0 589.0 759.0
harbor 613.0 499.0 770.0 784.0
ship 277.0 599.0 309.0 679.0
ship 288.0 682.0 309.0 738.0
ship 227.0 759.0 274.0 778.0
ship 210.0 653.0 247.0 738.0
ship 174.0 674.0 203.0 762.0
ship 133.0 693.0 162.0 771.0
ship 102.0 689.0 131.0 767.0
ship 67.0 695.0 93.0 765.0
ship 33.0 694.0 63.0 771.0
ship 10.0 703.0 31.0 771.0
ship 415.0 490.0 504.0 514.0
ship 506.0 490.0 578.0 514.0
ship 416.0 530.0 486.0 559.0
ship 419.0 567.0 488.0 592.0
ship 414.0 595.0 488.0 622.0
ship 524.0 570.0 584.0 593.0
ship 528.0 596.0 588.0 619.0
ship 528.0 625.0 591.0 648.0
ship 424.0 662.0 492.0 686.0
ship 526.0 655.0 577.0 677.0
ship 418.0 692.0 491.0 715.0
ship 528.0 715.0 574.0 740.0
ship 418.0 724.0 488.0 749.0
ship 422.0 748.0 476.0 800.0
ship 495.0 761.0 577.0 800.0
ship 683.0 502.0 766.0 533.0
ship 647.0 581.0 717.0 614.0
ship 672.0 625.0 710.0 675.0
ship 622.0 687.0 677.0 746.0
