vehicle 656.0 80.0 665.0 98.0
vehicle 701.0 70.0 709.0 75.0
vehicle 698.0 77.0 708.0 81.0
vehicle 696.0 85.0 705.0 89.0
vehicle 691.0 94.0 701.0 99.0
vehicle 720.0 3.0 725.0 12.0
vehicle 687.0 111.0 692.0 116.0
vehicle 691.0 131.0 700.0 137.0
vehicle 689.0 135.0 697.0 140.0
vehicle 672.0 149.0 682.0 154.0
vehicle 675.0 155.0 684.0 160.0
vehicle 680.0 162.0 689.0 167.0
vehicle 695.0 152.0 704.0 159.0
vehicle 698.0 157.0 706.0 164.0
vehicle 704.0 165.0 712.0 172.0
vehicle 719.0 58.0 730.0 65.0
vehicle 719.0 62.0 730.0 69.0
vehicle 718.0 67.0 730.0 74.0
vehicle 720.0 77.0 727.0 82.0
vehicle 719.0 80.0 725.0 84.0
vehicle 714.0 82.0 724.0 88.0
vehicle 703.0 107.0 712.0 113.0
vehicle 707.0 98.0 717.0 103.0
vehicle 709.0 92.0 718.0 96.0
vehicle 713.0 88.0 720.0 93.0
vehicle 708.0 95.0 715.0 98.0
vehicle 703.0 112.0 710.0 117.0
vehicle 699.0 114.0 708.0 119.0
vehicle 699.0 119.0 706.0 123.0
vehicle 695.0 121.0 704.0 126.0
vehicle 736.0 28.0 744.0 37.0
vehicle 727.0 38.0 742.0 45.0
vehicle 730.0 43.0 736.0 48.0
vehicle 744.0 47.0 751.0 54.0
vehicle 746.0 30.0 755.0 43.0
vehicle 790.0 175.0 796.0 180.0
vehicle 772.0 150.0 779.0 155.0
vehicle 767.0 164.0 773.0 169.0
vehicle 785.0 161.0 792.0 166.0
vehicle 787.0 157.0 793.0 162.0
vehicle 694.0 176.0 702.0 183.0
vehicle 779.0 46.0 785.0 59.0
vehicle 767.0 39.0 779.0 60.0
vehicle 764.0 45.0 771.0 56.0
vehicle 785.0 21.0 792.0 31.0
vehicle 793.0 25.0 799.0 36.0
vehicle 779.0 34.0 785.0 43.0
vehicle 785.0 36.0 791.0 46.0
vehicle 789.0 39.0 792.0 48.0
vehicle 787.0 54.0 792.0 64.0
vehicle 765.0 30.0 770.0 36.0
vehicle 760.0 41.0 765.0 48.0
vehicle 775.0 14.0 780.0 22.0
vehicle 775.0 28.0 779.0 33.0
vehicle 660.0 180.0 665.0 184.0
vehicle 744.0 228.0 766.0 243.0
vehicle 782.0 189.0 791.0 198.0
vehicle 773.0 182.0 781.0 188.0
vehicle 787.0 183.0 792.0 187.0
vehicle 767.0 188.0 777.0 194.0
vehicle 764.0 192.0 774.0 198.0
vehicle 780.0 199.0 786.0 206.0
vehicle 777.0 203.0 783.0 209.0
vehicle 762.0 195.0 771.0 202.0
vehicle 755.0 207.0 764.0 214.0
vehicle 698.0 181.0 704.0 186.0
vehicle 700.0 184.0 707.0 191.0
vehicle 703.0 187.0 709.0 193.0
vehicle 707.0 189.0 711.0 195.0
vehicle 710.0 188.0 714.0 197.0
vehicle 721.0 196.0 729.0 203.0
vehicle 724.0 247.0 730.0 253.0
vehicle 728.0 296.0 744.0 323.0
vehicle 740.0 358.0 744.0 367.0
vehicle 677.0 436.0 685.0 439.0
vehicle 672.0 448.0 680.0 453.0
vehicle 663.0 457.0 669.0 463.0
vehicle 662.0 462.0 667.0 468.0
vehicle 496.0 485.0 499.0 490.0
vehicle 480.0 515.0 486.0 522.0
vehicle 436.0 493.0 440.0 500.0
vehicle 440.0 493.0 443.0 499.0
vehicle 385.0 503.0 391.0 508.0
vehicle 458.0 560.0 463.0 568.0
vehicle 352.0 782.0 361.0 798.0
vehicle 369.0 737.0 373.0 743.0
vehicle 377.0 738.0 381.0 745.0
vehicle 384.0 720.0 391.0 727.0
vehicle 416.0 716.0 424.0 721.0
vehicle 419.0 710.0 425.0 714.0
vehicle 388.0 713.0 392.0 718.0
vehicle 365.0 702.0 369.0 708.0
vehicle 361.0 710.0 366.0 715.0
vehicle 358.0 717.0 363.0 722.0
vehicle 353.0 729.0 357.0 735.0
vehicle 446.0 706.0 449.0 712.0
vehicle 435.0 591.0 439.0 598.0
vehicle 415.0 632.0 421.0 639.0
vehicle 411.0 664.0 415.0 670.0
vehicle 382.0 647.0 388.0 651.0
vehicle 384.0 623.0 391.0 628.0
vehicle 394.0 601.0 400.0 605.0
vehicle 365.0 648.0 371.0 653.0
vehicle 359.0 670.0 362.0 675.0
vehicle 367.0 674.0 373.0 682.0
vehicle 336.0 568.0 340.0 574.0
vehicle 341.0 570.0 346.0 576.0
vehicle 347.0 570.0 351.0 578.0
vehicle 377.0 569.0 384.0 573.0
vehicle 364.0 577.0 370.0 583.0
vehicle 369.0 577.0 374.0 584.0
vehicle 375.0 581.0 380.0 587.0
vehicle 381.0 583.0 387.0 589.0
vehicle 387.0 585.0 391.0 591.0
vehicle 393.0 587.0 398.0 593.0
vehicle 535.0 342.0 540.0 349.0
vehicle 522.0 367.0 528.0 374.0
vehicle 575.0 264.0 581.0 271.0
vehicle 122.0 267.0 127.0 273.0
vehicle 9.0 596.0 13.0 601.0
vehicle 31.0 585.0 35.0 592.0
vehicle 29.0 562.0 32.0 568.0
vehicle 41.0 567.0 44.0 573.0
vehicle 46.0 561.0 49.0 567.0
vehicle 5.0 576.0 9.0 583.0
vehicle 12.0 556.0 16.0 561.0
groundtrackfield 263.0 259.0 430.0 473.0
tenniscourt 146.0 362.0 169.0 395.0
tenniscourt 169.0 367.0 191.0 401.0
tenniscourt 133.0 409.0 155.0 443.0
tenniscourt 154.0 416.0 177.0 450.0
