ship 480.0 119.0 586.0 363.0
ship 528.0 137.0 569.0 187.0
ship 551.0 42.0 581.0 55.0
ship 603.0 19.0 652.0 41.0
ship 497.0 79.0 543.0 102.0
ship 554.0 48.0 582.0 59.0
harbor 499.0 34.0 656.0 95.0
vehicle 525.0 591.0 536.0 610.0
vehicle 545.0 634.0 552.0 647.0
vehicle 565.0 645.0 573.0 651.0
vehicle 567.0 651.0 575.0 654.0
vehicle 569.0 657.0 575.0 660.0
vehicle 514.0 695.0 523.0 702.0
vehicle 132.0 701.0 142.0 706.0
vehicle 146.0 730.0 159.0 736.0
vehicle 151.0 606.0 158.0 615.0
vehicle 421.0 271.0 430.0 286.0
vehicle 416.0 233.0 427.0 250.0
vehicle 409.0 230.0 412.0 235.0
vehicle 410.0 235.0 413.0 242.0
vehicle 412.0 240.0 416.0 246.0
vehicle 415.0 249.0 423.0 261.0
vehicle 418.0 151.0 423.0 162.0
vehicle 444.0 141.0 458.0 149.0
vehicle 445.0 147.0 459.0 155.0
vehicle 425.0 101.0 433.0 106.0
vehicle 435.0 105.0 444.0 110.0
vehicle 428.0 111.0 437.0 119.0
vehicle 361.0 17.0 371.0 23.0
vehicle 375.0 20.0 383.0 24.0
vehicle 385.0 24.0 392.0 30.0
vehicle 418.0 23.0 426.0 27.0
vehicle 443.0 14.0 452.0 19.0
vehicle 87.0 31.0 94.0 34.0
vehicle 85.0 19.0 93.0 24.0
vehicle 77.0 23.0 82.0 27.0
vehicle 61.0 28.0 67.0 32.0
vehicle 45.0 34.0 51.0 38.0
vehicle 79.0 33.0 86.0 39.0
vehicle 71.0 36.0 77.0 41.0
vehicle 63.0 38.0 71.0 44.0
vehicle 56.0 42.0 62.0 46.0
vehicle 49.0 44.0 55.0 50.0
vehicle 43.0 46.0 48.0 52.0
vehicle 34.0 49.0 41.0 54.0
vehicle 1.0 61.0 8.0 66.0
vehicle 8.0 58.0 14.0 62.0
storagetank 38.0 114.0 94.0 163.0
storagetank 93.0 98.0 145.0 137.0
storagetank 143.0 82.0 190.0 124.0
storagetank 191.0 65.0 238.0 104.0
storagetank 237.0 50.0 284.0 91.0
storagetank 415.0 708.0 429.0 717.0
storagetank 420.0 694.0 428.0 702.0
storagetank 405.0 677.0 418.0 689.0
storagetank 393.0 704.0 412.0 718.0
storagetank 386.0 686.0 399.0 698.0
storagetank 367.0 686.0 384.0 699.0
storagetank 373.0 704.0 391.0 719.0
storagetank 350.0 698.0 368.0 711.0
storagetank 340.0 717.0 354.0 732.0
storagetank 324.0 701.0 338.0 715.0
storagetank 300.0 706.0 322.0 722.0
storagetank 317.0 722.0 340.0 740.0
storagetank 273.0 713.0 294.0 730.0
storagetank 248.0 720.0 274.0 739.0
storagetank 243.0 745.0 269.0 765.0
storagetank 268.0 737.0 294.0 756.0
storagetank 294.0 730.0 319.0 746.0
storagetank 215.0 651.0 259.0 686.0
storagetank 381.0 610.0 399.0 626.0
storagetank 372.0 584.0 396.0 601.0
storagetank 352.0 591.0 375.0 607.0
storagetank 333.0 600.0 356.0 616.0
storagetank 364.0 623.0 379.0 639.0
storagetank 342.0 623.0 363.0 638.0
storagetank 313.0 607.0 337.0 623.0
storagetank 292.0 614.0 316.0 629.0
storagetank 325.0 636.0 351.0 652.0
storagetank 271.0 622.0 297.0 639.0
storagetank 296.0 639.0 328.0 662.0
storagetank 248.0 625.0 271.0 643.0
storagetank 265.0 649.0 298.0 672.0
storagetank 405.0 509.0 417.0 520.0
storagetank 631.0 663.0 659.0 685.0
storagetank 661.0 662.0 688.0 685.0
storagetank 649.0 692.0 685.0 720.0
storagetank 684.0 682.0 718.0 710.0
storagetank 668.0 723.0 733.0 780.0
ship 441.0 753.0 554.0 798.0
harbor 460.0 717.0 495.0 774.0
storagetank 226.0 133.0 281.0 181.0
storagetank 173.0 153.0 228.0 200.0
storagetank 119.0 171.0 173.0 218.0
storagetank 64.0 189.0 120.0 237.0
storagetank 105.0 275.0 153.0 316.0
storagetank 157.0 256.0 206.0 299.0
storagetank 211.0 238.0 258.0 280.0
storagetank 262.0 219.0 312.0 262.0
storagetank 304.0 307.0 329.0 326.0
storagetank 280.0 304.0 307.0 325.0
storagetank 265.0 319.0 290.0 340.0
storagetank 239.0 331.0 264.0 351.0
storagetank 208.0 328.0 240.0 354.0
storagetank 183.0 344.0 217.0 369.0
storagetank 150.0 349.0 183.0 377.0
storagetank 124.0 363.0 154.0 388.0
storagetank 133.0 392.0 168.0 420.0
storagetank 166.0 394.0 197.0 419.0
storagetank 161.0 454.0 183.0 470.0
storagetank 157.0 486.0 201.0 522.0
vehicle 78.0 385.0 93.0 409.0
storagetank 181.0 559.0 226.0 595.0
storagetank 197.0 371.0 233.0 399.0
storagetank 184.0 453.0 215.0 476.0
storagetank 207.0 481.0 243.0 507.0
storagetank 214.0 442.0 246.0 465.0
storagetank 233.0 558.0 267.0 584.0
storagetank 396.0 487.0 419.0 503.0
storagetank 390.0 439.0 398.0 446.0
storagetank 313.0 337.0 339.0 353.0
storagetank 298.0 351.0 323.0 370.0
storagetank 276.0 349.0 302.0 368.0
storagetank 245.0 356.0 277.0 375.0
storagetank 230.0 372.0 261.0 397.0
storagetank 347.0 396.0 372.0 414.0
storagetank 341.0 437.0 372.0 460.0
storagetank 328.0 410.0 354.0 427.0
storagetank 304.0 411.0 328.0 429.0
storagetank 275.0 421.0 306.0 445.0
storagetank 310.0 447.0 342.0 471.0
storagetank 276.0 457.0 310.0 483.0
storagetank 245.0 432.0 276.0 455.0
storagetank 242.0 469.0 270.0 494.0
storagetank 376.0 494.0 390.0 510.0
storagetank 387.0 514.0 405.0 527.0
storagetank 355.0 501.0 370.0 517.0
storagetank 370.0 520.0 388.0 533.0
storagetank 354.0 526.0 373.0 538.0
storagetank 335.0 509.0 358.0 525.0
storagetank 315.0 516.0 338.0 531.0
storagetank 331.0 530.0 354.0 545.0
storagetank 254.0 536.0 279.0 552.0
storagetank 275.0 530.0 298.0 546.0
storagetank 294.0 523.0 318.0 539.0
storagetank 311.0 536.0 334.0 552.0
storagetank 291.0 544.0 315.0 560.0
storagetank 271.0 551.0 295.0 566.0
