ship 482.0 284.0 532.0 416.0
ship 515.0 473.0 552.0 578.0
ship 658.0 643.0 784.0 716.0
harbor 229.0 216.0 367.0 706.0
harbor 21.0 254.0 153.0 709.0
ship 100.0 214.0 133.0 236.0
ship 64.0 231.0 84.0 240.0
ship 20.0 259.0 65.0 275.0
ship 80.0 255.0 129.0 271.0
ship 29.0 278.0 72.0 295.0
ship 84.0 297.0 132.0 310.0
ship 86.0 314.0 133.0 331.0
ship 33.0 339.0 77.0 356.0
ship 85.0 336.0 133.0 354.0
ship 32.0 380.0 75.0 395.0
ship 90.0 377.0 133.0 391.0
ship 35.0 401.0 79.0 416.0
ship 89.0 396.0 134.0 412.0
ship 90.0 417.0 134.0 432.0
ship 38.0 421.0 81.0 436.0
ship 91.0 439.0 136.0 454.0
ship 43.0 461.0 84.0 476.0
ship 94.0 457.0 138.0 472.0
ship 92.0 478.0 133.0 493.0
ship 93.0 497.0 138.0 516.0
ship 98.0 538.0 143.0 555.0
ship 102.0 578.0 145.0 595.0
ship 51.0 581.0 94.0 596.0
ship 66.0 592.0 85.0 604.0
ship 50.0 622.0 84.0 638.0
ship 105.0 621.0 153.0 637.0
ship 105.0 640.0 145.0 653.0
ship 105.0 659.0 147.0 674.0
ship 317.0 676.0 369.0 691.0
ship 315.0 605.0 366.0 621.0
ship 312.0 587.0 364.0 600.0
ship 250.0 565.0 296.0 580.0
ship 241.0 494.0 295.0 516.0
ship 248.0 519.0 295.0 535.0
ship 308.0 516.0 363.0 532.0
ship 306.0 493.0 356.0 510.0
ship 304.0 470.0 357.0 485.0
ship 305.0 448.0 356.0 465.0
ship 237.0 405.0 291.0 423.0
ship 303.0 401.0 352.0 419.0
ship 303.0 424.0 352.0 441.0
ship 228.0 313.0 281.0 338.0
ship 300.0 334.0 346.0 350.0
ship 297.0 355.0 356.0 374.0
ship 300.0 380.0 353.0 395.0
ship 296.0 242.0 340.0 257.0
ship 286.0 215.0 310.0 226.0
ship 316.0 214.0 338.0 225.0
harbor 479.0 229.0 800.0 715.0
