airplane 99.0 555.0 123.0 583.0
airplane 233.0 597.0 255.0 621.0
airplane 234.0 624.0 259.0 653.0
airplane 646.0 576.0 664.0 598.0
airplane 383.0 658.0 411.0 685.0
airplane 176.0 374.0 200.0 401.0
airplane 233.0 119.0 250.0 142.0
airplane 147.0 164.0 171.0 190.0
airplane 143.0 198.0 163.0 217.0
airplane 136.0 225.0 157.0 246.0
airplane 99.0 292.0 120.0 316.0
airplane 91.0 321.0 115.0 345.0
airplane 110.0 339.0 133.0 364.0
airplane 87.0 349.0 109.0 374.0
airplane 101.0 368.0 125.0 392.0
airplane 82.0 380.0 104.0 403.0
airplane 188.0 317.0 211.0 344.0
airplane 200.0 260.0 220.0 283.0
airplane 217.0 281.0 238.0 303.0
airplane 212.0 203.0 236.0 229.0
airplane 235.0 191.0 259.0 216.0
airplane 217.0 176.0 239.0 200.0
airplane 224.0 147.0 246.0 173.0
airplane 244.0 163.0 264.0 186.0
airplane 302.0 230.0 324.0 253.0
airplane 279.0 345.0 302.0 368.0
airplane 270.0 372.0 294.0 399.0
airplane 615.0 494.0 636.0 521.0
airplane 639.0 512.0 658.0 536.0
airplane 736.0 469.0 756.0 492.0
airplane 734.0 499.0 760.0 523.0
airplane 618.0 593.0 639.0 615.0
airplane 741.0 595.0 761.0 621.0
vehicle 602.0 679.0 610.0 694.0
vehicle 562.0 713.0 570.0 724.0
vehicle 511.0 714.0 517.0 724.0
vehicle 518.0 714.0 526.0 725.0
vehicle 789.0 646.0 796.0 657.0
vehicle 680.0 677.0 695.0 685.0
vehicle 780.0 757.0 792.0 765.0
vehicle 785.0 780.0 796.0 787.0
vehicle 710.0 777.0 722.0 782.0
vehicle 674.0 772.0 685.0 781.0
vehicle 627.0 772.0 641.0 779.0
vehicle 609.0 771.0 623.0 777.0
vehicle 589.0 771.0 603.0 779.0
vehicle 535.0 772.0 552.0 777.0
vehicle 742.0 756.0 755.0 762.0
vehicle 541.0 782.0 557.0 789.0
vehicle 561.0 782.0 574.0 792.0
vehicle 507.0 751.0 519.0 755.0
vehicle 480.0 749.0 498.0 757.0
vehicle 511.0 785.0 519.0 790.0
vehicle 409.0 775.0 426.0 781.0
vehicle 445.0 787.0 452.0 797.0
vehicle 257.0 682.0 269.0 689.0
vehicle 258.0 671.0 270.0 679.0
vehicle 257.0 695.0 272.0 701.0
vehicle 258.0 689.0 272.0 695.0
vehicle 200.0 746.0 214.0 757.0
vehicle 191.0 746.0 201.0 755.0
vehicle 181.0 747.0 191.0 757.0
vehicle 169.0 747.0 181.0 757.0
vehicle 159.0 747.0 171.0 757.0
vehicle 149.0 746.0 161.0 757.0
vehicle 140.0 747.0 150.0 757.0
vehicle 130.0 748.0 140.0 757.0
vehicle 120.0 748.0 130.0 760.0
vehicle 77.0 741.0 90.0 746.0
vehicle 64.0 761.0 76.0 766.0
vehicle 76.0 710.0 90.0 717.0
vehicle 76.0 700.0 88.0 705.0
vehicle 75.0 724.0 88.0 730.0
vehicle 56.0 665.0 63.0 676.0
vehicle 63.0 662.0 70.0 677.0
vehicle 73.0 676.0 88.0 682.0
vehicle 40.0 666.0 48.0 677.0
vehicle 25.0 665.0 33.0 677.0
vehicle 20.0 666.0 25.0 676.0
vehicle 38.0 696.0 52.0 703.0
vehicle 18.0 698.0 34.0 703.0
vehicle 18.0 703.0 30.0 708.0
vehicle 39.0 713.0 52.0 719.0
vehicle 19.0 714.0 32.0 720.0
vehicle 20.0 719.0 32.0 725.0
vehicle 20.0 725.0 32.0 732.0
vehicle 268.0 734.0 274.0 747.0
vehicle 265.0 705.0 270.0 717.0
vehicle 273.0 703.0 279.0 715.0
vehicle 287.0 704.0 293.0 715.0
vehicle 294.0 704.0 301.0 715.0
vehicle 302.0 703.0 307.0 712.0
vehicle 310.0 703.0 316.0 714.0
vehicle 339.0 701.0 345.0 713.0
vehicle 296.0 733.0 305.0 747.0
vehicle 305.0 734.0 311.0 747.0
vehicle 276.0 737.0 279.0 746.0
vehicle 281.0 736.0 287.0 746.0
vehicle 75.0 688.0 87.0 694.0
vehicle 552.0 278.0 565.0 287.0
vehicle 313.0 211.0 329.0 216.0
vehicle 618.0 321.0 629.0 332.0
vehicle 672.0 253.0 686.0 259.0
vehicle 674.0 293.0 688.0 301.0
vehicle 56.0 187.0 70.0 192.0
vehicle 131.0 172.0 143.0 177.0
vehicle 42.0 245.0 56.0 253.0
vehicle 27.0 293.0 40.0 298.0
vehicle 25.0 339.0 38.0 345.0
vehicle 18.0 379.0 30.0 387.0
vehicle 126.0 289.0 140.0 297.0
vehicle 123.0 318.0 136.0 324.0
vehicle 186.0 356.0 201.0 364.0
vehicle 288.0 312.0 302.0 322.0
vehicle 286.0 322.0 300.0 329.0
vehicle 231.0 230.0 246.0 236.0
