overpass 204.0 345.0 655.0 543.0
vehicle 291.0 556.0 321.0 628.0
vehicle 48.0 596.0 71.0 636.0
vehicle 75.0 615.0 95.0 651.0
vehicle 371.0 318.0 396.0 369.0
vehicle 537.0 320.0 553.0 351.0
vehicle 508.0 222.0 525.0 252.0
vehicle 565.0 345.0 582.0 375.0
vehicle 556.0 118.0 572.0 150.0
vehicle 602.0 99.0 631.0 148.0
vehicle 699.0 379.0 714.0 409.0
vehicle 685.0 567.0 702.0 597.0
vehicle 652.0 729.0 670.0 761.0
vehicle 543.0 481.0 572.0 496.0
vehicle 503.0 444.0 534.0 461.0
vehicle 491.0 546.0 507.0 572.0
vehicle 515.0 558.0 532.0 587.0
vehicle 68.0 117.0 105.0 140.0
vehicle 35.0 435.0 67.0 453.0
vehicle 160.0 52.0 203.0 75.0
