airplane 68.0 538.0 145.0 595.0
airplane 168.0 537.0 240.0 592.0
airplane 349.0 534.0 420.0 587.0
airplane 186.0 423.0 250.0 490.0
airplane 527.0 488.0 591.0 562.0
airplane 607.0 473.0 676.0 553.0
airplane 705.0 453.0 795.0 536.0
airplane 168.0 264.0 238.0 324.0
airplane 145.0 182.0 225.0 247.0
airplane 144.0 102.0 212.0 165.0
airplane 366.0 116.0 434.0 194.0
airplane 464.0 38.0 531.0 115.0
airplane 668.0 189.0 758.0 286.0
vehicle 113.0 613.0 140.0 621.0
vehicle 368.0 605.0 387.0 612.0
vehicle 469.0 593.0 485.0 624.0
vehicle 718.0 121.0 736.0 128.0
vehicle 536.0 121.0 544.0 136.0
vehicle 17.0 98.0 48.0 107.0
vehicle 26.0 127.0 40.0 134.0
