airplane 367.0 365.0 389.0 383.0
airplane 460.0 355.0 492.0 375.0
airplane 460.0 383.0 492.0 401.0
airplane 456.0 408.0 484.0 430.0
airplane 349.0 75.0 372.0 94.0
storagetank 633.0 206.0 661.0 229.0
storagetank 665.0 210.0 693.0 234.0
storagetank 665.0 236.0 693.0 257.0
storagetank 648.0 262.0 666.0 278.0
storagetank 667.0 273.0 680.0 286.0
storagetank 674.0 286.0 689.0 298.0
storagetank 641.0 292.0 664.0 310.0
storagetank 665.0 300.0 684.0 313.0
airplane 351.0 493.0 382.0 513.0
airplane 470.0 559.0 493.0 584.0
airplane 432.0 561.0 455.0 585.0
airplane 409.0 584.0 441.0 607.0
airplane 416.0 612.0 445.0 633.0
airplane 449.0 623.0 469.0 647.0
airplane 480.0 621.0 502.0 642.0
airplane 513.0 605.0 533.0 624.0
airplane 550.0 609.0 567.0 629.0
airplane 488.0 406.0 507.0 430.0
airplane 517.0 404.0 540.0 430.0
airplane 575.0 619.0 595.0 641.0
airplane 581.0 642.0 604.0 665.0
airplane 573.0 664.0 602.0 686.0
airplane 581.0 689.0 607.0 710.0
airplane 648.0 776.0 674.0 795.0
