airplane 157.0 62.0 207.0 104.0
airplane 222.0 81.0 269.0 118.0
airplane 282.0 129.0 329.0 168.0
airplane 305.0 187.0 358.0 222.0
airplane 321.0 238.0 380.0 286.0
airplane 230.0 363.0 268.0 412.0
airplane 181.0 398.0 229.0 446.0
airplane 61.0 452.0 135.0 547.0
airplane 288.0 533.0 379.0 622.0
airplane 254.0 595.0 294.0 634.0
airplane 203.0 633.0 243.0 672.0
airplane 426.0 252.0 466.0 301.0
airplane 418.0 5.0 502.0 81.0
airplane 469.0 80.0 522.0 134.0
airplane 492.0 136.0 551.0 187.0
airplane 516.0 198.0 581.0 244.0
airplane 555.0 320.0 600.0 368.0
airplane 590.0 423.0 642.0 461.0
airplane 485.0 718.0 555.0 800.0
airplane 609.0 473.0 690.0 545.0
airplane 627.0 552.0 719.0 629.0
airplane 667.0 636.0 756.0 715.0
airplane 699.0 718.0 789.0 796.0
vehicle 458.0 145.0 470.0 164.0
vehicle 643.0 326.0 656.0 351.0
vehicle 645.0 361.0 653.0 374.0
vehicle 664.0 427.0 676.0 449.0
vehicle 661.0 435.0 672.0 455.0
vehicle 653.0 440.0 662.0 454.0
vehicle 696.0 460.0 708.0 483.0
vehicle 710.0 484.0 720.0 499.0
vehicle 734.0 546.0 747.0 569.0
vehicle 753.0 595.0 763.0 612.0
vehicle 415.0 704.0 433.0 715.0
vehicle 431.0 698.0 450.0 708.0
vehicle 432.0 704.0 452.0 714.0
vehicle 450.0 689.0 468.0 699.0
vehicle 451.0 698.0 469.0 708.0
vehicle 465.0 676.0 485.0 686.0
vehicle 469.0 681.0 488.0 691.0
vehicle 470.0 688.0 488.0 696.0
vehicle 647.0 322.0 661.0 345.0
