ship 492.0 716.0 516.0 750.0
ship 57.0 402.0 74.0 452.0
ship 55.0 506.0 71.0 558.0
ship 50.0 653.0 64.0 701.0
ship 62.0 284.0 80.0 339.0
ship 630.0 422.0 639.0 446.0
ship 221.0 209.0 233.0 236.0
ship 132.0 207.0 143.0 235.0
ship 87.0 162.0 101.0 195.0
ship 359.0 551.0 373.0 595.0
ship 221.0 169.0 233.0 200.0
ship 195.0 170.0 202.0 197.0
ship 147.0 401.0 158.0 422.0
ship 127.0 528.0 141.0 569.0
ship 591.0 551.0 606.0 596.0
ship 566.0 662.0 580.0 705.0
ship 502.0 669.0 515.0 702.0
ship 373.0 709.0 384.0 747.0
ship 178.0 699.0 221.0 714.0
ship 72.0 695.0 116.0 706.0
ship 310.0 410.0 319.0 429.0
ship 335.0 410.0 345.0 435.0
ship 334.0 443.0 343.0 467.0
ship 132.0 400.0 141.0 424.0
ship 491.0 513.0 500.0 537.0
ship 477.0 511.0 486.0 535.0
ship 411.0 510.0 420.0 534.0
ship 395.0 509.0 404.0 528.0
ship 250.0 499.0 262.0 525.0
ship 274.0 500.0 286.0 526.0
ship 304.0 505.0 314.0 526.0
ship 359.0 509.0 367.0 531.0
ship 332.0 507.0 342.0 527.0
ship 344.0 509.0 353.0 530.0
ship 90.0 493.0 100.0 516.0
ship 155.0 500.0 165.0 519.0
ship 171.0 497.0 179.0 526.0
ship 110.0 532.0 123.0 572.0
ship 73.0 529.0 86.0 571.0
ship 664.0 557.0 680.0 599.0
ship 538.0 551.0 550.0 586.0
ship 684.0 561.0 705.0 604.0
ship 600.0 519.0 609.0 543.0
ship 652.0 521.0 661.0 543.0
ship 682.0 538.0 700.0 546.0
ship 416.0 411.0 425.0 435.0
ship 495.0 416.0 505.0 441.0
ship 495.0 450.0 502.0 471.0
ship 628.0 459.0 637.0 478.0
ship 615.0 423.0 624.0 445.0
ship 238.0 540.0 249.0 577.0
ship 200.0 537.0 213.0 570.0
ship 571.0 305.0 583.0 333.0
ship 602.0 301.0 612.0 330.0
ship 585.0 346.0 594.0 373.0
ship 633.0 326.0 659.0 337.0
ship 147.0 438.0 156.0 461.0
ship 172.0 436.0 183.0 462.0
ship 131.0 288.0 141.0 311.0
ship 127.0 322.0 137.0 351.0
ship 159.0 325.0 169.0 353.0
ship 188.0 327.0 198.0 355.0
ship 232.0 285.0 242.0 313.0
ship 174.0 285.0 184.0 313.0
ship 189.0 284.0 199.0 312.0
ship 250.0 290.0 260.0 320.0
ship 247.0 326.0 256.0 353.0
ship 306.0 330.0 317.0 357.0
ship 366.0 335.0 375.0 363.0
ship 393.0 334.0 404.0 360.0
ship 162.0 211.0 173.0 238.0
ship 190.0 208.0 203.0 236.0
ship 508.0 148.0 519.0 175.0
ship 473.0 105.0 484.0 132.0
ship 529.0 226.0 540.0 253.0
ship 546.0 224.0 556.0 250.0
ship 277.0 104.0 292.0 130.0
ship 300.0 99.0 307.0 123.0
ship 280.0 211.0 291.0 238.0
ship 252.0 210.0 261.0 235.0
ship 278.0 285.0 289.0 316.0
ship 504.0 114.0 511.0 128.0
ship 534.0 111.0 543.0 134.0
ship 521.0 114.0 531.0 135.0
ship 489.0 184.0 499.0 210.0
ship 518.0 184.0 528.0 212.0
ship 575.0 188.0 587.0 214.0
ship 401.0 183.0 408.0 207.0
ship 109.0 101.0 120.0 114.0
ship 362.0 410.0 372.0 428.0
ship 78.0 432.0 86.0 449.0
ship 380.0 544.0 391.0 578.0
ship 431.0 544.0 445.0 588.0
ship 344.0 544.0 355.0 581.0
ship 145.0 537.0 156.0 571.0
ship 196.0 656.0 207.0 689.0
ship 154.0 657.0 162.0 683.0
ship 68.0 647.0 82.0 682.0
ship 310.0 657.0 322.0 692.0
ship 343.0 665.0 354.0 696.0
ship 375.0 660.0 385.0 696.0
ship 406.0 661.0 419.0 697.0
ship 401.0 711.0 413.0 742.0
ship 426.0 708.0 439.0 745.0
ship 580.0 717.0 635.0 730.0
ship 644.0 719.0 694.0 734.0
ship 615.0 671.0 627.0 709.0
ship 583.0 669.0 593.0 707.0
ship 519.0 664.0 532.0 704.0
ship 535.0 666.0 548.0 705.0
ship 474.0 669.0 484.0 695.0
ship 689.0 672.0 701.0 701.0
ship 665.0 678.0 677.0 709.0
ship 647.0 677.0 656.0 705.0
ship 632.0 558.0 642.0 582.0
ship 608.0 553.0 623.0 593.0
ship 296.0 177.0 303.0 203.0
ship 283.0 178.0 292.0 201.0
ship 545.0 184.0 556.0 213.0
ship 561.0 187.0 571.0 215.0
ship 472.0 183.0 481.0 208.0
ship 457.0 178.0 468.0 210.0
ship 574.0 222.0 585.0 253.0
ship 588.0 228.0 600.0 256.0
ship 441.0 219.0 449.0 246.0
ship 455.0 215.0 468.0 251.0
ship 470.0 220.0 480.0 247.0
ship 488.0 224.0 496.0 247.0
ship 500.0 223.0 509.0 248.0
ship 426.0 217.0 437.0 245.0
ship 411.0 216.0 422.0 245.0
ship 398.0 218.0 409.0 245.0
ship 381.0 216.0 394.0 248.0
ship 384.0 184.0 393.0 207.0
ship 556.0 302.0 566.0 330.0
ship 527.0 300.0 536.0 330.0
ship 544.0 302.0 553.0 329.0
ship 512.0 296.0 523.0 327.0
ship 468.0 292.0 479.0 325.0
ship 452.0 296.0 464.0 326.0
ship 438.0 299.0 447.0 324.0
ship 425.0 299.0 435.0 325.0
ship 409.0 296.0 418.0 325.0
ship 394.0 291.0 405.0 325.0
ship 423.0 331.0 434.0 363.0
ship 436.0 332.0 448.0 364.0
ship 453.0 336.0 462.0 365.0
ship 466.0 340.0 474.0 366.0
ship 482.0 338.0 492.0 366.0
ship 495.0 339.0 504.0 364.0
ship 511.0 338.0 521.0 366.0
ship 525.0 341.0 534.0 366.0
ship 597.0 345.0 611.0 379.0
ship 613.0 341.0 626.0 373.0
ship 325.0 173.0 336.0 204.0
ship 368.0 175.0 381.0 206.0
ship 266.0 174.0 277.0 200.0
ship 252.0 173.0 262.0 200.0
ship 310.0 211.0 320.0 239.0
ship 323.0 213.0 333.0 242.0
ship 340.0 212.0 350.0 241.0
ship 353.0 216.0 361.0 242.0
ship 368.0 215.0 379.0 245.0
ship 309.0 171.0 322.0 204.0
ship 349.0 294.0 359.0 322.0
ship 234.0 207.0 245.0 237.0
ship 177.0 171.0 186.0 197.0
ship 163.0 164.0 173.0 194.0
ship 337.0 289.0 347.0 317.0
ship 320.0 292.0 331.0 322.0
ship 306.0 288.0 318.0 318.0
ship 217.0 325.0 227.0 353.0
ship 230.0 330.0 239.0 350.0
ship 276.0 326.0 287.0 353.0
ship 288.0 327.0 301.0 357.0
ship 333.0 333.0 346.0 363.0
ship 347.0 330.0 359.0 363.0
ship 86.0 204.0 98.0 231.0
ship 104.0 204.0 114.0 231.0
ship 134.0 169.0 144.0 197.0
ship 148.0 166.0 160.0 199.0
ship 106.0 165.0 115.0 192.0
ship 93.0 433.0 101.0 453.0
ship 105.0 429.0 114.0 455.0
ship 160.0 401.0 169.0 425.0
ship 174.0 402.0 184.0 427.0
ship 187.0 402.0 197.0 426.0
ship 202.0 406.0 210.0 426.0
ship 199.0 436.0 209.0 459.0
ship 211.0 438.0 220.0 461.0
ship 239.0 438.0 248.0 462.0
ship 227.0 405.0 237.0 427.0
ship 240.0 405.0 249.0 429.0
ship 253.0 406.0 264.0 429.0
ship 267.0 411.0 275.0 427.0
ship 253.0 439.0 262.0 461.0
ship 266.0 439.0 274.0 461.0
ship 280.0 439.0 290.0 462.0
ship 291.0 440.0 301.0 465.0
ship 359.0 441.0 371.0 469.0
ship 372.0 444.0 382.0 467.0
ship 400.0 446.0 408.0 471.0
ship 414.0 447.0 423.0 469.0
ship 389.0 412.0 398.0 433.0
ship 400.0 411.0 410.0 435.0
ship 427.0 415.0 436.0 434.0
ship 454.0 416.0 463.0 439.0
ship 469.0 416.0 477.0 439.0
ship 440.0 445.0 450.0 472.0
ship 453.0 452.0 461.0 473.0
ship 466.0 446.0 475.0 473.0
ship 479.0 450.0 488.0 475.0
ship 481.0 413.0 490.0 435.0
ship 522.0 419.0 532.0 442.0
ship 535.0 419.0 543.0 443.0
ship 521.0 450.0 531.0 474.0
ship 534.0 451.0 541.0 474.0
ship 549.0 451.0 558.0 477.0
ship 560.0 452.0 570.0 480.0
ship 550.0 422.0 559.0 442.0
ship 562.0 418.0 571.0 444.0
ship 576.0 418.0 584.0 442.0
ship 588.0 419.0 597.0 445.0
ship 574.0 453.0 583.0 478.0
ship 601.0 456.0 611.0 481.0
ship 614.0 454.0 623.0 478.0
ship 641.0 421.0 652.0 446.0
ship 654.0 457.0 664.0 483.0
ship 667.0 456.0 677.0 484.0
ship 638.0 519.0 646.0 542.0
ship 626.0 521.0 634.0 542.0
ship 574.0 550.0 586.0 593.0
ship 584.0 518.0 594.0 542.0
ship 572.0 520.0 582.0 542.0
ship 557.0 517.0 567.0 539.0
ship 546.0 520.0 554.0 539.0
ship 530.0 516.0 540.0 540.0
ship 519.0 516.0 528.0 538.0
ship 503.0 547.0 514.0 588.0
ship 486.0 547.0 500.0 591.0
ship 450.0 543.0 463.0 587.0
ship 466.0 546.0 480.0 584.0
ship 271.0 535.0 284.0 578.0
ship 287.0 536.0 301.0 579.0
ship 309.0 543.0 320.0 573.0
ship 324.0 536.0 338.0 584.0
ship 163.0 533.0 177.0 570.0
ship 179.0 532.0 194.0 581.0
ship 116.0 499.0 127.0 521.0
ship 129.0 496.0 138.0 519.0
ship 87.0 652.0 98.0 681.0
ship 101.0 646.0 113.0 685.0
ship 118.0 649.0 130.0 686.0
ship 133.0 652.0 143.0 685.0
ship 229.0 657.0 240.0 691.0
ship 244.0 651.0 258.0 691.0
ship 262.0 659.0 273.0 693.0
ship 276.0 650.0 291.0 691.0
ship 254.0 700.0 265.0 728.0
ship 266.0 702.0 275.0 722.0
ship 279.0 702.0 288.0 725.0
ship 305.0 705.0 314.0 727.0
ship 317.0 704.0 326.0 727.0
ship 329.0 703.0 338.0 728.0
ship 341.0 707.0 350.0 726.0
ship 438.0 662.0 451.0 701.0
ship 455.0 663.0 467.0 701.0
ship 452.0 709.0 462.0 748.0
ship 467.0 717.0 476.0 742.0
ship 475.0 711.0 487.0 748.0
harbor 85.0 73.0 669.0 143.0
harbor 81.0 156.0 702.0 256.0
harbor 59.0 280.0 727.0 380.0
harbor 53.0 399.0 761.0 491.0
harbor 52.0 490.0 782.0 609.0
harbor 43.0 643.0 780.0 754.0
