tenniscourt 273.0 413.0 334.0 450.0
tenniscourt 281.0 448.0 342.0 484.0
tenniscourt 192.0 435.0 253.0 473.0
tenniscourt 198.0 465.0 264.0 502.0
groundtrackfield 360.0 338.0 607.0 746.0
vehicle 283.0 381.0 291.0 394.0
vehicle 312.0 374.0 322.0 380.0
vehicle 296.0 377.0 304.0 391.0
vehicle 258.0 389.0 265.0 401.0
vehicle 291.0 405.0 302.0 413.0
vehicle 203.0 427.0 213.0 433.0
vehicle 256.0 415.0 266.0 421.0
vehicle 235.0 415.0 245.0 420.0
vehicle 240.0 393.0 247.0 403.0
vehicle 226.0 396.0 233.0 408.0
vehicle 219.0 400.0 227.0 410.0
vehicle 213.0 400.0 220.0 411.0
vehicle 206.0 402.0 212.0 413.0
vehicle 198.0 403.0 207.0 416.0
vehicle 193.0 407.0 200.0 418.0
vehicle 164.0 635.0 175.0 643.0
vehicle 205.0 661.0 213.0 674.0
vehicle 219.0 659.0 225.0 670.0
vehicle 180.0 667.0 188.0 678.0
vehicle 228.0 659.0 234.0 672.0
vehicle 157.0 695.0 162.0 707.0
vehicle 185.0 696.0 191.0 707.0
vehicle 218.0 690.0 225.0 700.0
vehicle 109.0 731.0 117.0 745.0
vehicle 117.0 729.0 123.0 744.0
vehicle 123.0 727.0 130.0 739.0
vehicle 132.0 727.0 140.0 742.0
vehicle 751.0 601.0 758.0 614.0
vehicle 787.0 723.0 794.0 735.0
vehicle 748.0 642.0 755.0 654.0
vehicle 766.0 645.0 771.0 659.0
vehicle 753.0 666.0 761.0 678.0
vehicle 758.0 685.0 765.0 697.0
vehicle 657.0 562.0 664.0 575.0
vehicle 687.0 552.0 696.0 565.0
vehicle 707.0 549.0 713.0 559.0
vehicle 714.0 508.0 722.0 522.0
vehicle 704.0 501.0 711.0 514.0
vehicle 724.0 509.0 732.0 520.0
vehicle 720.0 496.0 727.0 509.0
vehicle 697.0 478.0 704.0 489.0
vehicle 717.0 485.0 722.0 493.0
vehicle 692.0 460.0 699.0 472.0
vehicle 696.0 417.0 703.0 431.0
vehicle 654.0 357.0 664.0 371.0
vehicle 532.0 22.0 543.0 30.0
vehicle 488.0 17.0 496.0 28.0
vehicle 506.0 58.0 513.0 71.0
vehicle 570.0 13.0 581.0 21.0
vehicle 557.0 35.0 563.0 48.0
vehicle 552.0 21.0 561.0 32.0
vehicle 583.0 56.0 594.0 63.0
vehicle 586.0 70.0 598.0 78.0
vehicle 591.0 76.0 600.0 83.0
vehicle 592.0 82.0 603.0 90.0
vehicle 596.0 87.0 605.0 96.0
vehicle 599.0 110.0 611.0 119.0
vehicle 605.0 130.0 617.0 139.0
vehicle 110.0 248.0 127.0 259.0
vehicle 114.0 257.0 125.0 264.0
vehicle 160.0 243.0 171.0 250.0
vehicle 160.0 229.0 168.0 235.0
vehicle 179.0 148.0 187.0 162.0
vehicle 186.0 172.0 193.0 186.0
vehicle 173.0 217.0 183.0 223.0
vehicle 166.0 200.0 179.0 205.0
vehicle 175.0 135.0 182.0 147.0
vehicle 170.0 122.0 179.0 134.0
vehicle 152.0 140.0 163.0 149.0
vehicle 156.0 158.0 167.0 164.0
vehicle 156.0 163.0 169.0 170.0
vehicle 162.0 96.0 170.0 108.0
vehicle 166.0 108.0 175.0 121.0
vehicle 158.0 80.0 167.0 93.0
vehicle 76.0 91.0 87.0 99.0
vehicle 93.0 59.0 104.0 68.0
vehicle 4.0 87.0 16.0 96.0
vehicle 5.0 111.0 19.0 119.0
vehicle 187.0 32.0 197.0 40.0
vehicle 199.0 28.0 208.0 38.0
vehicle 210.0 27.0 222.0 35.0
vehicle 229.0 19.0 240.0 28.0
vehicle 269.0 6.0 281.0 16.0
vehicle 284.0 3.0 293.0 11.0
vehicle 345.0 48.0 351.0 61.0
vehicle 365.0 50.0 373.0 63.0
vehicle 351.0 68.0 358.0 81.0
vehicle 370.0 70.0 377.0 82.0
vehicle 365.0 119.0 374.0 131.0
vehicle 384.0 118.0 392.0 129.0
vehicle 389.0 130.0 397.0 144.0
vehicle 431.0 35.0 440.0 47.0
vehicle 404.0 41.0 414.0 53.0
vehicle 392.0 46.0 400.0 57.0
vehicle 430.0 71.0 439.0 82.0
vehicle 419.0 72.0 425.0 83.0
vehicle 412.0 73.0 419.0 84.0
vehicle 401.0 75.0 408.0 87.0
vehicle 390.0 80.0 396.0 92.0
vehicle 426.0 156.0 439.0 164.0
vehicle 438.0 169.0 451.0 176.0
