harbor 61.0 150.0 468.0 445.0
harbor 203.0 489.0 413.0 723.0
ship 392.0 742.0 407.0 786.0
ship 135.0 150.0 152.0 199.0
ship 165.0 150.0 182.0 199.0
ship 187.0 148.0 204.0 192.0
ship 215.0 152.0 235.0 201.0
ship 241.0 153.0 258.0 201.0
ship 269.0 151.0 286.0 201.0
ship 291.0 164.0 306.0 200.0
ship 319.0 145.0 338.0 199.0
ship 373.0 155.0 391.0 203.0
ship 393.0 143.0 415.0 199.0
ship 425.0 149.0 444.0 200.0
ship 426.0 213.0 445.0 264.0
ship 371.0 212.0 390.0 263.0
ship 321.0 217.0 338.0 263.0
ship 269.0 210.0 286.0 256.0
ship 239.0 212.0 256.0 258.0
ship 217.0 214.0 234.0 260.0
ship 186.0 210.0 203.0 256.0
ship 71.0 204.0 121.0 220.0
ship 79.0 186.0 119.0 198.0
ship 67.0 235.0 123.0 251.0
ship 65.0 257.0 124.0 277.0
ship 72.0 287.0 123.0 302.0
ship 68.0 309.0 124.0 327.0
ship 62.0 336.0 123.0 355.0
ship 62.0 362.0 123.0 381.0
ship 66.0 388.0 123.0 407.0
ship 206.0 400.0 221.0 430.0
ship 277.0 411.0 292.0 441.0
ship 303.0 404.0 318.0 434.0
ship 322.0 401.0 337.0 431.0
ship 323.0 345.0 338.0 375.0
ship 256.0 343.0 272.0 382.0
ship 231.0 344.0 246.0 377.0
ship 211.0 342.0 225.0 380.0
ship 186.0 350.0 200.0 382.0
ship 165.0 346.0 179.0 382.0
ship 347.0 403.0 363.0 436.0
ship 369.0 400.0 385.0 435.0
ship 396.0 411.0 411.0 441.0
ship 416.0 410.0 431.0 440.0
ship 414.0 348.0 429.0 378.0
ship 441.0 342.0 455.0 376.0
ship 394.0 344.0 409.0 380.0
ship 440.0 400.0 456.0 439.0
ship 208.0 491.0 237.0 520.0
ship 215.0 507.0 250.0 537.0
ship 233.0 531.0 264.0 565.0
ship 274.0 557.0 308.0 591.0
ship 289.0 575.0 321.0 605.0
ship 309.0 588.0 353.0 627.0
ship 309.0 615.0 355.0 647.0
ship 341.0 630.0 380.0 666.0
ship 365.0 675.0 400.0 705.0
