storagetank 559.0 584.0 602.0 617.0
storagetank 624.0 578.0 667.0 610.0
storagetank 691.0 571.0 733.0 604.0
storagetank 567.0 634.0 609.0 667.0
storagetank 633.0 628.0 675.0 661.0
storagetank 699.0 622.0 742.0 655.0
storagetank 584.0 704.0 624.0 736.0
storagetank 645.0 698.0 684.0 729.0
storagetank 704.0 693.0 746.0 724.0
storagetank 593.0 752.0 632.0 784.0
storagetank 653.0 747.0 693.0 777.0
storagetank 712.0 739.0 752.0 771.0
storagetank 779.0 591.0 800.0 608.0
storagetank 777.0 560.0 786.0 567.0
storagetank 791.0 557.0 800.0 566.0
overpass 311.0 518.0 344.0 554.0
overpass 411.0 540.0 431.0 569.0
overpass 365.0 300.0 413.0 321.0
airplane 167.0 45.0 252.0 106.0
