harbor 242.0 69.0 786.0 413.0
harbor 137.0 235.0 567.0 528.0
harbor 18.0 413.0 328.0 640.0
ship 731.0 8.0 786.0 43.0
ship 29.0 486.0 61.0 524.0
ship 73.0 498.0 104.0 541.0
ship 111.0 527.0 139.0 569.0
ship 164.0 485.0 192.0 526.0
ship 263.0 537.0 295.0 584.0
ship 224.0 580.0 245.0 619.0
ship 171.0 307.0 201.0 353.0
ship 234.0 348.0 260.0 381.0
ship 268.0 372.0 299.0 409.0
ship 292.0 383.0 319.0 425.0
ship 316.0 391.0 344.0 431.0
ship 350.0 413.0 385.0 461.0
ship 396.0 440.0 428.0 483.0
ship 453.0 472.0 489.0 522.0
ship 530.0 444.0 559.0 485.0
ship 507.0 431.0 536.0 476.0
ship 464.0 414.0 495.0 450.0
ship 425.0 381.0 459.0 424.0
ship 383.0 360.0 415.0 405.0
ship 364.0 358.0 394.0 394.0
ship 342.0 340.0 365.0 380.0
ship 302.0 316.0 326.0 359.0
ship 286.0 307.0 311.0 346.0
ship 224.0 271.0 250.0 311.0
ship 177.0 248.0 210.0 285.0
ship 255.0 130.0 276.0 160.0
ship 272.0 143.0 296.0 175.0
ship 294.0 147.0 315.0 183.0
ship 315.0 164.0 338.0 194.0
ship 327.0 170.0 353.0 212.0
ship 349.0 180.0 374.0 219.0
ship 371.0 190.0 390.0 220.0
ship 389.0 204.0 413.0 239.0
ship 423.0 228.0 448.0 263.0
ship 442.0 235.0 466.0 267.0
ship 481.0 252.0 507.0 289.0
ship 500.0 264.0 528.0 308.0
ship 523.0 275.0 547.0 311.0
ship 539.0 286.0 565.0 329.0
ship 560.0 296.0 581.0 330.0
ship 595.0 319.0 617.0 359.0
ship 617.0 327.0 643.0 368.0
ship 663.0 351.0 684.0 383.0
ship 677.0 359.0 692.0 387.0
ship 700.0 374.0 715.0 402.0
ship 758.0 360.0 780.0 386.0
ship 737.0 341.0 758.0 369.0
ship 724.0 335.0 740.0 364.0
ship 702.0 312.0 726.0 347.0
ship 684.0 302.0 708.0 341.0
ship 660.0 292.0 687.0 326.0
ship 646.0 285.0 670.0 320.0
ship 628.0 269.0 652.0 304.0
ship 603.0 257.0 633.0 299.0
ship 585.0 249.0 609.0 284.0
ship 572.0 243.0 590.0 276.0
ship 549.0 233.0 570.0 264.0
ship 535.0 222.0 551.0 254.0
ship 511.0 205.0 536.0 243.0
ship 497.0 197.0 517.0 232.0
ship 474.0 185.0 493.0 218.0
ship 456.0 175.0 478.0 215.0
ship 436.0 163.0 453.0 196.0
ship 419.0 154.0 441.0 192.0
ship 397.0 149.0 416.0 178.0
ship 383.0 136.0 401.0 163.0
ship 356.0 120.0 380.0 158.0
ship 339.0 116.0 364.0 146.0
ship 317.0 99.0 343.0 136.0
ship 299.0 96.0 324.0 128.0
ship 280.0 77.0 301.0 118.0
