harbor 401.0 1.0 680.0 722.0
harbor 1.0 1.0 263.0 692.0
ship 21.0 95.0 120.0 135.0
ship 160.0 112.0 234.0 136.0
ship 24.0 161.0 124.0 194.0
ship 23.0 201.0 123.0 233.0
ship 28.0 245.0 128.0 277.0
ship 44.0 287.0 125.0 320.0
ship 43.0 377.0 126.0 406.0
ship 42.0 422.0 130.0 451.0
ship 43.0 463.0 131.0 492.0
ship 46.0 508.0 134.0 537.0
ship 156.0 215.0 265.0 249.0
ship 162.0 264.0 245.0 295.0
ship 160.0 320.0 251.0 353.0
ship 160.0 380.0 245.0 411.0
ship 171.0 425.0 246.0 451.0
ship 165.0 491.0 250.0 520.0
ship 171.0 535.0 256.0 564.0
ship 65.0 648.0 238.0 692.0
ship 402.0 11.0 511.0 45.0
ship 417.0 55.0 522.0 91.0
ship 410.0 116.0 527.0 146.0
ship 439.0 161.0 517.0 193.0
ship 552.0 153.0 580.0 256.0
ship 409.0 221.0 523.0 252.0
ship 439.0 263.0 523.0 297.0
ship 563.0 299.0 662.0 353.0
ship 434.0 327.0 518.0 353.0
ship 474.0 371.0 524.0 390.0
ship 552.0 361.0 663.0 397.0
ship 558.0 418.0 681.0 452.0
ship 405.0 469.0 528.0 508.0
ship 560.0 569.0 665.0 603.0
ship 457.0 684.0 604.0 722.0
