groundtrackfield 294.0 305.0 327.0 345.0
groundtrackfield 135.0 312.0 176.0 354.0
groundtrackfield 238.0 312.0 279.0 353.0
groundtrackfield 346.0 287.0 387.0 322.0
groundtrackfield 427.0 272.0 463.0 316.0
groundtrackfield 485.0 212.0 522.0 255.0
groundtrackfield 186.0 68.0 220.0 99.0
stadium 130.0 78.0 152.0 99.0
bridge 680.0 495.0 698.0 524.0
bridge 619.0 521.0 634.0 543.0
bridge 517.0 540.0 532.0 565.0
bridge 350.0 564.0 364.0 591.0
bridge 248.0 586.0 258.0 609.0
bridge 182.0 595.0 193.0 615.0
bridge 135.0 598.0 144.0 622.0
groundtrackfield 297.0 619.0 327.0 648.0
groundtrackfield 452.0 666.0 493.0 712.0
bridge 718.0 356.0 743.0 370.0
bridge 755.0 409.0 772.0 425.0
bridge 116.0 423.0 150.0 439.0
bridge 138.0 456.0 154.0 466.0
bridge 76.0 125.0 97.0 136.0
bridge 78.0 61.0 97.0 73.0
bridge 83.0 198.0 101.0 209.0
bridge 95.0 253.0 107.0 264.0
bridge 162.0 626.0 185.0 642.0
