tenniscourt 618.0 473.0 674.0 583.0
tenniscourt 625.0 637.0 682.0 747.0
tenniscourt 561.0 640.0 617.0 750.0
tenniscourt 496.0 641.0 552.0 753.0
tenniscourt 431.0 643.0 489.0 755.0
tenniscourt 366.0 645.0 423.0 758.0
tenniscourt 360.0 482.0 415.0 594.0
tenniscourt 423.0 480.0 482.0 590.0
tenniscourt 489.0 478.0 545.0 588.0
tenniscourt 554.0 475.0 610.0 586.0
vehicle 491.0 198.0 508.0 223.0
vehicle 362.0 145.0 376.0 166.0
vehicle 355.0 81.0 366.0 104.0
vehicle 344.0 83.0 357.0 109.0
vehicle 330.0 86.0 343.0 109.0
vehicle 283.0 95.0 296.0 120.0
vehicle 259.0 140.0 287.0 152.0
vehicle 310.0 152.0 326.0 176.0
vehicle 258.0 98.0 272.0 123.0
vehicle 221.0 105.0 233.0 127.0
vehicle 225.0 164.0 240.0 188.0
vehicle 195.0 110.0 209.0 135.0
vehicle 203.0 175.0 216.0 197.0
vehicle 206.0 200.0 220.0 224.0
vehicle 193.0 200.0 207.0 224.0
vehicle 184.0 111.0 197.0 135.0
vehicle 170.0 114.0 184.0 140.0
vehicle 160.0 115.0 171.0 140.0
vehicle 146.0 121.0 157.0 144.0
vehicle 41.0 130.0 54.0 152.0
vehicle 97.0 84.0 108.0 107.0
vehicle 241.0 346.0 255.0 368.0
vehicle 34.0 384.0 46.0 414.0
vehicle 146.0 364.0 158.0 384.0
vehicle 169.0 358.0 182.0 384.0
vehicle 181.0 357.0 194.0 381.0
vehicle 196.0 355.0 206.0 377.0
vehicle 208.0 351.0 220.0 374.0
basketballcourt 488.0 299.0 618.0 373.0
basketballcourt 612.0 295.0 677.0 361.0
basketballcourt 375.0 370.0 503.0 444.0
basketballcourt 496.0 358.0 624.0 435.0
basketballcourt 619.0 358.0 684.0 425.0
