airplane 43.0 118.0 64.0 136.0
airplane 86.0 408.0 107.0 432.0
airplane 110.0 397.0 130.0 420.0
airplane 153.0 490.0 173.0 512.0
airplane 177.0 479.0 196.0 500.0
airplane 236.0 447.0 254.0 465.0
airplane 292.0 411.0 313.0 433.0
airplane 225.0 336.0 249.0 358.0
airplane 246.0 321.0 269.0 345.0
airplane 269.0 310.0 291.0 331.0
airplane 364.0 368.0 380.0 385.0
airplane 404.0 345.0 423.0 364.0
airplane 447.0 325.0 465.0 344.0
airplane 542.0 276.0 564.0 293.0
airplane 709.0 78.0 733.0 104.0
groundtrackfield 578.0 8.0 610.0 63.0
