harbor 152.0 260.0 212.0 358.0
harbor 137.0 409.0 198.0 498.0
harbor 122.0 543.0 187.0 630.0
bridge 142.0 155.0 629.0 262.0
ship 130.0 559.0 139.0 576.0
ship 143.0 549.0 154.0 575.0
ship 155.0 546.0 167.0 578.0
ship 171.0 546.0 183.0 580.0
ship 126.0 583.0 136.0 600.0
ship 139.0 586.0 149.0 616.0
ship 125.0 603.0 135.0 622.0
ship 152.0 589.0 166.0 629.0
ship 166.0 586.0 181.0 628.0
ship 153.0 414.0 166.0 446.0
ship 181.0 418.0 192.0 452.0
ship 138.0 460.0 150.0 486.0
ship 154.0 464.0 162.0 483.0
ship 164.0 462.0 175.0 484.0
ship 179.0 464.0 191.0 497.0
ship 161.0 262.0 188.0 276.0
ship 161.0 276.0 192.0 288.0
ship 160.0 289.0 195.0 299.0
ship 182.0 308.0 211.0 326.0
ship 171.0 334.0 180.0 354.0
ship 190.0 333.0 201.0 358.0
