harbor 263.0 87.0 630.0 296.0
harbor 267.0 386.0 629.0 591.0
ship 279.0 99.0 309.0 182.0
ship 403.0 105.0 430.0 181.0
ship 476.0 87.0 511.0 170.0
ship 593.0 105.0 619.0 167.0
ship 288.0 206.0 317.0 291.0
ship 400.0 207.0 427.0 280.0
ship 443.0 203.0 469.0 285.0
ship 479.0 204.0 511.0 279.0
ship 519.0 208.0 541.0 276.0
ship 564.0 209.0 586.0 277.0
ship 593.0 206.0 615.0 274.0
ship 283.0 396.0 310.0 475.0
ship 280.0 503.0 307.0 582.0
ship 322.0 500.0 354.0 587.0
ship 358.0 503.0 390.0 590.0
ship 408.0 508.0 435.0 563.0
ship 442.0 495.0 468.0 582.0
ship 487.0 502.0 513.0 576.0
ship 437.0 397.0 468.0 474.0
ship 473.0 386.0 510.0 472.0
ship 564.0 402.0 594.0 461.0
ship 593.0 409.0 616.0 462.0
ship 561.0 506.0 588.0 575.0
ship 596.0 510.0 615.0 544.0
