harbor 554.0 1.0 592.0 94.0
harbor 384.0 400.0 793.0 485.0
harbor 371.0 606.0 549.0 663.0
harbor 373.0 716.0 483.0 749.0
vehicle 735.0 103.0 741.0 116.0
vehicle 746.0 101.0 750.0 116.0
vehicle 770.0 102.0 776.0 114.0
vehicle 675.0 189.0 681.0 201.0
vehicle 641.0 189.0 648.0 201.0
vehicle 686.0 190.0 691.0 202.0
vehicle 676.0 228.0 682.0 240.0
vehicle 684.0 228.0 692.0 241.0
vehicle 774.0 190.0 779.0 203.0
vehicle 783.0 190.0 789.0 205.0
vehicle 791.0 191.0 798.0 201.0
vehicle 779.0 230.0 785.0 242.0
vehicle 604.0 287.0 616.0 294.0
vehicle 623.0 299.0 637.0 306.0
vehicle 543.0 303.0 558.0 307.0
vehicle 232.0 289.0 248.0 295.0
vehicle 331.0 301.0 347.0 307.0
harbor 382.0 522.0 786.0 589.0
ship 559.0 25.0 579.0 36.0
ship 560.0 68.0 584.0 78.0
ship 505.0 413.0 524.0 472.0
ship 690.0 415.0 705.0 473.0
ship 671.0 415.0 686.0 468.0
ship 648.0 419.0 667.0 480.0
ship 608.0 416.0 627.0 475.0
ship 630.0 419.0 645.0 464.0
ship 589.0 417.0 603.0 457.0
ship 422.0 448.0 433.0 484.0
ship 437.0 445.0 452.0 485.0
ship 473.0 443.0 485.0 478.0
ship 549.0 415.0 564.0 472.0
ship 528.0 413.0 547.0 472.0
ship 490.0 445.0 499.0 475.0
ship 471.0 533.0 481.0 566.0
ship 487.0 537.0 497.0 564.0
ship 409.0 536.0 418.0 566.0
ship 421.0 537.0 431.0 565.0
ship 435.0 541.0 443.0 564.0
ship 446.0 535.0 456.0 563.0
ship 502.0 546.0 511.0 561.0
ship 603.0 529.0 646.0 542.0
ship 663.0 525.0 710.0 542.0
ship 731.0 416.0 745.0 458.0
ship 751.0 417.0 768.0 471.0
ship 775.0 496.0 784.0 519.0
ship 726.0 530.0 754.0 542.0
ship 378.0 738.0 405.0 747.0
bridge 64.0 270.0 625.0 318.0
