ship 480.0 613.0 497.0 631.0
ship 466.0 677.0 476.0 690.0
ship 562.0 575.0 588.0 604.0
ship 580.0 578.0 603.0 610.0
ship 586.0 584.0 607.0 614.0
ship 571.0 521.0 588.0 536.0
ship 602.0 494.0 612.0 509.0
ship 614.0 463.0 628.0 475.0
ship 624.0 466.0 636.0 479.0
ship 629.0 479.0 646.0 493.0
ship 623.0 528.0 648.0 556.0
ship 661.0 463.0 688.0 498.0
ship 637.0 439.0 648.0 447.0
ship 732.0 301.0 748.0 320.0
ship 675.0 373.0 688.0 385.0
ship 655.0 402.0 670.0 418.0
ship 752.0 348.0 775.0 377.0
ship 701.0 408.0 730.0 442.0
