bridge 174.0 447.0 196.0 494.0
groundtrackfield 267.0 212.0 326.0 268.0
ship 671.0 66.0 691.0 101.0
ship 695.0 116.0 708.0 136.0
ship 705.0 118.0 714.0 138.0
ship 742.0 119.0 765.0 152.0
ship 749.0 125.0 767.0 158.0
ship 753.0 253.0 779.0 306.0
ship 607.0 245.0 622.0 274.0
ship 585.0 276.0 609.0 317.0
ship 521.0 421.0 557.0 433.0
ship 541.0 384.0 557.0 399.0
ship 661.0 334.0 675.0 363.0
ship 705.0 332.0 724.0 364.0
ship 671.0 383.0 689.0 420.0
ship 624.0 422.0 646.0 469.0
ship 642.0 439.0 661.0 475.0
ship 651.0 464.0 676.0 511.0
ship 432.0 624.0 445.0 645.0
ship 439.0 674.0 449.0 700.0
