harbor 551.0 31.0 752.0 247.0
harbor 463.0 215.0 582.0 357.0
harbor 616.0 339.0 770.0 516.0
harbor 264.0 209.0 386.0 384.0
harbor 389.0 345.0 484.0 430.0
harbor 251.0 490.0 495.0 767.0
harbor 580.0 535.0 757.0 642.0
ship 173.0 389.0 200.0 436.0
ship 260.0 286.0 296.0 381.0
ship 311.0 211.0 345.0 308.0
ship 344.0 223.0 388.0 316.0
ship 548.0 32.0 625.0 57.0
ship 661.0 34.0 678.0 82.0
ship 567.0 74.0 639.0 106.0
ship 579.0 118.0 639.0 140.0
ship 576.0 143.0 640.0 166.0
ship 581.0 173.0 650.0 202.0
ship 662.0 108.0 677.0 145.0
ship 699.0 165.0 742.0 188.0
ship 693.0 208.0 704.0 233.0
ship 514.0 215.0 557.0 242.0
ship 545.0 243.0 581.0 261.0
ship 477.0 252.0 519.0 273.0
ship 529.0 306.0 565.0 324.0
ship 473.0 290.0 514.0 310.0
ship 466.0 308.0 510.0 331.0
ship 446.0 360.0 484.0 427.0
ship 413.0 357.0 450.0 410.0
ship 388.0 355.0 426.0 399.0
ship 644.0 337.0 665.0 377.0
ship 667.0 336.0 687.0 382.0
ship 627.0 401.0 665.0 457.0
ship 688.0 405.0 729.0 475.0
ship 717.0 402.0 759.0 459.0
ship 749.0 422.0 771.0 448.0
ship 734.0 535.0 746.0 559.0
ship 728.0 561.0 744.0 572.0
ship 691.0 567.0 713.0 617.0
ship 637.0 552.0 658.0 610.0
ship 579.0 538.0 607.0 600.0
ship 465.0 505.0 499.0 584.0
ship 442.0 502.0 468.0 577.0
ship 403.0 497.0 434.0 578.0
ship 376.0 492.0 402.0 571.0
ship 345.0 490.0 377.0 564.0
ship 323.0 511.0 340.0 562.0
ship 324.0 501.0 341.0 509.0
ship 298.0 612.0 406.0 661.0
ship 298.0 664.0 326.0 766.0
