vehicle 148.0 700.0 171.0 724.0
vehicle 129.0 620.0 156.0 642.0
vehicle 75.0 577.0 103.0 599.0
vehicle 361.0 576.0 381.0 614.0
vehicle 330.0 718.0 347.0 750.0
vehicle 409.0 754.0 429.0 788.0
vehicle 229.0 471.0 258.0 490.0
vehicle 226.0 359.0 244.0 389.0
vehicle 307.0 386.0 326.0 413.0
vehicle 351.0 254.0 368.0 287.0
vehicle 236.0 221.0 252.0 245.0
vehicle 126.0 128.0 144.0 154.0
vehicle 192.0 127.0 209.0 156.0
vehicle 218.0 53.0 239.0 90.0
vehicle 788.0 93.0 800.0 110.0
vehicle 497.0 350.0 527.0 378.0
vehicle 632.0 351.0 643.0 379.0
vehicle 774.0 645.0 788.0 678.0
vehicle 633.0 699.0 648.0 729.0
vehicle 781.0 722.0 795.0 750.0
overpass 62.0 154.0 678.0 747.0
