ship 740.0 495.0 776.0 526.0
ship 757.0 649.0 792.0 689.0
ship 467.0 96.0 501.0 120.0
ship 654.0 164.0 695.0 178.0
ship 323.0 136.0 342.0 162.0
harbor 92.0 217.0 482.0 358.0
harbor 116.0 455.0 425.0 603.0
ship 439.0 325.0 466.0 337.0
ship 434.0 344.0 464.0 359.0
ship 417.0 285.0 486.0 318.0
ship 419.0 228.0 484.0 253.0
ship 373.0 268.0 388.0 308.0
ship 347.0 267.0 366.0 309.0
ship 323.0 271.0 343.0 306.0
ship 307.0 261.0 322.0 300.0
ship 285.0 263.0 299.0 297.0
ship 261.0 266.0 270.0 288.0
ship 241.0 260.0 255.0 286.0
vehicle 7.0 178.0 18.0 201.0
