harbor 191.0 161.0 467.0 570.0
harbor 31.0 569.0 499.0 718.0
ship 1.0 532.0 73.0 558.0
ship 760.0 90.0 786.0 156.0
ship 352.0 789.0 397.0 800.0
harbor 91.0 113.0 180.0 293.0
harbor 166.0 49.0 250.0 91.0
ship 760.0 384.0 800.0 408.0
ship 96.0 274.0 154.0 291.0
ship 95.0 242.0 149.0 258.0
ship 121.0 121.0 181.0 144.0
ship 197.0 62.0 246.0 79.0
ship 256.0 169.0 315.0 185.0
ship 339.0 171.0 429.0 193.0
ship 339.0 209.0 427.0 229.0
ship 338.0 278.0 422.0 299.0
ship 345.0 315.0 448.0 343.0
ship 344.0 355.0 431.0 382.0
ship 343.0 390.0 456.0 419.0
ship 336.0 429.0 453.0 462.0
ship 229.0 325.0 316.0 350.0
ship 222.0 355.0 314.0 386.0
ship 227.0 396.0 312.0 420.0
ship 232.0 431.0 321.0 456.0
ship 311.0 476.0 429.0 508.0
ship 431.0 474.0 449.0 498.0
ship 206.0 467.0 279.0 488.0
ship 206.0 506.0 280.0 531.0
ship 196.0 546.0 282.0 567.0
ship 303.0 524.0 465.0 558.0
ship 73.0 591.0 105.0 697.0
ship 124.0 587.0 154.0 706.0
ship 164.0 594.0 195.0 684.0
ship 211.0 589.0 241.0 703.0
ship 254.0 591.0 288.0 719.0
ship 327.0 629.0 472.0 658.0
ship 435.0 686.0 498.0 710.0
ship 10.0 354.0 79.0 376.0
ship 21.0 390.0 79.0 411.0
ship 687.0 149.0 694.0 166.0
ship 673.0 138.0 682.0 155.0
ship 661.0 140.0 670.0 158.0
