airplane 455.0 57.0 494.0 107.0
airplane 487.0 54.0 526.0 107.0
airplane 522.0 64.0 551.0 107.0
airplane 554.0 67.0 584.0 112.0
airplane 583.0 76.0 613.0 118.0
airplane 612.0 75.0 643.0 119.0
airplane 387.0 710.0 430.0 738.0
airplane 404.0 615.0 439.0 637.0
airplane 484.0 277.0 497.0 294.0
airplane 440.0 335.0 455.0 346.0
airplane 459.0 336.0 474.0 349.0
airplane 393.0 361.0 411.0 375.0
airplane 432.0 380.0 446.0 392.0
airplane 430.0 393.0 446.0 403.0
airplane 450.0 383.0 463.0 396.0
airplane 468.0 387.0 482.0 397.0
airplane 541.0 337.0 560.0 358.0
airplane 502.0 396.0 517.0 412.0
airplane 484.0 399.0 497.0 411.0
airplane 385.0 4.0 420.0 29.0
