harbor 1.0 173.0 782.0 334.0
harbor 71.0 360.0 684.0 522.0
harbor 1.0 596.0 698.0 691.0
ship 62.0 464.0 81.0 522.0
ship 104.0 406.0 131.0 452.0
ship 168.0 414.0 182.0 446.0
ship 187.0 405.0 203.0 444.0
ship 257.0 399.0 280.0 439.0
ship 285.0 398.0 305.0 431.0
ship 316.0 394.0 332.0 427.0
ship 437.0 380.0 455.0 421.0
ship 460.0 382.0 481.0 411.0
ship 507.0 368.0 529.0 420.0
ship 115.0 483.0 132.0 517.0
ship 141.0 475.0 159.0 509.0
ship 165.0 475.0 183.0 509.0
ship 243.0 471.0 257.0 504.0
ship 269.0 471.0 283.0 499.0
ship 294.0 461.0 309.0 503.0
ship 323.0 456.0 338.0 498.0
ship 344.0 459.0 360.0 493.0
ship 424.0 454.0 438.0 487.0
ship 444.0 452.0 462.0 485.0
ship 518.0 445.0 537.0 483.0
ship 562.0 433.0 589.0 482.0
ship 613.0 433.0 637.0 479.0
ship 660.0 620.0 672.0 650.0
ship 608.0 603.0 620.0 633.0
ship 552.0 589.0 578.0 660.0
ship 525.0 600.0 548.0 664.0
ship 501.0 609.0 520.0 658.0
ship 471.0 610.0 489.0 648.0
ship 420.0 609.0 438.0 647.0
ship 361.0 604.0 383.0 659.0
ship 341.0 606.0 356.0 658.0
ship 310.0 619.0 330.0 656.0
ship 286.0 617.0 307.0 663.0
ship 292.0 664.0 311.0 672.0
ship 233.0 613.0 257.0 669.0
ship 213.0 620.0 230.0 666.0
ship 182.0 614.0 199.0 651.0
ship 154.0 614.0 176.0 679.0
ship 98.0 619.0 119.0 654.0
ship 4.0 604.0 35.0 682.0
ship 28.0 289.0 48.0 339.0
ship 49.0 263.0 68.0 316.0
ship 99.0 253.0 118.0 300.0
ship 126.0 262.0 141.0 296.0
ship 185.0 247.0 202.0 292.0
ship 205.0 240.0 225.0 294.0
ship 259.0 249.0 280.0 288.0
ship 290.0 246.0 310.0 284.0
ship 313.0 248.0 329.0 285.0
ship 336.0 233.0 360.0 286.0
ship 365.0 231.0 384.0 267.0
ship 399.0 234.0 413.0 273.0
ship 417.0 222.0 436.0 269.0
ship 441.0 228.0 463.0 276.0
ship 494.0 221.0 517.0 275.0
ship 552.0 228.0 568.0 262.0
ship 606.0 219.0 623.0 264.0
ship 630.0 215.0 648.0 258.0
ship 657.0 224.0 674.0 253.0
ship 685.0 195.0 705.0 256.0
ship 740.0 220.0 752.0 246.0
ship 713.0 192.0 730.0 222.0
ship 541.0 378.0 554.0 419.0
ship 589.0 364.0 603.0 406.0
ship 612.0 370.0 627.0 410.0
ship 568.0 375.0 581.0 413.0
ship 406.0 379.0 422.0 416.0
