harbor 281.0 64.0 622.0 352.0
harbor 214.0 441.0 619.0 738.0
ship 553.0 744.0 614.0 763.0
ship 555.0 772.0 611.0 790.0
ship 624.0 26.0 689.0 48.0
ship 590.0 113.0 614.0 158.0
ship 527.0 206.0 552.0 274.0
ship 486.0 92.0 513.0 174.0
ship 417.0 99.0 444.0 181.0
ship 458.0 207.0 485.0 289.0
ship 414.0 217.0 446.0 326.0
ship 294.0 227.0 390.0 255.0
ship 300.0 268.0 396.0 296.0
ship 224.0 447.0 321.0 482.0
ship 226.0 487.0 318.0 515.0
ship 224.0 565.0 315.0 601.0
ship 219.0 648.0 318.0 680.0
ship 229.0 686.0 313.0 721.0
ship 343.0 473.0 379.0 553.0
ship 343.0 583.0 370.0 660.0
ship 390.0 477.0 417.0 554.0
ship 383.0 592.0 410.0 669.0
ship 422.0 587.0 448.0 657.0
ship 454.0 488.0 480.0 558.0
ship 488.0 495.0 514.0 565.0
ship 486.0 585.0 515.0 661.0
ship 524.0 589.0 548.0 659.0
ship 589.0 590.0 613.0 656.0
