harbor 573.0 322.0 602.0 383.0
harbor 320.0 274.0 569.0 414.0
ship 765.0 363.0 787.0 394.0
ship 531.0 653.0 542.0 674.0
ship 579.0 758.0 598.0 792.0
vehicle 42.0 136.0 63.0 148.0
ship 586.0 336.0 604.0 382.0
ship 506.0 275.0 530.0 314.0
ship 520.0 320.0 540.0 351.0
ship 504.0 324.0 523.0 359.0
ship 493.0 296.0 507.0 321.0
ship 476.0 303.0 488.0 323.0
ship 462.0 302.0 477.0 329.0
ship 441.0 306.0 460.0 336.0
ship 428.0 313.0 444.0 340.0
ship 409.0 315.0 427.0 348.0
ship 453.0 341.0 475.0 372.0
ship 390.0 320.0 410.0 352.0
ship 373.0 326.0 390.0 358.0
ship 358.0 329.0 376.0 361.0
ship 338.0 340.0 355.0 370.0
ship 319.0 342.0 339.0 371.0
ship 331.0 372.0 351.0 414.0
ship 351.0 376.0 376.0 412.0
ship 369.0 368.0 391.0 403.0
ship 386.0 360.0 410.0 400.0
ship 407.0 359.0 423.0 385.0
