harbor 465.0 563.0 725.0 707.0
harbor 373.0 377.0 722.0 502.0
harbor 368.0 168.0 721.0 304.0
ship 320.0 34.0 381.0 53.0
ship 267.0 180.0 280.0 222.0
ship 267.0 232.0 283.0 280.0
ship 264.0 363.0 281.0 410.0
ship 263.0 447.0 276.0 488.0
ship 278.0 508.0 301.0 516.0
ship 402.0 765.0 420.0 789.0
ship 367.0 197.0 388.0 280.0
ship 464.0 600.0 486.0 665.0
ship 400.0 446.0 418.0 499.0
ship 398.0 173.0 439.0 237.0
ship 470.0 171.0 486.0 231.0
ship 704.0 259.0 720.0 299.0
ship 634.0 249.0 651.0 305.0
ship 540.0 201.0 553.0 232.0
ship 563.0 186.0 581.0 235.0
ship 565.0 252.0 581.0 300.0
ship 518.0 248.0 532.0 289.0
ship 542.0 446.0 559.0 494.0
ship 566.0 448.0 583.0 497.0
ship 703.0 448.0 720.0 503.0
ship 401.0 383.0 412.0 430.0
ship 372.0 415.0 389.0 470.0
ship 702.0 380.0 723.0 436.0
ship 449.0 386.0 463.0 434.0
ship 495.0 385.0 512.0 432.0
ship 587.0 387.0 600.0 432.0
ship 611.0 383.0 628.0 431.0
ship 660.0 392.0 676.0 432.0
ship 684.0 569.0 702.0 630.0
ship 543.0 574.0 560.0 635.0
ship 636.0 574.0 653.0 631.0
ship 496.0 569.0 514.0 627.0
ship 493.0 647.0 510.0 690.0
ship 564.0 645.0 583.0 698.0
ship 636.0 644.0 652.0 698.0
ship 685.0 643.0 698.0 695.0
ship 707.0 651.0 722.0 708.0
ship 564.0 564.0 583.0 627.0
ship 612.0 569.0 631.0 632.0
ship 612.0 448.0 629.0 503.0
ship 634.0 446.0 651.0 501.0
ship 659.0 447.0 676.0 502.0
ship 681.0 446.0 695.0 493.0
ship 428.0 396.0 440.0 433.0
ship 542.0 379.0 559.0 430.0
ship 564.0 381.0 581.0 432.0
ship 517.0 651.0 536.0 705.0
ship 616.0 642.0 632.0 689.0
ship 590.0 645.0 609.0 698.0
ship 661.0 646.0 677.0 700.0
ship 401.0 175.0 418.0 241.0
ship 424.0 181.0 440.0 236.0
ship 448.0 179.0 463.0 234.0
ship 494.0 202.0 504.0 234.0
ship 587.0 204.0 598.0 234.0
ship 587.0 249.0 596.0 275.0
ship 541.0 253.0 557.0 302.0
ship 660.0 250.0 674.0 293.0
ship 681.0 250.0 697.0 298.0
ship 475.0 389.0 487.0 429.0
ship 587.0 450.0 600.0 489.0
ship 425.0 449.0 440.0 487.0
ship 636.0 387.0 650.0 430.0
ship 683.0 399.0 695.0 434.0
ship 520.0 448.0 535.0 494.0
ship 398.0 250.0 413.0 290.0
ship 422.0 254.0 442.0 300.0
ship 446.0 251.0 462.0 294.0
ship 468.0 246.0 487.0 299.0
ship 492.0 249.0 511.0 299.0
ship 633.0 178.0 652.0 233.0
ship 655.0 182.0 675.0 236.0
ship 681.0 175.0 700.0 237.0
