airplane 535.0 550.0 580.0 588.0
airplane 257.0 484.0 296.0 518.0
airplane 315.0 519.0 365.0 567.0
airplane 349.0 581.0 399.0 627.0
airplane 354.0 627.0 404.0 665.0
airplane 727.0 185.0 768.0 230.0
airplane 578.0 307.0 615.0 356.0
airplane 633.0 307.0 672.0 353.0
airplane 685.0 297.0 729.0 349.0
airplane 704.0 365.0 753.0 406.0
airplane 488.0 329.0 517.0 361.0
airplane 401.0 353.0 431.0 374.0
airplane 312.0 354.0 345.0 380.0
airplane 264.0 355.0 303.0 380.0
airplane 379.0 233.0 415.0 263.0
airplane 310.0 233.0 345.0 262.0
airplane 233.0 307.0 265.0 341.0
