tenniscourt 502.0 20.0 554.0 86.0
groundtrackfield 253.0 260.0 618.0 718.0
tenniscourt 533.0 39.0 589.0 107.0
tenniscourt 566.0 62.0 621.0 126.0
tenniscourt 446.0 96.0 504.0 163.0
tenniscourt 482.0 118.0 537.0 188.0
tenniscourt 514.0 139.0 569.0 210.0
tenniscourt 624.0 99.0 679.0 164.0
tenniscourt 660.0 119.0 713.0 187.0
tenniscourt 691.0 143.0 744.0 207.0
tenniscourt 576.0 176.0 626.0 245.0
tenniscourt 605.0 200.0 660.0 267.0
tenniscourt 639.0 220.0 693.0 286.0
vehicle 360.0 72.0 367.0 86.0
vehicle 358.0 88.0 364.0 105.0
vehicle 423.0 42.0 436.0 51.0
vehicle 415.0 49.0 431.0 61.0
vehicle 408.0 61.0 423.0 71.0
vehicle 402.0 72.0 417.0 81.0
vehicle 398.0 78.0 412.0 87.0
vehicle 389.0 99.0 406.0 109.0
vehicle 382.0 115.0 396.0 126.0
vehicle 378.0 121.0 392.0 133.0
vehicle 374.0 126.0 388.0 138.0
vehicle 372.0 134.0 387.0 144.0
vehicle 168.0 291.0 183.0 296.0
vehicle 75.0 581.0 90.0 595.0
