harbor 1.0 399.0 217.0 647.0
harbor 125.0 354.0 292.0 526.0
ship 25.0 753.0 52.0 775.0
ship 252.0 674.0 284.0 701.0
ship 322.0 608.0 345.0 628.0
ship 278.0 695.0 313.0 723.0
ship 264.0 504.0 296.0 521.0
ship 459.0 380.0 482.0 397.0
ship 530.0 354.0 560.0 380.0
ship 484.0 487.0 511.0 509.0
ship 497.0 537.0 531.0 567.0
ship 609.0 464.0 647.0 495.0
ship 615.0 474.0 647.0 500.0
ship 619.0 480.0 653.0 503.0
ship 623.0 488.0 657.0 512.0
ship 628.0 494.0 662.0 517.0
ship 629.0 495.0 671.0 524.0
ship 653.0 517.0 682.0 537.0
ship 671.0 382.0 713.0 418.0
ship 752.0 432.0 790.0 461.0
ship 638.0 274.0 674.0 303.0
ship 580.0 229.0 597.0 240.0
ship 584.0 233.0 599.0 243.0
ship 588.0 239.0 604.0 249.0
