tenniscourt 350.0 401.0 437.0 507.0
tenniscourt 410.0 435.0 497.0 541.0
tenniscourt 470.0 470.0 557.0 576.0
tenniscourt 289.0 513.0 371.0 618.0
tenniscourt 347.0 547.0 433.0 652.0
tenniscourt 406.0 582.0 492.0 687.0
vehicle 502.0 365.0 542.0 394.0
vehicle 551.0 393.0 581.0 417.0
vehicle 741.0 418.0 783.0 450.0
vehicle 650.0 369.0 689.0 399.0
vehicle 541.0 303.0 580.0 336.0
vehicle 122.0 144.0 155.0 171.0
vehicle 555.0 36.0 584.0 61.0
vehicle 475.0 51.0 499.0 83.0
vehicle 437.0 121.0 459.0 151.0
vehicle 712.0 85.0 737.0 114.0
vehicle 36.0 15.0 75.0 45.0
vehicle 28.0 92.0 63.0 119.0
vehicle 691.0 12.0 717.0 46.0
