airplane 1.0 167.0 71.0 206.0
airplane 166.0 365.0 207.0 396.0
airplane 227.0 397.0 269.0 425.0
airplane 378.0 454.0 404.0 484.0
airplane 524.0 497.0 561.0 528.0
airplane 641.0 541.0 685.0 580.0
airplane 693.0 538.0 737.0 584.0
airplane 738.0 557.0 781.0 599.0
airplane 149.0 200.0 171.0 217.0
airplane 83.0 219.0 92.0 226.0
airplane 114.0 202.0 128.0 217.0
airplane 71.0 229.0 83.0 239.0
airplane 62.0 241.0 77.0 253.0
airplane 51.0 254.0 63.0 265.0
airplane 38.0 264.0 52.0 277.0
airplane 191.0 214.0 203.0 227.0
airplane 173.0 236.0 187.0 248.0
airplane 153.0 257.0 168.0 270.0
airplane 129.0 303.0 158.0 325.0
airplane 111.0 324.0 145.0 349.0
airplane 233.0 311.0 248.0 324.0
airplane 248.0 297.0 264.0 311.0
airplane 272.0 263.0 289.0 279.0
airplane 276.0 340.0 303.0 361.0
airplane 255.0 363.0 291.0 388.0
airplane 318.0 401.0 332.0 413.0
airplane 367.0 379.0 385.0 399.0
airplane 310.0 442.0 330.0 461.0
airplane 335.0 449.0 363.0 470.0
airplane 407.0 403.0 426.0 422.0
airplane 466.0 441.0 482.0 452.0
airplane 545.0 471.0 570.0 493.0
airplane 570.0 521.0 609.0 552.0
airplane 574.0 436.0 599.0 455.0
airplane 598.0 417.0 615.0 435.0
airplane 560.0 456.0 574.0 470.0
airplane 634.0 447.0 671.0 478.0
airplane 610.0 455.0 627.0 470.0
airplane 597.0 466.0 613.0 482.0
airplane 624.0 482.0 636.0 495.0
airplane 691.0 498.0 714.0 514.0
airplane 669.0 519.0 691.0 538.0
airplane 733.0 543.0 749.0 559.0
airplane 713.0 495.0 729.0 512.0
airplane 725.0 474.0 751.0 494.0
airplane 755.0 480.0 770.0 495.0
airplane 776.0 506.0 800.0 528.0
