harbor 408.0 365.0 671.0 536.0
ship 688.0 525.0 699.0 558.0
harbor 334.0 568.0 705.0 753.0
ship 697.0 760.0 708.0 794.0
ship 665.0 123.0 689.0 247.0
ship 657.0 215.0 668.0 247.0
ship 663.0 66.0 685.0 108.0
harbor 379.0 156.0 447.0 243.0
harbor 297.0 209.0 365.0 300.0
harbor 222.0 274.0 291.0 356.0
harbor 144.0 341.0 211.0 399.0
harbor 116.0 690.0 225.0 738.0
vehicle 235.0 113.0 246.0 127.0
vehicle 286.0 61.0 294.0 68.0
vehicle 767.0 335.0 777.0 340.0
vehicle 774.0 620.0 781.0 624.0
vehicle 25.0 55.0 34.0 65.0
vehicle 35.0 50.0 52.0 69.0
harbor 114.0 610.0 236.0 665.0
harbor 116.0 522.0 225.0 579.0
harbor 188.0 306.0 238.0 370.0
harbor 330.0 182.0 395.0 271.0
harbor 415.0 128.0 487.0 213.0
harbor 454.0 103.0 519.0 189.0
harbor 487.0 69.0 547.0 163.0
ship 516.0 95.0 546.0 133.0
ship 494.0 101.0 545.0 166.0
ship 481.0 125.0 522.0 176.0
ship 456.0 129.0 505.0 189.0
ship 440.0 142.0 488.0 202.0
ship 422.0 162.0 466.0 215.0
ship 400.0 166.0 450.0 231.0
ship 377.0 183.0 431.0 245.0
ship 339.0 207.0 389.0 271.0
ship 327.0 229.0 362.0 277.0
ship 295.0 230.0 352.0 302.0
ship 245.0 273.0 287.0 327.0
ship 220.0 283.0 274.0 356.0
ship 187.0 318.0 231.0 371.0
ship 174.0 341.0 210.0 384.0
ship 144.0 340.0 191.0 400.0
ship 117.0 527.0 224.0 551.0
ship 126.0 567.0 158.0 580.0
ship 113.0 608.0 237.0 636.0
ship 131.0 644.0 206.0 663.0
ship 118.0 694.0 226.0 721.0
ship 124.0 730.0 151.0 739.0
ship 180.0 729.0 199.0 740.0
ship 407.0 374.0 429.0 456.0
ship 438.0 371.0 459.0 443.0
ship 460.0 370.0 481.0 440.0
ship 420.0 463.0 430.0 485.0
ship 508.0 370.0 528.0 429.0
ship 555.0 372.0 575.0 437.0
ship 577.0 397.0 588.0 421.0
ship 439.0 453.0 462.0 536.0
ship 461.0 449.0 484.0 536.0
ship 485.0 454.0 508.0 537.0
ship 511.0 450.0 531.0 515.0
ship 533.0 449.0 554.0 516.0
ship 528.0 516.0 554.0 527.0
ship 558.0 455.0 577.0 515.0
ship 580.0 456.0 601.0 518.0
ship 603.0 454.0 624.0 518.0
ship 628.0 449.0 648.0 516.0
ship 650.0 452.0 667.0 514.0
ship 680.0 567.0 702.0 651.0
ship 682.0 671.0 704.0 756.0
ship 654.0 592.0 672.0 656.0
ship 657.0 668.0 673.0 707.0
ship 664.0 708.0 673.0 734.0
ship 635.0 607.0 648.0 650.0
ship 638.0 669.0 657.0 733.0
ship 618.0 676.0 633.0 727.0
ship 592.0 602.0 610.0 656.0
ship 594.0 675.0 613.0 734.0
ship 572.0 602.0 589.0 652.0
ship 572.0 675.0 591.0 732.0
ship 553.0 672.0 568.0 724.0
ship 531.0 597.0 546.0 653.0
ship 536.0 676.0 550.0 715.0
ship 510.0 594.0 529.0 657.0
ship 512.0 677.0 533.0 739.0
ship 488.0 594.0 507.0 656.0
ship 491.0 677.0 507.0 734.0
ship 468.0 604.0 484.0 656.0
ship 470.0 680.0 486.0 731.0
ship 445.0 590.0 464.0 663.0
ship 449.0 678.0 466.0 731.0
ship 428.0 610.0 444.0 660.0
ship 429.0 686.0 444.0 743.0
ship 404.0 595.0 423.0 664.0
ship 406.0 680.0 424.0 742.0
ship 385.0 594.0 405.0 658.0
ship 388.0 680.0 405.0 734.0
ship 344.0 602.0 361.0 661.0
ship 368.0 679.0 382.0 727.0
ship 553.0 362.0 575.0 370.0
ship 649.0 368.0 657.0 384.0
