airplane 480.0 718.0 533.0 786.0
airplane 649.0 402.0 699.0 465.0
airplane 719.0 371.0 764.0 420.0
airplane 746.0 218.0 794.0 274.0
airplane 672.0 60.0 725.0 122.0
airplane 451.0 27.0 500.0 87.0
airplane 267.0 160.0 314.0 200.0
airplane 271.0 227.0 318.0 269.0
vehicle 602.0 15.0 616.0 27.0
vehicle 599.0 28.0 613.0 41.0
vehicle 728.0 45.0 734.0 52.0
vehicle 710.0 111.0 715.0 121.0
vehicle 133.0 180.0 141.0 188.0
vehicle 331.0 268.0 341.0 278.0
vehicle 235.0 155.0 240.0 164.0
vehicle 244.0 155.0 249.0 166.0
vehicle 221.0 179.0 230.0 187.0
vehicle 227.0 182.0 233.0 190.0
vehicle 230.0 185.0 236.0 194.0
vehicle 236.0 186.0 240.0 195.0
vehicle 251.0 191.0 257.0 200.0
vehicle 242.0 188.0 248.0 197.0
vehicle 130.0 76.0 142.0 80.0
vehicle 339.0 155.0 349.0 167.0
vehicle 315.0 138.0 320.0 147.0
vehicle 321.0 138.0 325.0 149.0
