vehicle 682.0 281.0 710.0 298.0
vehicle 219.0 329.0 246.0 362.0
vehicle 251.0 425.0 280.0 442.0
vehicle 315.0 364.0 339.0 390.0
vehicle 356.0 274.0 390.0 285.0
vehicle 346.0 282.0 379.0 290.0
vehicle 248.0 432.0 296.0 464.0
vehicle 482.0 439.0 512.0 456.0
vehicle 371.0 475.0 404.0 495.0
vehicle 262.0 529.0 301.0 539.0
vehicle 338.0 549.0 364.0 566.0
vehicle 334.0 602.0 371.0 616.0
vehicle 409.0 564.0 440.0 579.0
vehicle 446.0 542.0 476.0 554.0
vehicle 464.0 536.0 492.0 544.0
vehicle 474.0 526.0 506.0 536.0
vehicle 588.0 619.0 618.0 638.0
vehicle 532.0 648.0 562.0 668.0
vehicle 481.0 676.0 512.0 695.0
vehicle 445.0 700.0 474.0 719.0
Expressway-Service-area 248.0 325.0 730.0 771.0
Expressway-Service-area 60.0 84.0 612.0 524.0
