harbor 11.0 555.0 127.0 659.0
harbor 266.0 540.0 285.0 670.0
harbor 300.0 534.0 315.0 652.0
harbor 303.0 469.0 402.0 675.0
harbor 429.0 406.0 607.0 656.0
harbor 513.0 530.0 770.0 794.0
vehicle 143.0 763.0 154.0 781.0
vehicle 195.0 726.0 210.0 740.0
vehicle 349.0 694.0 365.0 711.0
vehicle 367.0 679.0 378.0 696.0
vehicle 378.0 672.0 390.0 692.0
vehicle 408.0 666.0 418.0 687.0
vehicle 430.0 672.0 444.0 692.0
vehicle 464.0 693.0 478.0 709.0
vehicle 498.0 727.0 513.0 741.0
vehicle 514.0 746.0 531.0 761.0
vehicle 535.0 773.0 555.0 785.0
vehicle 536.0 786.0 557.0 798.0
vehicle 542.0 792.0 565.0 800.0
ship 214.0 527.0 274.0 573.0
ship 185.0 543.0 207.0 599.0
ship 145.0 592.0 164.0 644.0
ship 177.0 608.0 190.0 640.0
ship 68.0 555.0 126.0 577.0
ship 86.0 589.0 112.0 646.0
ship 12.0 583.0 72.0 606.0
ship 33.0 605.0 75.0 625.0
ship 22.0 625.0 81.0 653.0
ship 304.0 483.0 347.0 498.0
ship 342.0 494.0 380.0 509.0
ship 342.0 513.0 380.0 528.0
ship 342.0 534.0 373.0 548.0
ship 343.0 551.0 392.0 570.0
ship 346.0 574.0 387.0 589.0
ship 318.0 583.0 340.0 635.0
ship 312.0 506.0 332.0 569.0
ship 346.0 591.0 365.0 641.0
ship 353.0 640.0 398.0 663.0
ship 404.0 607.0 449.0 638.0
ship 418.0 593.0 457.0 622.0
ship 427.0 575.0 466.0 604.0
ship 432.0 558.0 476.0 593.0
ship 443.0 537.0 487.0 572.0
ship 445.0 517.0 489.0 552.0
ship 453.0 500.0 497.0 535.0
ship 467.0 480.0 518.0 521.0
ship 469.0 436.0 536.0 486.0
ship 477.0 404.0 544.0 454.0
ship 551.0 444.0 610.0 472.0
ship 552.0 473.0 593.0 491.0
ship 525.0 512.0 566.0 530.0
ship 517.0 533.0 565.0 555.0
ship 502.0 551.0 545.0 572.0
ship 497.0 568.0 534.0 588.0
ship 489.0 587.0 525.0 602.0
ship 476.0 594.0 528.0 629.0
ship 467.0 619.0 502.0 631.0
ship 671.0 527.0 726.0 573.0
ship 727.0 570.0 779.0 620.0
ship 710.0 598.0 760.0 641.0
ship 642.0 568.0 691.0 607.0
ship 638.0 589.0 674.0 625.0
ship 605.0 616.0 641.0 652.0
ship 669.0 642.0 709.0 677.0
ship 589.0 631.0 629.0 673.0
ship 574.0 643.0 616.0 691.0
ship 656.0 655.0 696.0 696.0
ship 633.0 666.0 685.0 717.0
ship 620.0 690.0 659.0 725.0
ship 608.0 700.0 654.0 747.0
ship 593.0 718.0 623.0 751.0
ship 577.0 731.0 623.0 782.0
ship 564.0 753.0 601.0 794.0
ship 512.0 694.0 554.0 742.0
ship 534.0 689.0 576.0 729.0
ship 556.0 681.0 587.0 715.0
ship 22.0 683.0 37.0 713.0
ship 202.0 719.0 235.0 754.0
