harbor 71.0 268.0 195.0 660.0
harbor 603.0 1.0 623.0 195.0
harbor 240.0 283.0 364.0 683.0
harbor 412.0 278.0 547.0 692.0
ship 432.0 664.0 526.0 688.0
ship 74.0 639.0 124.0 653.0
ship 422.0 498.0 473.0 513.0
ship 487.0 502.0 537.0 515.0
ship 487.0 640.0 534.0 653.0
ship 421.0 638.0 472.0 654.0
ship 486.0 557.0 541.0 572.0
ship 488.0 533.0 538.0 546.0
ship 416.0 542.0 471.0 559.0
ship 422.0 556.0 516.0 580.0
ship 483.0 609.0 531.0 627.0
ship 427.0 616.0 471.0 629.0
ship 423.0 592.0 471.0 606.0
ship 485.0 585.0 528.0 600.0
ship 426.0 357.0 472.0 373.0
ship 417.0 382.0 474.0 398.0
ship 490.0 393.0 542.0 409.0
ship 427.0 453.0 476.0 466.0
ship 429.0 405.0 472.0 420.0
ship 433.0 475.0 474.0 487.0
ship 488.0 448.0 543.0 463.0
ship 486.0 422.0 546.0 438.0
ship 430.0 428.0 471.0 441.0
ship 492.0 342.0 539.0 361.0
ship 426.0 335.0 474.0 350.0
ship 487.0 319.0 535.0 334.0
ship 424.0 313.0 475.0 328.0
ship 413.0 289.0 470.0 306.0
ship 393.0 256.0 421.0 278.0
ship 469.0 267.0 497.0 278.0
ship 307.0 329.0 355.0 346.0
ship 246.0 259.0 265.0 266.0
ship 202.0 263.0 244.0 276.0
ship 356.0 266.0 385.0 279.0
ship 304.0 260.0 335.0 278.0
ship 308.0 411.0 348.0 425.0
ship 257.0 411.0 292.0 423.0
ship 261.0 391.0 292.0 401.0
ship 314.0 392.0 343.0 402.0
ship 311.0 370.0 346.0 381.0
ship 246.0 369.0 297.0 384.0
ship 312.0 347.0 353.0 361.0
ship 246.0 345.0 296.0 361.0
ship 314.0 290.0 361.0 315.0
ship 307.0 513.0 354.0 529.0
ship 252.0 493.0 293.0 505.0
ship 308.0 494.0 348.0 508.0
ship 259.0 474.0 292.0 485.0
ship 309.0 472.0 346.0 485.0
ship 259.0 452.0 299.0 466.0
ship 315.0 452.0 346.0 463.0
ship 310.0 433.0 350.0 447.0
ship 258.0 431.0 298.0 445.0
ship 257.0 602.0 288.0 613.0
ship 307.0 579.0 349.0 592.0
ship 253.0 578.0 289.0 592.0
ship 258.0 559.0 289.0 570.0
ship 308.0 558.0 346.0 569.0
ship 259.0 537.0 292.0 549.0
ship 308.0 536.0 352.0 550.0
ship 262.0 518.0 293.0 529.0
ship 305.0 620.0 340.0 632.0
ship 304.0 639.0 348.0 653.0
ship 305.0 597.0 354.0 612.0
ship 244.0 639.0 290.0 653.0
ship 244.0 621.0 284.0 634.0
ship 276.0 664.0 326.0 678.0
ship 82.0 537.0 132.0 551.0
ship 85.0 555.0 124.0 569.0
ship 75.0 620.0 125.0 634.0
ship 141.0 578.0 191.0 592.0
ship 148.0 556.0 195.0 569.0
ship 141.0 620.0 191.0 634.0
ship 73.0 577.0 124.0 593.0
ship 141.0 599.0 191.0 613.0
ship 77.0 597.0 127.0 611.0
ship 140.0 640.0 190.0 654.0
ship 147.0 452.0 176.0 461.0
ship 90.0 430.0 140.0 444.0
ship 144.0 493.0 179.0 507.0
ship 84.0 453.0 134.0 467.0
ship 90.0 515.0 130.0 528.0
ship 89.0 494.0 130.0 508.0
ship 142.0 536.0 189.0 553.0
ship 144.0 511.0 189.0 529.0
ship 85.0 473.0 126.0 487.0
ship 145.0 474.0 178.0 484.0
ship 146.0 386.0 183.0 403.0
ship 150.0 410.0 177.0 420.0
ship 88.0 391.0 129.0 402.0
ship 90.0 410.0 128.0 421.0
ship 144.0 432.0 179.0 444.0
ship 101.0 329.0 129.0 338.0
ship 147.0 369.0 178.0 380.0
ship 100.0 371.0 129.0 382.0
ship 98.0 351.0 126.0 361.0
ship 150.0 329.0 185.0 342.0
ship 147.0 352.0 178.0 361.0
ship 92.0 291.0 129.0 304.0
ship 99.0 310.0 130.0 320.0
ship 147.0 269.0 177.0 278.0
