harbor 509.0 327.0 692.0 572.0
harbor 309.0 365.0 463.0 596.0
harbor 159.0 394.0 285.0 612.0
harbor 59.0 400.0 141.0 622.0
vehicle 691.0 21.0 711.0 33.0
vehicle 728.0 53.0 737.0 79.0
vehicle 757.0 40.0 769.0 68.0
vehicle 671.0 54.0 697.0 76.0
vehicle 392.0 74.0 405.0 104.0
vehicle 363.0 78.0 377.0 110.0
vehicle 320.0 92.0 334.0 117.0
vehicle 293.0 103.0 303.0 122.0
vehicle 236.0 109.0 249.0 131.0
vehicle 206.0 115.0 217.0 139.0
vehicle 259.0 31.0 272.0 58.0
vehicle 63.0 119.0 73.0 142.0
vehicle 17.0 139.0 32.0 158.0
vehicle 180.0 46.0 192.0 68.0
vehicle 98.0 39.0 108.0 63.0
vehicle 57.0 42.0 69.0 66.0
ship 81.0 486.0 117.0 501.0
ship 172.0 419.0 207.0 437.0
ship 225.0 479.0 274.0 493.0
ship 400.0 495.0 444.0 511.0
ship 406.0 552.0 454.0 569.0
ship 337.0 563.0 394.0 588.0
ship 599.0 420.0 638.0 435.0
ship 606.0 459.0 651.0 477.0
ship 609.0 484.0 660.0 499.0
