airplane 409.0 770.0 433.0 794.0
airplane 444.0 777.0 469.0 797.0
airplane 478.0 707.0 506.0 731.0
airplane 713.0 709.0 731.0 727.0
airplane 497.0 625.0 517.0 646.0
airplane 520.0 627.0 537.0 648.0
airplane 538.0 627.0 556.0 646.0
airplane 560.0 595.0 581.0 613.0
airplane 563.0 559.0 582.0 572.0
airplane 554.0 542.0 573.0 557.0
airplane 544.0 532.0 558.0 546.0
airplane 512.0 520.0 527.0 536.0
airplane 492.0 519.0 507.0 539.0
airplane 606.0 673.0 629.0 691.0
airplane 614.0 657.0 633.0 672.0
airplane 632.0 640.0 652.0 655.0
airplane 641.0 622.0 659.0 636.0
airplane 647.0 601.0 670.0 618.0
airplane 636.0 582.0 653.0 598.0
airplane 641.0 539.0 657.0 557.0
airplane 452.0 423.0 469.0 438.0
airplane 559.0 393.0 582.0 410.0
airplane 464.0 274.0 489.0 300.0
airplane 373.0 174.0 395.0 198.0
airplane 260.0 90.0 309.0 129.0
airplane 225.0 82.0 264.0 127.0
airplane 177.0 142.0 205.0 172.0
airplane 32.0 116.0 73.0 151.0
airplane 123.0 66.0 155.0 93.0
airplane 29.0 13.0 70.0 57.0
airplane 77.0 1.0 118.0 45.0
overpass 46.0 603.0 90.0 619.0
bridge 58.0 720.0 84.0 746.0
bridge 66.0 728.0 90.0 753.0
vehicle 460.0 679.0 464.0 689.0
vehicle 484.0 686.0 493.0 692.0
vehicle 640.0 505.0 648.0 514.0
vehicle 412.0 407.0 419.0 417.0
overpass 178.0 613.0 222.0 630.0
