ship 1.0 598.0 24.0 642.0
harbor 658.0 127.0 751.0 362.0
harbor 489.0 185.0 589.0 394.0
harbor 367.0 259.0 457.0 448.0
harbor 272.0 261.0 355.0 450.0
harbor 211.0 234.0 257.0 440.0
harbor 123.0 204.0 210.0 460.0
harbor 1.0 192.0 126.0 476.0
ship 13.0 257.0 55.0 349.0
ship 52.0 353.0 87.0 430.0
ship 68.0 285.0 113.0 368.0
ship 157.0 272.0 197.0 352.0
ship 135.0 348.0 176.0 457.0
ship 180.0 381.0 211.0 426.0
ship 214.0 301.0 232.0 337.0
ship 215.0 366.0 242.0 438.0
ship 272.0 347.0 312.0 425.0
ship 328.0 320.0 354.0 409.0
ship 365.0 359.0 394.0 447.0
ship 488.0 289.0 511.0 368.0
ship 562.0 301.0 589.0 394.0
ship 657.0 274.0 691.0 357.0
ship 693.0 292.0 733.0 364.0
