airplane 1.0 322.0 57.0 388.0
airplane 96.0 263.0 158.0 327.0
airplane 194.0 273.0 235.0 318.0
airplane 226.0 283.0 267.0 325.0
airplane 271.0 271.0 329.0 335.0
airplane 95.0 111.0 124.0 133.0
airplane 189.0 101.0 238.0 160.0
airplane 226.0 113.0 271.0 179.0
airplane 255.0 100.0 295.0 145.0
airplane 298.0 101.0 340.0 144.0
airplane 450.0 131.0 509.0 196.0
airplane 431.0 114.0 460.0 148.0
airplane 500.0 106.0 541.0 149.0
airplane 724.0 267.0 756.0 303.0
airplane 648.0 367.0 685.0 401.0
airplane 687.0 358.0 727.0 404.0
airplane 728.0 361.0 765.0 395.0
airplane 765.0 361.0 796.0 393.0
airplane 782.0 288.0 798.0 305.0
vehicle 69.0 244.0 91.0 251.0
vehicle 68.0 231.0 90.0 237.0
vehicle 68.0 216.0 90.0 222.0
vehicle 60.0 176.0 75.0 182.0
vehicle 86.0 130.0 94.0 152.0
vehicle 151.0 581.0 165.0 587.0
