tenniscourt 158.0 195.0 223.0 331.0
tenniscourt 241.0 196.0 306.0 332.0
tenniscourt 323.0 196.0 388.0 332.0
tenniscourt 405.0 197.0 470.0 333.0
tenniscourt 490.0 197.0 555.0 333.0
tenniscourt 574.0 198.0 639.0 334.0
tenniscourt 113.0 418.0 178.0 555.0
tenniscourt 195.0 419.0 260.0 556.0
tenniscourt 277.0 420.0 342.0 557.0
tenniscourt 361.0 420.0 426.0 557.0
vehicle 256.0 706.0 284.0 719.0
vehicle 613.0 751.0 641.0 763.0
vehicle 690.0 656.0 704.0 684.0
vehicle 767.0 270.0 793.0 279.0
vehicle 548.0 74.0 575.0 99.0
vehicle 627.0 3.0 653.0 27.0
vehicle 751.0 446.0 768.0 473.0
vehicle 719.0 57.0 743.0 68.0
