airplane 466.0 103.0 488.0 135.0
airplane 466.0 139.0 491.0 167.0
airplane 339.0 176.0 363.0 199.0
airplane 306.0 195.0 331.0 221.0
airplane 279.0 228.0 306.0 260.0
airplane 277.0 270.0 299.0 298.0
airplane 266.0 352.0 287.0 384.0
airplane 424.0 179.0 461.0 215.0
airplane 402.0 228.0 443.0 266.0
airplane 567.0 130.0 591.0 155.0
airplane 569.0 299.0 590.0 332.0
airplane 572.0 412.0 605.0 438.0
airplane 263.0 395.0 300.0 432.0
airplane 111.0 424.0 145.0 454.0
airplane 151.0 426.0 187.0 455.0
airplane 194.0 424.0 227.0 453.0
airplane 233.0 425.0 268.0 453.0
airplane 95.0 470.0 122.0 505.0
airplane 144.0 490.0 177.0 520.0
airplane 93.0 516.0 121.0 550.0
airplane 222.0 522.0 250.0 556.0
airplane 577.0 455.0 597.0 484.0
airplane 575.0 491.0 607.0 518.0
vehicle 479.0 292.0 495.0 298.0
vehicle 483.0 300.0 495.0 305.0
vehicle 480.0 307.0 497.0 313.0
vehicle 482.0 315.0 495.0 320.0
vehicle 482.0 323.0 496.0 328.0
vehicle 480.0 345.0 495.0 351.0
vehicle 482.0 394.0 497.0 399.0
vehicle 482.0 409.0 497.0 415.0
vehicle 481.0 417.0 496.0 423.0
vehicle 478.0 510.0 495.0 517.0
vehicle 478.0 550.0 496.0 557.0
vehicle 481.0 542.0 494.0 547.0
vehicle 584.0 536.0 591.0 549.0
vehicle 600.0 534.0 605.0 548.0
vehicle 584.0 573.0 589.0 587.0
vehicle 594.0 572.0 599.0 585.0
vehicle 601.0 572.0 607.0 586.0
vehicle 607.0 573.0 614.0 586.0
vehicle 616.0 573.0 622.0 587.0
vehicle 660.0 536.0 665.0 545.0
vehicle 694.0 536.0 699.0 550.0
vehicle 703.0 536.0 708.0 549.0
vehicle 710.0 535.0 717.0 548.0
vehicle 734.0 537.0 740.0 549.0
vehicle 742.0 537.0 748.0 550.0
vehicle 751.0 537.0 757.0 549.0
vehicle 779.0 519.0 785.0 532.0
vehicle 710.0 463.0 715.0 479.0
vehicle 704.0 483.0 709.0 493.0
vehicle 718.0 478.0 724.0 489.0
vehicle 718.0 461.0 723.0 474.0
vehicle 726.0 460.0 733.0 477.0
vehicle 29.0 610.0 35.0 620.0
vehicle 35.0 610.0 41.0 621.0
vehicle 43.0 610.0 48.0 623.0
vehicle 57.0 611.0 63.0 623.0
vehicle 66.0 611.0 73.0 625.0
vehicle 73.0 611.0 80.0 622.0
vehicle 82.0 611.0 86.0 623.0
vehicle 89.0 611.0 94.0 625.0
vehicle 96.0 610.0 101.0 623.0
vehicle 9.0 631.0 23.0 637.0
vehicle 8.0 653.0 21.0 659.0
vehicle 10.0 670.0 21.0 675.0
vehicle 12.0 685.0 23.0 690.0
vehicle 8.0 705.0 20.0 711.0
vehicle 7.0 714.0 21.0 720.0
vehicle 70.0 657.0 85.0 663.0
vehicle 70.0 665.0 82.0 671.0
vehicle 68.0 681.0 83.0 687.0
vehicle 68.0 690.0 82.0 695.0
vehicle 105.0 632.0 116.0 636.0
vehicle 103.0 639.0 117.0 644.0
vehicle 105.0 647.0 118.0 652.0
vehicle 106.0 655.0 117.0 659.0
vehicle 106.0 662.0 119.0 667.0
vehicle 106.0 670.0 120.0 675.0
vehicle 105.0 678.0 118.0 683.0
vehicle 54.0 727.0 59.0 739.0
vehicle 69.0 726.0 74.0 740.0
vehicle 85.0 728.0 90.0 740.0
vehicle 100.0 728.0 106.0 740.0
vehicle 115.0 729.0 121.0 741.0
vehicle 126.0 689.0 132.0 701.0
