vehicle 429.0 73.0 442.0 97.0
vehicle 453.0 83.0 464.0 100.0
vehicle 475.0 84.0 487.0 105.0
vehicle 411.0 107.0 425.0 127.0
vehicle 434.0 108.0 447.0 131.0
vehicle 31.0 34.0 48.0 43.0
vehicle 24.0 45.0 45.0 55.0
vehicle 20.0 53.0 44.0 66.0
vehicle 22.0 67.0 42.0 78.0
vehicle 16.0 86.0 37.0 99.0
vehicle 13.0 99.0 33.0 111.0
tenniscourt 263.0 260.0 329.0 368.0
tenniscourt 337.0 275.0 406.0 384.0
tenniscourt 414.0 291.0 481.0 401.0
tenniscourt 498.0 308.0 565.0 417.0
tenniscourt 649.0 340.0 718.0 450.0
tenniscourt 608.0 536.0 677.0 644.0
tenniscourt 533.0 522.0 600.0 631.0
tenniscourt 456.0 505.0 525.0 614.0
tenniscourt 374.0 488.0 441.0 598.0
tenniscourt 296.0 472.0 365.0 582.0
tenniscourt 221.0 456.0 289.0 566.0
