storagetank 472.0 216.0 567.0 306.0
storagetank 265.0 303.0 360.0 393.0
storagetank 181.0 369.0 270.0 451.0
storagetank 378.0 301.0 489.0 408.0
storagetank 326.0 428.0 428.0 524.0
storagetank 409.0 520.0 483.0 585.0
storagetank 554.0 337.0 619.0 397.0
storagetank 456.0 410.0 568.0 517.0
storagetank 593.0 393.0 656.0 452.0
storagetank 521.0 308.0 567.0 349.0
storagetank 620.0 327.0 662.0 365.0
storagetank 649.0 370.0 688.0 404.0
vehicle 123.0 545.0 137.0 561.0
vehicle 690.0 580.0 696.0 586.0
vehicle 701.0 594.0 709.0 602.0
vehicle 712.0 609.0 723.0 620.0
vehicle 506.0 685.0 515.0 696.0
vehicle 524.0 688.0 534.0 699.0
vehicle 601.0 754.0 610.0 763.0
vehicle 62.0 423.0 73.0 432.0
vehicle 344.0 280.0 361.0 296.0
vehicle 354.0 288.0 370.0 302.0
vehicle 396.0 184.0 404.0 191.0
vehicle 413.0 188.0 421.0 197.0
vehicle 434.0 170.0 443.0 180.0
vehicle 439.0 166.0 449.0 176.0
vehicle 609.0 550.0 618.0 559.0
ship 575.0 128.0 728.0 315.0
ship 730.0 215.0 799.0 290.0
