harbor 35.0 337.0 143.0 704.0
harbor 352.0 300.0 518.0 630.0
harbor 597.0 263.0 680.0 634.0
harbor 357.0 636.0 681.0 716.0
ship 367.0 338.0 432.0 363.0
ship 463.0 316.0 520.0 334.0
ship 362.0 420.0 425.0 442.0
ship 360.0 449.0 428.0 472.0
ship 363.0 484.0 423.0 503.0
ship 458.0 451.0 513.0 472.0
ship 460.0 504.0 513.0 522.0
ship 354.0 611.0 413.0 629.0
ship 461.0 558.0 516.0 576.0
ship 458.0 583.0 513.0 601.0
ship 618.0 391.0 679.0 411.0
ship 624.0 416.0 681.0 438.0
ship 649.0 528.0 683.0 542.0
ship 617.0 572.0 661.0 588.0
ship 616.0 595.0 660.0 611.0
ship 622.0 613.0 663.0 632.0
ship 370.0 657.0 392.0 714.0
ship 399.0 655.0 421.0 712.0
ship 430.0 657.0 448.0 711.0
ship 481.0 664.0 499.0 718.0
ship 502.0 668.0 523.0 716.0
ship 528.0 663.0 550.0 717.0
ship 554.0 661.0 571.0 717.0
ship 579.0 675.0 595.0 713.0
ship 628.0 674.0 644.0 712.0
ship 650.0 499.0 682.0 516.0
