harbor 500.0 344.0 779.0 778.0
harbor 317.0 283.0 575.0 693.0
harbor 102.0 201.0 388.0 634.0
harbor 101.0 724.0 141.0 778.0
ship 117.0 723.0 142.0 767.0
ship 106.0 565.0 170.0 593.0
ship 123.0 540.0 186.0 573.0
ship 132.0 517.0 195.0 548.0
ship 143.0 492.0 201.0 520.0
ship 160.0 471.0 211.0 496.0
ship 177.0 597.0 232.0 630.0
ship 193.0 578.0 235.0 601.0
ship 204.0 559.0 243.0 580.0
ship 211.0 540.0 256.0 564.0
ship 224.0 523.0 258.0 541.0
ship 229.0 501.0 276.0 525.0
ship 238.0 480.0 281.0 505.0
ship 184.0 455.0 230.0 479.0
ship 187.0 430.0 234.0 454.0
ship 192.0 408.0 247.0 434.0
ship 200.0 386.0 256.0 413.0
ship 213.0 366.0 264.0 392.0
ship 253.0 464.0 289.0 484.0
ship 256.0 444.0 297.0 467.0
ship 262.0 425.0 307.0 445.0
ship 280.0 386.0 322.0 407.0
ship 288.0 366.0 330.0 388.0
ship 224.0 344.0 271.0 369.0
ship 235.0 325.0 282.0 350.0
ship 261.0 317.0 289.0 333.0
ship 259.0 292.0 301.0 312.0
ship 264.0 271.0 309.0 294.0
ship 272.0 254.0 315.0 275.0
ship 287.0 236.0 325.0 256.0
ship 292.0 214.0 332.0 236.0
ship 357.0 232.0 389.0 253.0
ship 340.0 250.0 380.0 273.0
ship 331.0 271.0 369.0 290.0
ship 321.0 288.0 362.0 311.0
ship 318.0 308.0 355.0 328.0
ship 307.0 327.0 346.0 349.0
ship 296.0 346.0 339.0 369.0
ship 463.0 302.0 504.0 323.0
ship 457.0 322.0 497.0 341.0
ship 448.0 342.0 486.0 363.0
ship 439.0 359.0 483.0 383.0
ship 429.0 379.0 471.0 400.0
ship 422.0 398.0 465.0 421.0
ship 415.0 417.0 455.0 440.0
ship 406.0 438.0 448.0 460.0
ship 398.0 456.0 439.0 480.0
ship 388.0 475.0 432.0 499.0
ship 523.0 314.0 576.0 344.0
ship 515.0 340.0 562.0 364.0
ship 506.0 359.0 554.0 383.0
ship 498.0 380.0 543.0 403.0
ship 484.0 399.0 534.0 425.0
ship 476.0 422.0 525.0 447.0
ship 466.0 439.0 515.0 468.0
ship 459.0 462.0 508.0 489.0
ship 451.0 486.0 500.0 512.0
ship 441.0 505.0 488.0 531.0
ship 646.0 393.0 692.0 421.0
ship 641.0 412.0 679.0 436.0
ship 720.0 393.0 772.0 423.0
ship 706.0 420.0 760.0 451.0
ship 698.0 441.0 749.0 474.0
ship 616.0 454.0 665.0 481.0
ship 607.0 476.0 658.0 503.0
ship 678.0 489.0 729.0 517.0
ship 599.0 497.0 648.0 523.0
ship 666.0 510.0 722.0 539.0
ship 590.0 518.0 634.0 544.0
ship 659.0 535.0 712.0 565.0
ship 651.0 559.0 701.0 585.0
ship 581.0 539.0 629.0 568.0
ship 572.0 561.0 620.0 588.0
ship 636.0 579.0 693.0 612.0
ship 568.0 584.0 612.0 610.0
ship 626.0 602.0 677.0 630.0
ship 612.0 646.0 653.0 674.0
ship 619.0 626.0 667.0 651.0
ship 553.0 604.0 601.0 631.0
ship 544.0 625.0 590.0 649.0
ship 534.0 648.0 584.0 671.0
ship 525.0 669.0 573.0 693.0
ship 433.0 526.0 479.0 555.0
ship 422.0 547.0 471.0 576.0
ship 418.0 574.0 465.0 597.0
ship 402.0 591.0 452.0 620.0
ship 394.0 614.0 446.0 639.0
ship 386.0 634.0 434.0 662.0
ship 320.0 657.0 379.0 694.0
ship 379.0 657.0 428.0 683.0
ship 319.0 630.0 362.0 653.0
ship 334.0 612.0 371.0 634.0
ship 342.0 593.0 382.0 616.0
ship 345.0 571.0 388.0 596.0
ship 353.0 553.0 397.0 577.0
ship 519.0 690.0 565.0 715.0
ship 510.0 713.0 554.0 736.0
ship 587.0 693.0 643.0 721.0
ship 577.0 715.0 629.0 744.0
ship 574.0 739.0 623.0 769.0
ship 502.0 736.0 589.0 777.0
ship 361.0 534.0 406.0 557.0
ship 373.0 514.0 409.0 533.0
ship 383.0 495.0 423.0 518.0
