tenniscourt 190.0 58.0 244.0 173.0
tenniscourt 261.0 58.0 315.0 174.0
tenniscourt 189.0 235.0 242.0 351.0
tenniscourt 257.0 236.0 311.0 351.0
tenniscourt 186.0 426.0 239.0 541.0
tenniscourt 254.0 426.0 309.0 542.0
tenniscourt 183.0 603.0 237.0 717.0
tenniscourt 252.0 603.0 306.0 718.0
vehicle 395.0 383.0 405.0 412.0
vehicle 418.0 434.0 435.0 465.0
vehicle 479.0 405.0 499.0 411.0
vehicle 528.0 472.0 551.0 502.0
vehicle 674.0 501.0 695.0 532.0
vehicle 422.0 529.0 455.0 541.0
vehicle 458.0 621.0 471.0 652.0
vehicle 676.0 572.0 686.0 597.0
vehicle 60.0 719.0 70.0 740.0
vehicle 103.0 729.0 114.0 751.0
vehicle 127.0 718.0 136.0 741.0
vehicle 139.0 723.0 149.0 745.0
vehicle 117.0 727.0 124.0 742.0
vehicle 25.0 779.0 47.0 789.0
vehicle 89.0 778.0 111.0 789.0
vehicle 292.0 770.0 316.0 781.0
vehicle 179.0 776.0 203.0 786.0
vehicle 224.0 791.0 246.0 800.0
