ship 76.0 35.0 86.0 69.0
harbor 216.0 200.0 716.0 331.0
harbor 265.0 362.0 653.0 536.0
harbor 589.0 324.0 691.0 358.0
ship 215.0 254.0 241.0 331.0
ship 346.0 254.0 370.0 307.0
ship 370.0 253.0 393.0 305.0
ship 421.0 202.0 437.0 239.0
ship 472.0 193.0 489.0 236.0
ship 516.0 204.0 532.0 245.0
ship 565.0 206.0 578.0 241.0
ship 490.0 256.0 505.0 295.0
ship 516.0 255.0 530.0 292.0
ship 536.0 255.0 554.0 305.0
ship 264.0 377.0 340.0 401.0
ship 279.0 404.0 336.0 423.0
ship 355.0 375.0 371.0 416.0
ship 283.0 452.0 341.0 474.0
ship 373.0 384.0 389.0 419.0
ship 394.0 370.0 408.0 409.0
ship 412.0 369.0 428.0 410.0
ship 433.0 366.0 447.0 410.0
ship 471.0 363.0 487.0 402.0
ship 446.0 418.0 480.0 434.0
ship 536.0 363.0 552.0 401.0
ship 411.0 461.0 448.0 477.0
ship 418.0 480.0 452.0 497.0
ship 422.0 499.0 451.0 512.0
ship 423.0 518.0 454.0 532.0
ship 572.0 416.0 595.0 426.0
ship 610.0 391.0 626.0 401.0
