tenniscourt 104.0 40.0 140.0 99.0
vehicle 136.0 105.0 143.0 116.0
vehicle 73.0 454.0 86.0 459.0
vehicle 71.0 465.0 83.0 471.0
vehicle 252.0 421.0 267.0 428.0
vehicle 225.0 406.0 239.0 413.0
vehicle 269.0 392.0 277.0 403.0
vehicle 195.0 464.0 203.0 476.0
vehicle 19.0 509.0 25.0 523.0
vehicle 14.0 284.0 21.0 297.0
vehicle 585.0 398.0 595.0 408.0
vehicle 527.0 471.0 542.0 482.0
vehicle 361.0 749.0 377.0 756.0
vehicle 278.0 708.0 291.0 718.0
vehicle 447.0 575.0 461.0 585.0
vehicle 326.0 557.0 336.0 569.0
vehicle 550.0 708.0 561.0 717.0
vehicle 623.0 703.0 634.0 708.0
vehicle 608.0 682.0 613.0 694.0
vehicle 633.0 435.0 645.0 441.0
vehicle 638.0 441.0 648.0 447.0
vehicle 643.0 445.0 653.0 451.0
vehicle 651.0 452.0 665.0 460.0
vehicle 655.0 458.0 667.0 464.0
vehicle 661.0 461.0 672.0 470.0
vehicle 666.0 466.0 676.0 473.0
vehicle 670.0 470.0 681.0 478.0
vehicle 627.0 466.0 638.0 474.0
vehicle 623.0 479.0 632.0 488.0
vehicle 667.0 176.0 682.0 182.0
vehicle 794.0 240.0 800.0 253.0
