vehicle 571.0 191.0 585.0 214.0
vehicle 548.0 235.0 572.0 245.0
vehicle 563.0 277.0 580.0 290.0
vehicle 583.0 300.0 603.0 311.0
vehicle 592.0 257.0 609.0 272.0
vehicle 558.0 270.0 574.0 280.0
vehicle 630.0 251.0 647.0 262.0
vehicle 611.0 272.0 627.0 289.0
vehicle 633.0 295.0 648.0 313.0
vehicle 645.0 269.0 666.0 281.0
vehicle 656.0 278.0 675.0 289.0
vehicle 663.0 289.0 683.0 299.0
vehicle 674.0 300.0 692.0 310.0
vehicle 683.0 308.0 701.0 317.0
vehicle 688.0 318.0 705.0 329.0
vehicle 669.0 332.0 686.0 352.0
vehicle 675.0 405.0 694.0 418.0
vehicle 733.0 490.0 750.0 510.0
vehicle 734.0 517.0 748.0 531.0
vehicle 734.0 505.0 747.0 522.0
vehicle 704.0 329.0 720.0 340.0
vehicle 714.0 341.0 730.0 350.0
vehicle 720.0 354.0 739.0 363.0
vehicle 733.0 362.0 748.0 371.0
vehicle 738.0 377.0 749.0 386.0
vehicle 768.0 472.0 785.0 490.0
vehicle 768.0 458.0 783.0 474.0
vehicle 760.0 441.0 779.0 458.0
vehicle 752.0 414.0 773.0 429.0
tenniscourt 446.0 464.0 493.0 558.0
tenniscourt 529.0 463.0 575.0 561.0
