harbor 551.0 1.0 619.0 14.0
harbor 68.0 1.0 692.0 195.0
harbor 284.0 210.0 765.0 380.0
harbor 366.0 376.0 800.0 651.0
ship 86.0 3.0 100.0 38.0
ship 102.0 8.0 116.0 43.0
ship 159.0 18.0 173.0 53.0
ship 178.0 17.0 195.0 60.0
ship 214.0 23.0 234.0 67.0
ship 235.0 31.0 251.0 69.0
ship 256.0 37.0 270.0 68.0
ship 275.0 37.0 290.0 70.0
ship 294.0 41.0 309.0 74.0
ship 313.0 41.0 329.0 80.0
ship 350.0 47.0 367.0 90.0
ship 506.0 73.0 523.0 116.0
ship 602.0 90.0 619.0 133.0
ship 169.0 73.0 185.0 113.0
ship 359.0 105.0 375.0 145.0
ship 265.0 88.0 281.0 128.0
ship 513.0 130.0 529.0 170.0
ship 419.0 115.0 435.0 155.0
ship 437.0 122.0 453.0 162.0
ship 457.0 123.0 473.0 163.0
ship 552.0 140.0 568.0 180.0
ship 510.0 248.0 526.0 288.0
ship 452.0 239.0 468.0 279.0
ship 337.0 219.0 353.0 259.0
ship 316.0 213.0 334.0 255.0
ship 497.0 300.0 517.0 343.0
ship 616.0 319.0 634.0 361.0
ship 460.0 293.0 476.0 339.0
ship 429.0 427.0 458.0 469.0
ship 525.0 465.0 552.0 512.0
ship 481.0 438.0 503.0 486.0
ship 456.0 422.0 484.0 480.0
ship 644.0 268.0 663.0 308.0
ship 629.0 149.0 647.0 191.0
ship 592.0 145.0 610.0 187.0
ship 384.0 279.0 402.0 321.0
ship 557.0 310.0 573.0 351.0
ship 662.0 271.0 680.0 313.0
ship 649.0 153.0 666.0 194.0
ship 301.0 96.0 318.0 137.0
ship 425.0 61.0 442.0 102.0
ship 472.0 241.0 489.0 282.0
ship 424.0 286.0 439.0 327.0
ship 402.0 287.0 419.0 322.0
ship 441.0 291.0 458.0 332.0
ship 537.0 307.0 553.0 343.0
ship 577.0 316.0 596.0 355.0
ship 684.0 278.0 699.0 314.0
ship 654.0 327.0 671.0 368.0
ship 595.0 321.0 612.0 362.0
ship 549.0 254.0 563.0 292.0
ship 242.0 84.0 259.0 125.0
ship 283.0 91.0 298.0 127.0
ship 225.0 85.0 240.0 121.0
ship 389.0 55.0 404.0 91.0
ship 408.0 60.0 423.0 96.0
ship 445.0 66.0 460.0 102.0
ship 487.0 72.0 502.0 108.0
ship 467.0 70.0 482.0 106.0
ship 675.0 111.0 690.0 147.0
ship 641.0 106.0 656.0 142.0
ship 610.0 153.0 625.0 189.0
ship 626.0 271.0 640.0 308.0
ship 570.0 148.0 584.0 185.0
ship 658.0 100.0 672.0 137.0
ship 496.0 131.0 510.0 168.0
ship 605.0 265.0 619.0 302.0
ship 675.0 331.0 689.0 368.0
ship 738.0 292.0 764.0 363.0
ship 633.0 323.0 650.0 364.0
ship 481.0 299.0 496.0 336.0
ship 487.0 243.0 504.0 284.0
ship 571.0 254.0 596.0 300.0
ship 398.0 114.0 414.0 154.0
ship 338.0 99.0 355.0 143.0
ship 695.0 341.0 704.0 363.0
ship 619.0 503.0 663.0 576.0
ship 731.0 541.0 767.0 612.0
ship 372.0 378.0 400.0 398.0
ship 571.0 464.0 585.0 491.0
ship 589.0 467.0 601.0 494.0
ship 599.0 476.0 614.0 501.0
ship 588.0 507.0 602.0 534.0
ship 577.0 501.0 591.0 528.0
ship 560.0 497.0 574.0 524.0
ship 550.0 492.0 564.0 519.0
ship 601.0 547.0 615.0 574.0
