harbor 382.0 241.0 511.0 557.0
harbor 520.0 254.0 646.0 553.0
harbor 685.0 274.0 725.0 538.0
harbor 380.0 602.0 766.0 737.0
harbor 640.0 562.0 749.0 596.0
ship 202.0 533.0 229.0 580.0
ship 194.0 327.0 213.0 378.0
ship 311.0 589.0 331.0 643.0
ship 178.0 16.0 204.0 62.0
ship 641.0 661.0 655.0 690.0
ship 671.0 662.0 682.0 681.0
ship 627.0 663.0 639.0 689.0
ship 613.0 666.0 624.0 687.0
ship 599.0 668.0 611.0 692.0
ship 584.0 669.0 599.0 698.0
ship 569.0 673.0 585.0 705.0
ship 552.0 677.0 567.0 723.0
ship 533.0 676.0 546.0 712.0
ship 507.0 676.0 524.0 719.0
ship 485.0 683.0 504.0 730.0
ship 461.0 685.0 480.0 736.0
ship 433.0 684.0 451.0 732.0
ship 382.0 663.0 399.0 712.0
ship 385.0 629.0 397.0 658.0
ship 407.0 625.0 421.0 666.0
ship 428.0 624.0 448.0 671.0
ship 472.0 618.0 492.0 665.0
ship 489.0 612.0 514.0 663.0
ship 512.0 614.0 531.0 661.0
ship 532.0 612.0 551.0 657.0
ship 553.0 627.0 568.0 655.0
ship 590.0 625.0 604.0 650.0
ship 614.0 612.0 627.0 641.0
ship 640.0 583.0 674.0 596.0
ship 691.0 583.0 720.0 596.0
ship 646.0 564.0 665.0 574.0
ship 522.0 539.0 554.0 552.0
ship 587.0 539.0 601.0 552.0
ship 468.0 540.0 511.0 557.0
ship 400.0 517.0 441.0 532.0
ship 456.0 516.0 497.0 534.0
ship 383.0 484.0 439.0 505.0
ship 386.0 460.0 442.0 479.0
ship 453.0 475.0 500.0 491.0
ship 456.0 457.0 489.0 470.0
ship 395.0 430.0 442.0 445.0
ship 455.0 437.0 496.0 454.0
ship 390.0 409.0 440.0 426.0
ship 458.0 419.0 499.0 436.0
ship 459.0 402.0 492.0 417.0
ship 389.0 377.0 443.0 397.0
ship 459.0 381.0 495.0 396.0
ship 389.0 354.0 442.0 374.0
ship 455.0 364.0 495.0 378.0
ship 456.0 343.0 504.0 360.0
ship 458.0 325.0 503.0 341.0
ship 395.0 325.0 446.0 341.0
ship 404.0 303.0 445.0 320.0
ship 403.0 277.0 448.0 295.0
ship 394.0 252.0 450.0 272.0
ship 456.0 267.0 490.0 282.0
ship 457.0 289.0 495.0 305.0
ship 455.0 305.0 501.0 320.0
ship 559.0 517.0 600.0 532.0
ship 610.0 520.0 641.0 532.0
ship 609.0 502.0 643.0 513.0
ship 560.0 498.0 596.0 512.0
ship 612.0 487.0 643.0 500.0
ship 567.0 461.0 599.0 475.0
ship 614.0 451.0 642.0 466.0
ship 564.0 425.0 601.0 439.0
ship 612.0 419.0 639.0 431.0
ship 611.0 403.0 641.0 416.0
ship 558.0 390.0 600.0 404.0
ship 611.0 386.0 642.0 400.0
ship 566.0 371.0 601.0 384.0
ship 614.0 370.0 648.0 382.0
ship 562.0 354.0 597.0 366.0
ship 612.0 352.0 641.0 367.0
ship 570.0 335.0 603.0 348.0
ship 614.0 337.0 642.0 351.0
ship 570.0 315.0 602.0 328.0
ship 614.0 319.0 645.0 334.0
ship 613.0 304.0 641.0 317.0
ship 615.0 289.0 648.0 300.0
ship 614.0 273.0 644.0 286.0
ship 647.0 523.0 672.0 533.0
ship 688.0 510.0 710.0 522.0
ship 687.0 497.0 711.0 509.0
ship 687.0 482.0 715.0 495.0
ship 688.0 466.0 714.0 479.0
ship 689.0 453.0 716.0 466.0
ship 694.0 425.0 716.0 434.0
ship 692.0 411.0 718.0 422.0
ship 688.0 394.0 716.0 409.0
ship 694.0 381.0 720.0 393.0
ship 695.0 366.0 717.0 379.0
ship 691.0 351.0 719.0 365.0
ship 695.0 337.0 719.0 350.0
ship 697.0 279.0 721.0 294.0
ship 767.0 366.0 791.0 395.0
ship 738.0 403.0 773.0 418.0
ship 746.0 475.0 764.0 525.0
ship 772.0 474.0 789.0 532.0
ship 771.0 455.0 800.0 471.0
ship 779.0 361.0 800.0 390.0
