stadium 217.0 62.0 321.0 159.0
bridge 315.0 152.0 349.0 172.0
bridge 324.0 40.0 349.0 61.0
bridge 288.0 238.0 317.0 253.0
bridge 119.0 310.0 139.0 345.0
bridge 139.0 313.0 158.0 348.0
bridge 217.0 710.0 250.0 730.0
bridge 253.0 461.0 303.0 495.0
bridge 432.0 353.0 454.0 392.0
bridge 541.0 374.0 556.0 404.0
bridge 622.0 417.0 634.0 454.0
bridge 612.0 591.0 639.0 622.0
bridge 590.0 763.0 626.0 784.0
bridge 661.0 193.0 685.0 207.0
bridge 653.0 287.0 680.0 306.0
bridge 682.0 94.0 705.0 112.0
groundtrackfield 550.0 94.0 618.0 136.0
groundtrackfield 532.0 500.0 599.0 530.0
