storagetank 385.0 144.0 427.0 184.0
storagetank 380.0 222.0 423.0 263.0
storagetank 629.0 115.0 695.0 185.0
storagetank 480.0 242.0 568.0 327.0
storagetank 623.0 245.0 694.0 312.0
storagetank 373.0 385.0 423.0 433.0
storagetank 455.0 369.0 590.0 501.0
storagetank 623.0 376.0 690.0 442.0
storagetank 127.0 422.0 237.0 531.0
storagetank 67.0 557.0 176.0 664.0
storagetank 200.0 541.0 287.0 626.0
storagetank 350.0 481.0 453.0 580.0
storagetank 548.0 518.0 604.0 573.0
storagetank 615.0 503.0 688.0 573.0
storagetank 50.0 61.0 62.0 73.0
storagetank 50.0 75.0 62.0 88.0
storagetank 50.0 89.0 61.0 100.0
storagetank 50.0 103.0 61.0 114.0
vehicle 252.0 225.0 296.0 266.0
vehicle 721.0 389.0 729.0 408.0
vehicle 764.0 738.0 774.0 791.0
vehicle 725.0 776.0 742.0 785.0
vehicle 725.0 765.0 742.0 773.0
vehicle 723.0 750.0 745.0 759.0
vehicle 726.0 712.0 743.0 718.0
vehicle 113.0 773.0 135.0 782.0
