harbor 147.0 634.0 429.0 783.0
vehicle 464.0 672.0 482.0 680.0
vehicle 460.0 685.0 480.0 693.0
vehicle 667.0 698.0 673.0 709.0
vehicle 438.0 467.0 452.0 486.0
vehicle 552.0 497.0 579.0 505.0
vehicle 489.0 294.0 508.0 311.0
ship 437.0 434.0 493.0 452.0
ship 529.0 438.0 564.0 451.0
ship 587.0 435.0 629.0 448.0
ship 647.0 435.0 679.0 447.0
ship 447.0 339.0 458.0 371.0
ship 545.0 338.0 556.0 365.0
vehicle 569.0 41.0 594.0 52.0
vehicle 771.0 41.0 780.0 55.0
harbor 215.0 37.0 551.0 123.0
harbor 208.0 166.0 554.0 249.0
ship 225.0 36.0 242.0 85.0
ship 361.0 81.0 382.0 126.0
ship 382.0 80.0 405.0 122.0
ship 479.0 38.0 495.0 68.0
ship 481.0 74.0 495.0 113.0
ship 534.0 37.0 556.0 53.0
ship 561.0 71.0 600.0 84.0
ship 554.0 81.0 594.0 103.0
ship 725.0 28.0 769.0 45.0
ship 737.0 2.0 779.0 23.0
ship 755.0 72.0 798.0 101.0
ship 695.0 124.0 734.0 148.0
ship 722.0 151.0 790.0 172.0
ship 673.0 155.0 709.0 170.0
ship 679.0 177.0 719.0 192.0
ship 555.0 188.0 592.0 203.0
ship 556.0 205.0 593.0 220.0
ship 562.0 713.0 599.0 728.0
ship 558.0 727.0 595.0 742.0
ship 558.0 742.0 595.0 757.0
ship 527.0 743.0 564.0 758.0
ship 526.0 729.0 563.0 744.0
ship 527.0 716.0 564.0 731.0
ship 522.0 703.0 559.0 718.0
ship 733.0 417.0 770.0 432.0
ship 742.0 400.0 779.0 415.0
ship 742.0 329.0 779.0 344.0
ship 745.0 342.0 782.0 357.0
ship 554.0 254.0 591.0 269.0
ship 551.0 244.0 588.0 259.0
ship 548.0 223.0 585.0 238.0
ship 545.0 123.0 582.0 138.0
ship 560.0 174.0 589.0 189.0
ship 775.0 208.0 798.0 264.0
ship 410.0 190.0 424.0 229.0
ship 390.0 196.0 404.0 235.0
ship 332.0 195.0 346.0 234.0
ship 496.0 189.0 510.0 228.0
ship 316.0 660.0 329.0 696.0
ship 330.0 663.0 343.0 699.0
ship 346.0 665.0 358.0 695.0
ship 362.0 663.0 373.0 693.0
ship 377.0 666.0 388.0 696.0
ship 318.0 710.0 330.0 746.0
ship 263.0 711.0 281.0 759.0
ship 159.0 647.0 180.0 704.0
ship 202.0 645.0 223.0 702.0
ship 182.0 715.0 203.0 772.0
ship 179.0 641.0 203.0 705.0
ship 204.0 715.0 228.0 779.0
ship 161.0 715.0 185.0 782.0
ship 285.0 433.0 355.0 458.0
ship 271.0 429.0 284.0 456.0
ship 405.0 242.0 432.0 276.0
ship 424.0 241.0 446.0 276.0
ship 471.0 241.0 497.0 271.0
ship 492.0 241.0 518.0 271.0
ship 522.0 242.0 548.0 272.0
ship 501.0 462.0 527.0 492.0
ship 719.0 562.0 745.0 592.0
ship 680.0 566.0 706.0 596.0
ship 755.0 556.0 781.0 586.0
ship 763.0 560.0 792.0 596.0
ship 663.0 563.0 689.0 593.0
ship 483.0 521.0 509.0 551.0
ship 350.0 509.0 376.0 539.0
ship 386.0 518.0 404.0 547.0
ship 401.0 519.0 427.0 560.0
ship 427.0 517.0 460.0 560.0
ship 463.0 517.0 486.0 563.0
ship 449.0 536.0 465.0 560.0
ship 732.0 330.0 744.0 358.0
ship 619.0 334.0 635.0 365.0
ship 599.0 335.0 614.0 360.0
ship 581.0 331.0 593.0 358.0
ship 743.0 517.0 762.0 560.0
ship 579.0 518.0 607.0 528.0
ship 505.0 568.0 521.0 603.0
ship 519.0 566.0 536.0 605.0
ship 722.0 614.0 759.0 630.0
ship 683.0 680.0 708.0 699.0
ship 682.0 691.0 715.0 716.0
ship 681.0 712.0 709.0 729.0
ship 674.0 725.0 705.0 744.0
ship 761.0 522.0 774.0 556.0
ship 774.0 513.0 789.0 553.0
ship 788.0 527.0 800.0 552.0
ship 399.0 442.0 429.0 455.0
ship 619.0 529.0 647.0 558.0
ship 547.0 572.0 614.0 596.0
ship 407.0 759.0 438.0 779.0
ship 410.0 771.0 444.0 794.0
ship 419.0 785.0 452.0 800.0
vehicle 544.0 464.0 567.0 485.0
