harbor 379.0 332.0 514.0 390.0
ship 173.0 452.0 193.0 513.0
ship 168.0 537.0 178.0 567.0
ship 491.0 220.0 499.0 236.0
harbor 140.0 86.0 333.0 203.0
harbor 155.0 252.0 472.0 306.0
ship 140.0 110.0 155.0 152.0
ship 139.0 154.0 156.0 195.0
ship 164.0 161.0 179.0 200.0
ship 184.0 158.0 199.0 203.0
ship 203.0 162.0 216.0 198.0
ship 211.0 85.0 235.0 151.0
ship 224.0 167.0 239.0 201.0
ship 245.0 164.0 259.0 200.0
ship 239.0 111.0 254.0 148.0
ship 258.0 122.0 274.0 155.0
ship 264.0 164.0 278.0 203.0
ship 280.0 122.0 295.0 159.0
ship 301.0 114.0 316.0 151.0
ship 295.0 165.0 312.0 192.0
ship 155.0 280.0 220.0 306.0
ship 230.0 276.0 288.0 294.0
ship 314.0 272.0 382.0 299.0
ship 395.0 282.0 454.0 303.0
ship 401.0 131.0 425.0 195.0
ship 380.0 344.0 394.0 383.0
ship 394.0 345.0 408.0 387.0
ship 437.0 334.0 473.0 347.0
ship 619.0 171.0 664.0 191.0
vehicle 442.0 153.0 467.0 183.0
harbor 118.0 447.0 506.0 721.0
