vehicle 613.0 613.0 620.0 633.0
vehicle 612.0 638.0 617.0 648.0
vehicle 565.0 674.0 574.0 682.0
vehicle 561.0 708.0 569.0 713.0
vehicle 620.0 691.0 632.0 697.0
vehicle 766.0 737.0 771.0 747.0
vehicle 774.0 681.0 777.0 690.0
vehicle 745.0 620.0 755.0 625.0
vehicle 763.0 608.0 767.0 618.0
vehicle 764.0 596.0 769.0 606.0
vehicle 776.0 489.0 781.0 504.0
vehicle 772.0 522.0 777.0 530.0
vehicle 775.0 553.0 779.0 562.0
vehicle 570.0 440.0 578.0 444.0
vehicle 470.0 446.0 474.0 454.0
vehicle 521.0 430.0 525.0 437.0
vehicle 594.0 393.0 598.0 400.0
vehicle 453.0 438.0 457.0 447.0
vehicle 332.0 294.0 340.0 299.0
vehicle 333.0 300.0 341.0 305.0
vehicle 432.0 622.0 436.0 632.0
vehicle 459.0 631.0 469.0 638.0
vehicle 412.0 664.0 423.0 669.0
vehicle 429.0 652.0 434.0 660.0
vehicle 410.0 668.0 422.0 673.0
vehicle 422.0 710.0 428.0 720.0
vehicle 393.0 742.0 401.0 752.0
vehicle 405.0 748.0 415.0 754.0
vehicle 279.0 679.0 287.0 696.0
vehicle 312.0 583.0 321.0 587.0
vehicle 301.0 582.0 310.0 586.0
vehicle 317.0 500.0 326.0 505.0
vehicle 325.0 468.0 334.0 475.0
vehicle 375.0 415.0 380.0 424.0
vehicle 102.0 684.0 105.0 694.0
vehicle 112.0 707.0 117.0 716.0
vehicle 95.0 615.0 105.0 621.0
vehicle 109.0 621.0 114.0 630.0
vehicle 99.0 605.0 108.0 610.0
vehicle 95.0 611.0 104.0 615.0
vehicle 144.0 551.0 153.0 556.0
vehicle 107.0 522.0 114.0 525.0
vehicle 103.0 355.0 110.0 361.0
vehicle 123.0 358.0 133.0 364.0
vehicle 280.0 217.0 290.0 222.0
vehicle 147.0 203.0 154.0 207.0
vehicle 122.0 218.0 132.0 223.0
vehicle 148.0 238.0 154.0 249.0
vehicle 155.0 240.0 159.0 249.0
vehicle 95.0 213.0 106.0 219.0
vehicle 11.0 351.0 19.0 356.0
vehicle 82.0 340.0 86.0 348.0
vehicle 18.0 281.0 27.0 291.0
vehicle 42.0 113.0 51.0 122.0
vehicle 58.0 124.0 67.0 128.0
tenniscourt 370.0 30.0 413.0 54.0
vehicle 657.0 184.0 662.0 192.0
vehicle 662.0 149.0 666.0 158.0
vehicle 674.0 185.0 679.0 197.0
vehicle 663.0 129.0 669.0 139.0
vehicle 666.0 107.0 671.0 118.0
vehicle 667.0 96.0 672.0 106.0
