harbor 622.0 1.0 800.0 107.0
harbor 17.0 128.0 703.0 514.0
ship 735.0 412.0 777.0 483.0
ship 739.0 343.0 772.0 400.0
ship 614.0 472.0 651.0 527.0
ship 702.0 435.0 725.0 469.0
ship 359.0 592.0 392.0 646.0
ship 318.0 612.0 349.0 663.0
ship 423.0 562.0 464.0 629.0
ship 491.0 535.0 521.0 592.0
ship 549.0 506.0 579.0 552.0
ship 222.0 583.0 256.0 639.0
ship 269.0 567.0 290.0 607.0
ship 286.0 554.0 320.0 606.0
ship 337.0 536.0 360.0 574.0
ship 393.0 497.0 423.0 554.0
ship 420.0 494.0 447.0 547.0
ship 454.0 469.0 489.0 522.0
ship 518.0 434.0 550.0 491.0
ship 565.0 426.0 591.0 473.0
ship 586.0 416.0 613.0 453.0
ship 631.0 402.0 663.0 445.0
ship 698.0 328.0 739.0 395.0
ship 23.0 372.0 66.0 447.0
ship 58.0 460.0 89.0 508.0
ship 46.0 348.0 86.0 416.0
ship 82.0 350.0 127.0 420.0
ship 115.0 332.0 158.0 401.0
ship 170.0 406.0 205.0 466.0
ship 95.0 438.0 129.0 493.0
ship 176.0 304.0 223.0 376.0
ship 216.0 390.0 243.0 433.0
ship 635.0 36.0 653.0 66.0
ship 664.0 172.0 700.0 229.0
ship 303.0 358.0 332.0 402.0
ship 306.0 255.0 334.0 308.0
ship 348.0 243.0 383.0 297.0
ship 403.0 301.0 436.0 354.0
ship 428.0 293.0 460.0 349.0
ship 445.0 281.0 478.0 335.0
ship 515.0 244.0 536.0 292.0
ship 557.0 230.0 585.0 278.0
ship 619.0 203.0 649.0 249.0
ship 640.0 192.0 675.0 248.0
ship 613.0 131.0 641.0 177.0
ship 573.0 152.0 597.0 195.0
ship 591.0 140.0 618.0 190.0
ship 547.0 161.0 576.0 210.0
ship 528.0 168.0 552.0 215.0
ship 507.0 185.0 534.0 231.0
ship 441.0 207.0 469.0 257.0
ship 403.0 230.0 430.0 278.0
ship 659.0 81.0 677.0 107.0
ship 685.0 67.0 702.0 98.0
ship 720.0 1.0 740.0 31.0
ship 760.0 2.0 785.0 12.0
ship 423.0 225.0 447.0 272.0
ship 470.0 266.0 502.0 318.0
ship 576.0 217.0 609.0 279.0
ship 597.0 208.0 629.0 257.0
ship 205.0 288.0 247.0 364.0
ship 309.0 548.0 339.0 595.0
ship 380.0 583.0 419.0 646.0
ship 400.0 570.0 437.0 631.0
ship 508.0 518.0 546.0 584.0
ship 635.0 453.0 678.0 527.0
ship 648.0 379.0 678.0 434.0
harbor 219.0 324.0 787.0 700.0
ship 532.0 240.0 558.0 282.0
