airplane 636.0 186.0 671.0 211.0
airplane 411.0 322.0 444.0 350.0
airplane 454.0 321.0 478.0 349.0
airplane 130.0 370.0 158.0 396.0
airplane 484.0 324.0 511.0 353.0
airplane 546.0 326.0 580.0 350.0
airplane 409.0 387.0 439.0 408.0
airplane 244.0 396.0 267.0 417.0
airplane 164.0 394.0 182.0 417.0
airplane 193.0 420.0 221.0 441.0
airplane 276.0 396.0 300.0 417.0
airplane 241.0 330.0 260.0 346.0
airplane 48.0 155.0 72.0 179.0
airplane 452.0 384.0 478.0 407.0
airplane 484.0 383.0 511.0 407.0
airplane 548.0 383.0 578.0 409.0
airplane 753.0 733.0 773.0 756.0
airplane 294.0 313.0 321.0 340.0
storagetank 25.0 190.0 35.0 198.0
storagetank 13.0 205.0 21.0 215.0
storagetank 75.0 212.0 87.0 226.0
storagetank 63.0 250.0 81.0 267.0
