ship 10.0 27.0 21.0 75.0
ship 5.0 142.0 15.0 183.0
ship 130.0 34.0 145.0 68.0
ship 135.0 72.0 148.0 106.0
ship 140.0 107.0 150.0 129.0
ship 135.0 148.0 144.0 183.0
ship 37.0 313.0 48.0 358.0
ship 126.0 264.0 139.0 293.0
ship 119.0 397.0 126.0 422.0
ship 109.0 450.0 119.0 495.0
ship 119.0 450.0 128.0 493.0
ship 100.0 509.0 110.0 547.0
ship 107.0 506.0 118.0 550.0
ship 114.0 506.0 124.0 552.0
ship 121.0 585.0 128.0 626.0
ship 121.0 780.0 131.0 800.0
storagetank 509.0 555.0 524.0 569.0
storagetank 523.0 552.0 536.0 567.0
storagetank 512.0 570.0 524.0 584.0
storagetank 524.0 569.0 537.0 583.0
storagetank 537.0 567.0 551.0 583.0
storagetank 551.0 566.0 561.0 579.0
storagetank 561.0 566.0 573.0 580.0
storagetank 573.0 570.0 578.0 576.0
storagetank 578.0 569.0 585.0 576.0
storagetank 512.0 584.0 526.0 597.0
storagetank 527.0 583.0 538.0 597.0
storagetank 540.0 580.0 552.0 594.0
storagetank 552.0 580.0 562.0 593.0
storagetank 564.0 580.0 573.0 590.0
storagetank 573.0 578.0 579.0 586.0
storagetank 579.0 579.0 586.0 586.0
storagetank 513.0 597.0 526.0 612.0
storagetank 527.0 597.0 541.0 610.0
storagetank 541.0 594.0 554.0 608.0
storagetank 555.0 595.0 565.0 605.0
storagetank 564.0 593.0 576.0 605.0
storagetank 575.0 597.0 580.0 603.0
storagetank 580.0 595.0 589.0 604.0
