airplane 35.0 506.0 64.0 533.0
airplane 311.0 482.0 349.0 522.0
airplane 282.0 621.0 301.0 638.0
airplane 119.0 265.0 140.0 283.0
airplane 112.0 284.0 130.0 298.0
airplane 101.0 302.0 120.0 316.0
airplane 181.0 282.0 193.0 298.0
airplane 177.0 301.0 198.0 320.0
airplane 125.0 318.0 148.0 339.0
airplane 149.0 322.0 167.0 345.0
airplane 517.0 321.0 542.0 345.0
airplane 441.0 340.0 461.0 367.0
airplane 354.0 307.0 374.0 324.0
airplane 345.0 325.0 361.0 339.0
airplane 375.0 393.0 388.0 407.0
airplane 294.0 345.0 305.0 354.0
airplane 326.0 358.0 339.0 372.0
airplane 396.0 316.0 408.0 329.0
airplane 409.0 321.0 425.0 336.0
airplane 427.0 331.0 441.0 346.0
airplane 485.0 360.0 498.0 373.0
airplane 408.0 254.0 422.0 272.0
airplane 344.0 212.0 367.0 233.0
airplane 374.0 229.0 401.0 250.0
airplane 396.0 233.0 415.0 249.0
airplane 327.0 133.0 348.0 157.0
airplane 348.0 144.0 367.0 167.0
airplane 377.0 181.0 392.0 197.0
airplane 375.0 207.0 399.0 226.0
airplane 482.0 124.0 495.0 138.0
airplane 562.0 161.0 583.0 185.0
airplane 581.0 164.0 593.0 178.0
airplane 593.0 182.0 607.0 198.0
airplane 615.0 187.0 634.0 207.0
airplane 593.0 92.0 605.0 109.0
airplane 615.0 104.0 632.0 123.0
airplane 626.0 81.0 643.0 97.0
airplane 652.0 88.0 666.0 102.0
airplane 652.0 100.0 670.0 114.0
airplane 636.0 124.0 647.0 136.0
airplane 646.0 119.0 661.0 136.0
airplane 667.0 97.0 685.0 116.0
airplane 677.0 109.0 695.0 126.0
airplane 694.0 109.0 706.0 123.0
airplane 709.0 121.0 727.0 143.0
airplane 632.0 191.0 641.0 200.0
airplane 641.0 196.0 656.0 210.0
airplane 642.0 203.0 662.0 222.0
airplane 772.0 35.0 794.0 58.0
airplane 763.0 145.0 779.0 162.0
airplane 770.0 187.0 785.0 202.0
storagetank 260.0 27.0 269.0 35.0
storagetank 264.0 19.0 274.0 27.0
storagetank 269.0 10.0 279.0 19.0
airplane 393.0 361.0 404.0 374.0
airplane 344.0 378.0 356.0 391.0
