tenniscourt 37.0 130.0 68.0 185.0
vehicle 257.0 499.0 273.0 507.0
vehicle 239.0 680.0 252.0 686.0
vehicle 356.0 626.0 369.0 632.0
vehicle 356.0 639.0 372.0 645.0
vehicle 360.0 658.0 374.0 665.0
vehicle 360.0 670.0 374.0 677.0
vehicle 417.0 621.0 428.0 628.0
vehicle 415.0 627.0 430.0 633.0
vehicle 413.0 634.0 428.0 642.0
vehicle 411.0 650.0 426.0 656.0
vehicle 409.0 660.0 423.0 665.0
vehicle 413.0 672.0 426.0 679.0
vehicle 412.0 679.0 426.0 685.0
vehicle 409.0 686.0 423.0 693.0
vehicle 408.0 693.0 425.0 699.0
vehicle 413.0 699.0 426.0 705.0
vehicle 360.0 676.0 374.0 681.0
vehicle 360.0 682.0 375.0 689.0
vehicle 723.0 259.0 730.0 273.0
vehicle 639.0 262.0 648.0 276.0
vehicle 734.0 246.0 742.0 258.0
vehicle 580.0 321.0 593.0 327.0
vehicle 580.0 331.0 594.0 335.0
vehicle 773.0 279.0 789.0 288.0
vehicle 719.0 289.0 736.0 297.0
