ship 159.0 18.0 224.0 67.0
ship 196.0 33.0 236.0 64.0
ship 211.0 33.0 250.0 66.0
ship 229.0 25.0 292.0 82.0
ship 743.0 15.0 785.0 43.0
ship 777.0 27.0 794.0 40.0
ship 703.0 47.0 743.0 77.0
harbor 658.0 77.0 722.0 155.0
ship 597.0 174.0 612.0 192.0
harbor 506.0 244.0 562.0 294.0
ship 509.0 246.0 547.0 287.0
ship 591.0 200.0 612.0 221.0
ship 28.0 422.0 58.0 471.0
ship 249.0 524.0 288.0 602.0
ship 87.0 603.0 111.0 648.0
ship 422.0 450.0 433.0 488.0
storagetank 733.0 408.0 746.0 420.0
storagetank 727.0 421.0 739.0 432.0
storagetank 722.0 433.0 734.0 445.0
storagetank 717.0 449.0 730.0 463.0
storagetank 706.0 465.0 723.0 480.0
storagetank 723.0 471.0 737.0 485.0
storagetank 739.0 478.0 756.0 493.0
storagetank 765.0 489.0 784.0 508.0
storagetank 787.0 495.0 800.0 516.0
