tenniscourt 579.0 25.0 665.0 81.0
tenniscourt 593.0 80.0 675.0 133.0
tenniscourt 599.0 129.0 680.0 177.0
tenniscourt 607.0 179.0 684.0 229.0
vehicle 401.0 349.0 413.0 354.0
vehicle 356.0 656.0 364.0 670.0
vehicle 374.0 657.0 384.0 670.0
vehicle 300.0 610.0 313.0 617.0
vehicle 329.0 604.0 337.0 610.0
vehicle 360.0 595.0 372.0 603.0
vehicle 394.0 588.0 406.0 597.0
vehicle 580.0 580.0 593.0 593.0
vehicle 575.0 614.0 585.0 626.0
vehicle 585.0 624.0 594.0 637.0
vehicle 602.0 608.0 612.0 618.0
vehicle 604.0 623.0 615.0 632.0
vehicle 618.0 605.0 627.0 617.0
vehicle 617.0 621.0 627.0 629.0
vehicle 586.0 655.0 594.0 664.0
vehicle 597.0 651.0 605.0 662.0
vehicle 605.0 650.0 612.0 661.0
vehicle 608.0 661.0 614.0 672.0
vehicle 621.0 645.0 631.0 656.0
vehicle 638.0 548.0 652.0 556.0
vehicle 532.0 574.0 543.0 580.0
vehicle 665.0 542.0 677.0 551.0
vehicle 724.0 528.0 736.0 535.0
vehicle 738.0 526.0 748.0 532.0
vehicle 518.0 760.0 528.0 773.0
