vehicle 355.0 202.0 367.0 211.0
vehicle 374.0 201.0 387.0 209.0
vehicle 404.0 190.0 415.0 196.0
vehicle 374.0 209.0 383.0 214.0
vehicle 375.0 215.0 383.0 219.0
vehicle 373.0 221.0 384.0 226.0
vehicle 373.0 227.0 383.0 233.0
vehicle 370.0 238.0 383.0 245.0
vehicle 402.0 197.0 415.0 202.0
vehicle 404.0 205.0 416.0 207.0
vehicle 401.0 209.0 415.0 215.0
vehicle 401.0 215.0 413.0 220.0
vehicle 402.0 221.0 412.0 226.0
vehicle 399.0 226.0 411.0 233.0
vehicle 345.0 118.0 358.0 129.0
vehicle 331.0 138.0 342.0 149.0
vehicle 334.0 135.0 342.0 143.0
vehicle 341.0 131.0 351.0 142.0
vehicle 456.0 116.0 463.0 128.0
vehicle 737.0 277.0 743.0 289.0
vehicle 718.0 302.0 730.0 310.0
vehicle 588.0 10.0 594.0 24.0
vehicle 594.0 11.0 600.0 27.0
vehicle 603.0 13.0 608.0 25.0
vehicle 612.0 14.0 618.0 27.0
vehicle 619.0 16.0 626.0 28.0
vehicle 626.0 16.0 633.0 28.0
vehicle 656.0 27.0 666.0 32.0
vehicle 657.0 34.0 667.0 39.0
vehicle 675.0 40.0 686.0 47.0
vehicle 676.0 49.0 689.0 56.0
vehicle 672.0 75.0 695.0 82.0
vehicle 657.0 40.0 666.0 45.0
vehicle 656.0 54.0 667.0 59.0
vehicle 642.0 59.0 655.0 66.0
vehicle 695.0 411.0 704.0 426.0
vehicle 574.0 603.0 580.0 614.0
vehicle 540.0 608.0 548.0 619.0
vehicle 565.0 642.0 573.0 653.0
vehicle 602.0 621.0 609.0 632.0
vehicle 666.0 672.0 671.0 682.0
vehicle 652.0 709.0 657.0 722.0
vehicle 650.0 730.0 660.0 737.0
vehicle 388.0 739.0 396.0 752.0
vehicle 412.0 736.0 418.0 744.0
vehicle 350.0 775.0 358.0 785.0
vehicle 164.0 370.0 173.0 379.0
vehicle 182.0 348.0 195.0 359.0
vehicle 174.0 255.0 182.0 268.0
vehicle 195.0 258.0 202.0 269.0
tenniscourt 150.0 171.0 182.0 235.0
tenniscourt 190.0 174.0 219.0 240.0
tenniscourt 159.0 81.0 192.0 147.0
tenniscourt 198.0 87.0 230.0 149.0
