storagetank 135.0 192.0 278.0 338.0
storagetank 392.0 282.0 487.0 381.0
storagetank 80.0 385.0 184.0 491.0
storagetank 344.0 519.0 416.0 592.0
storagetank 442.0 567.0 511.0 636.0
storagetank 342.0 628.0 415.0 702.0
storagetank 442.0 670.0 514.0 741.0
vehicle 152.0 529.0 160.0 562.0
vehicle 65.0 532.0 77.0 564.0
vehicle 57.0 527.0 65.0 565.0
vehicle 44.0 529.0 56.0 564.0
vehicle 38.0 529.0 46.0 564.0
vehicle 19.0 527.0 29.0 548.0
vehicle 335.0 397.0 350.0 409.0
vehicle 242.0 739.0 248.0 753.0
vehicle 482.0 759.0 514.0 778.0
vehicle 230.0 666.0 241.0 682.0
vehicle 277.0 747.0 283.0 757.0
