tenniscourt 409.0 57.0 459.0 164.0
tenniscourt 541.0 222.0 591.0 329.0
tenniscourt 475.0 223.0 525.0 330.0
tenniscourt 409.0 222.0 459.0 329.0
tenniscourt 541.0 56.0 591.0 163.0
tenniscourt 475.0 57.0 525.0 164.0
vehicle 179.0 750.0 190.0 777.0
vehicle 220.0 697.0 240.0 706.0
vehicle 225.0 519.0 244.0 530.0
vehicle 175.0 413.0 186.0 441.0
vehicle 209.0 456.0 236.0 467.0
baseballfield 441.0 481.0 555.0 608.0
vehicle 94.0 274.0 115.0 283.0
vehicle 211.0 277.0 232.0 288.0
vehicle 257.0 136.0 278.0 145.0
vehicle 751.0 141.0 772.0 155.0
vehicle 160.0 247.0 173.0 300.0
