airplane 81.0 33.0 174.0 107.0
airplane 81.0 146.0 176.0 231.0
airplane 104.0 251.0 181.0 321.0
airplane 97.0 296.0 153.0 355.0
airplane 103.0 372.0 165.0 423.0
airplane 96.0 437.0 217.0 609.0
airplane 165.0 444.0 227.0 503.0
airplane 203.0 497.0 254.0 546.0
airplane 218.0 550.0 291.0 630.0
airplane 312.0 545.0 385.0 626.0
airplane 349.0 98.0 436.0 196.0
airplane 447.0 120.0 488.0 160.0
airplane 701.0 202.0 751.0 264.0
airplane 335.0 432.0 371.0 475.0
airplane 417.0 433.0 445.0 474.0
airplane 364.0 506.0 423.0 553.0
airplane 417.0 506.0 447.0 544.0
airplane 429.0 533.0 478.0 597.0
airplane 459.0 523.0 508.0 572.0
airplane 401.0 304.0 435.0 344.0
airplane 405.0 346.0 435.0 386.0
vehicle 431.0 268.0 438.0 287.0
vehicle 385.0 269.0 395.0 288.0
vehicle 420.0 270.0 428.0 288.0
vehicle 397.0 269.0 406.0 288.0
vehicle 648.0 259.0 664.0 266.0
vehicle 768.0 209.0 785.0 217.0
vehicle 768.0 219.0 784.0 226.0
vehicle 766.0 229.0 783.0 235.0
vehicle 765.0 238.0 782.0 246.0
vehicle 767.0 251.0 783.0 257.0
vehicle 687.0 22.0 706.0 30.0
vehicle 687.0 43.0 706.0 50.0
vehicle 737.0 11.0 755.0 19.0
vehicle 733.0 32.0 754.0 39.0
vehicle 731.0 43.0 749.0 50.0
vehicle 736.0 62.0 754.0 70.0
vehicle 736.0 86.0 757.0 92.0
airplane 168.0 541.0 214.0 603.0
