harbor 502.0 625.0 591.0 685.0
harbor 574.0 500.0 646.0 521.0
ship 528.0 652.0 557.0 681.0
storagetank 508.0 374.0 518.0 384.0
storagetank 496.0 380.0 505.0 388.0
storagetank 502.0 389.0 509.0 397.0
storagetank 520.0 394.0 528.0 403.0
storagetank 518.0 404.0 522.0 410.0
storagetank 511.0 409.0 516.0 414.0
storagetank 514.0 415.0 518.0 420.0
storagetank 521.0 411.0 526.0 417.0
storagetank 529.0 411.0 536.0 419.0
storagetank 481.0 395.0 497.0 411.0
storagetank 491.0 414.0 508.0 431.0
storagetank 462.0 401.0 475.0 415.0
storagetank 445.0 410.0 459.0 424.0
storagetank 474.0 425.0 487.0 439.0
storagetank 457.0 434.0 471.0 448.0
storagetank 426.0 419.0 441.0 433.0
storagetank 412.0 427.0 419.0 433.0
storagetank 416.0 435.0 422.0 441.0
storagetank 440.0 443.0 453.0 456.0
storagetank 423.0 451.0 437.0 464.0
storagetank 481.0 468.0 491.0 478.0
storagetank 470.0 473.0 480.0 483.0
storagetank 400.0 460.0 406.0 466.0
storagetank 403.0 466.0 408.0 472.0
storagetank 407.0 473.0 413.0 480.0
storagetank 362.0 448.0 371.0 456.0
storagetank 379.0 451.0 388.0 460.0
storagetank 366.0 458.0 375.0 466.0
storagetank 371.0 469.0 380.0 476.0
storagetank 384.0 462.0 393.0 470.0
storagetank 376.0 478.0 385.0 488.0
storagetank 390.0 472.0 398.0 480.0
storagetank 338.0 460.0 347.0 469.0
storagetank 344.0 471.0 350.0 476.0
storagetank 345.0 413.0 360.0 426.0
storagetank 363.0 405.0 376.0 418.0
storagetank 379.0 396.0 393.0 409.0
storagetank 395.0 392.0 404.0 401.0
storagetank 421.0 376.0 432.0 387.0
storagetank 298.0 426.0 320.0 448.0
storagetank 336.0 362.0 365.0 390.0
storagetank 484.0 336.0 505.0 357.0
storagetank 460.0 348.0 481.0 369.0
storagetank 387.0 337.0 415.0 364.0
storagetank 447.0 320.0 470.0 342.0
storagetank 433.0 293.0 454.0 313.0
storagetank 418.0 263.0 441.0 285.0
storagetank 406.0 245.0 424.0 262.0
storagetank 398.0 229.0 413.0 242.0
storagetank 361.0 285.0 390.0 314.0
storagetank 311.0 312.0 340.0 341.0
storagetank 340.0 242.0 365.0 265.0
storagetank 289.0 267.0 315.0 292.0
storagetank 233.0 290.0 262.0 320.0
storagetank 210.0 245.0 239.0 274.0
storagetank 317.0 196.0 342.0 221.0
storagetank 266.0 222.0 292.0 246.0
storagetank 356.0 526.0 363.0 532.0
harbor 516.0 301.0 572.0 363.0
harbor 406.0 174.0 485.0 215.0
ship 523.0 246.0 535.0 266.0
