harbor 76.0 241.0 521.0 537.0
ship 127.0 337.0 186.0 462.0
ship 207.0 245.0 260.0 335.0
ship 427.0 453.0 479.0 537.0
ship 392.0 432.0 444.0 516.0
ship 293.0 402.0 345.0 497.0
ship 234.0 379.0 279.0 448.0
ship 329.0 314.0 372.0 386.0
ship 296.0 304.0 341.0 373.0
ship 368.0 424.0 402.0 491.0
ship 338.0 409.0 372.0 476.0
ship 179.0 349.0 213.0 416.0
ship 270.0 291.0 307.0 359.0
ship 204.0 366.0 241.0 422.0
ship 467.0 375.0 494.0 430.0
ship 429.0 364.0 461.0 419.0
ship 407.0 361.0 438.0 413.0
ship 385.0 342.0 411.0 393.0
ship 493.0 395.0 519.0 446.0
ship 272.0 390.0 305.0 443.0
ship 155.0 409.0 181.0 459.0
ship 183.0 273.0 211.0 322.0
