storagetank 121.0 131.0 157.0 164.0
storagetank 154.0 200.0 190.0 233.0
storagetank 181.0 244.0 231.0 292.0
storagetank 209.0 303.0 259.0 351.0
storagetank 292.0 391.0 383.0 481.0
storagetank 306.0 527.0 413.0 632.0
storagetank 339.0 674.0 446.0 780.0
storagetank 452.0 482.0 556.0 587.0
storagetank 420.0 286.0 561.0 427.0
storagetank 283.0 202.0 396.0 311.0
storagetank 204.0 65.0 317.0 174.0
storagetank 138.0 166.0 174.0 199.0
harbor 704.0 402.0 800.0 716.0
ship 706.0 674.0 715.0 693.0
ship 744.0 670.0 758.0 702.0
ship 758.0 674.0 772.0 704.0
ship 772.0 677.0 781.0 705.0
ship 783.0 674.0 795.0 703.0
ship 732.0 626.0 742.0 651.0
ship 748.0 580.0 760.0 613.0
ship 730.0 565.0 743.0 605.0
ship 732.0 521.0 744.0 556.0
ship 732.0 469.0 744.0 511.0
ship 750.0 495.0 780.0 508.0
ship 752.0 455.0 777.0 463.0
vehicle 73.0 720.0 83.0 735.0
vehicle 77.0 682.0 89.0 691.0
vehicle 20.0 708.0 36.0 719.0
vehicle 174.0 662.0 183.0 679.0
vehicle 40.0 665.0 49.0 681.0
vehicle 93.0 485.0 105.0 501.0
vehicle 27.0 455.0 34.0 469.0
vehicle 29.0 445.0 39.0 459.0
vehicle 41.0 427.0 52.0 441.0
vehicle 215.0 495.0 230.0 505.0
vehicle 47.0 279.0 56.0 290.0
vehicle 53.0 291.0 64.0 308.0
vehicle 50.0 331.0 77.0 350.0
vehicle 56.0 341.0 79.0 358.0
vehicle 61.0 348.0 83.0 367.0
vehicle 69.0 358.0 91.0 375.0
vehicle 74.0 363.0 97.0 383.0
vehicle 81.0 374.0 104.0 393.0
vehicle 89.0 382.0 112.0 402.0
vehicle 511.0 757.0 529.0 769.0
vehicle 529.0 769.0 542.0 781.0
vehicle 561.0 770.0 579.0 792.0
