tenniscourt 728.0 608.0 757.0 661.0
vehicle 148.0 97.0 154.0 107.0
vehicle 97.0 106.0 102.0 116.0
vehicle 104.0 94.0 109.0 105.0
vehicle 131.0 138.0 142.0 142.0
vehicle 67.0 140.0 82.0 145.0
vehicle 57.0 107.0 62.0 116.0
vehicle 61.0 192.0 64.0 201.0
vehicle 104.0 159.0 110.0 171.0
vehicle 173.0 212.0 186.0 217.0
vehicle 195.0 236.0 209.0 240.0
vehicle 116.0 326.0 121.0 337.0
vehicle 216.0 476.0 225.0 487.0
vehicle 214.0 542.0 225.0 550.0
vehicle 215.0 543.0 227.0 555.0
vehicle 349.0 571.0 363.0 578.0
vehicle 350.0 578.0 363.0 584.0
vehicle 24.0 503.0 35.0 508.0
vehicle 33.0 653.0 45.0 658.0
vehicle 14.0 693.0 25.0 698.0
vehicle 68.0 329.0 75.0 340.0
vehicle 394.0 652.0 401.0 665.0
vehicle 367.0 631.0 379.0 636.0
vehicle 268.0 373.0 279.0 379.0
vehicle 240.0 229.0 248.0 240.0
vehicle 227.0 248.0 234.0 260.0
vehicle 342.0 281.0 356.0 286.0
vehicle 365.0 29.0 375.0 38.0
vehicle 363.0 222.0 369.0 234.0
vehicle 364.0 238.0 370.0 249.0
vehicle 380.0 265.0 385.0 276.0
vehicle 401.0 281.0 413.0 286.0
vehicle 401.0 287.0 413.0 293.0
vehicle 342.0 291.0 356.0 296.0
vehicle 383.0 301.0 388.0 308.0
vehicle 385.0 312.0 391.0 325.0
vehicle 392.0 641.0 398.0 650.0
vehicle 492.0 768.0 498.0 779.0
vehicle 485.0 674.0 493.0 682.0
vehicle 533.0 451.0 548.0 456.0
vehicle 527.0 249.0 537.0 260.0
vehicle 490.0 162.0 499.0 168.0
vehicle 440.0 39.0 452.0 51.0
vehicle 465.0 33.0 476.0 42.0
vehicle 578.0 187.0 589.0 197.0
vehicle 652.0 185.0 662.0 195.0
vehicle 658.0 442.0 669.0 452.0
vehicle 646.0 657.0 651.0 670.0
vehicle 651.0 730.0 656.0 742.0
vehicle 653.0 773.0 660.0 784.0
vehicle 619.0 662.0 629.0 672.0
vehicle 647.0 234.0 658.0 243.0
vehicle 533.0 190.0 541.0 200.0
vehicle 507.0 329.0 513.0 342.0
vehicle 513.0 330.0 518.0 340.0
vehicle 734.0 252.0 746.0 260.0
vehicle 742.0 273.0 755.0 283.0
vehicle 746.0 315.0 757.0 325.0
vehicle 732.0 329.0 746.0 332.0
vehicle 519.0 471.0 526.0 483.0
vehicle 341.0 253.0 350.0 263.0
tenniscourt 761.0 607.0 795.0 661.0
