bridge 318.0 35.0 473.0 757.0
harbor 460.0 543.0 535.0 682.0
vehicle 388.0 777.0 398.0 793.0
vehicle 355.0 741.0 364.0 761.0
vehicle 377.0 732.0 387.0 750.0
vehicle 394.0 689.0 405.0 709.0
vehicle 384.0 647.0 392.0 665.0
vehicle 398.0 643.0 408.0 659.0
vehicle 390.0 542.0 399.0 560.0
vehicle 405.0 530.0 416.0 547.0
vehicle 402.0 385.0 411.0 404.0
vehicle 413.0 409.0 422.0 429.0
vehicle 400.0 319.0 410.0 338.0
vehicle 418.0 322.0 428.0 340.0
vehicle 379.0 260.0 388.0 277.0
vehicle 406.0 205.0 415.0 225.0
vehicle 424.0 211.0 434.0 230.0
vehicle 427.0 128.0 437.0 146.0
vehicle 415.0 46.0 427.0 71.0
vehicle 433.0 60.0 442.0 78.0
harbor 591.0 537.0 648.0 684.0
ship 461.0 541.0 535.0 568.0
