harbor 48.0 107.0 165.0 727.0
harbor 217.0 106.0 324.0 725.0
harbor 366.0 102.0 482.0 724.0
harbor 516.0 104.0 630.0 720.0
harbor 704.0 553.0 735.0 757.0
ship 56.0 153.0 99.0 170.0
ship 54.0 108.0 97.0 125.0
ship 53.0 219.0 96.0 236.0
ship 50.0 264.0 93.0 281.0
ship 49.0 287.0 92.0 304.0
ship 55.0 309.0 98.0 326.0
ship 55.0 353.0 98.0 370.0
ship 54.0 376.0 97.0 393.0
ship 52.0 399.0 95.0 416.0
ship 53.0 419.0 96.0 436.0
ship 52.0 447.0 95.0 464.0
ship 53.0 469.0 96.0 486.0
ship 55.0 491.0 98.0 508.0
ship 50.0 513.0 93.0 530.0
ship 54.0 535.0 97.0 552.0
ship 54.0 559.0 97.0 576.0
ship 52.0 581.0 95.0 598.0
ship 51.0 672.0 94.0 689.0
ship 54.0 630.0 97.0 647.0
ship 58.0 647.0 91.0 664.0
ship 50.0 598.0 93.0 615.0
ship 54.0 691.0 97.0 708.0
ship 119.0 626.0 162.0 643.0
ship 112.0 688.0 155.0 705.0
ship 117.0 605.0 160.0 622.0
ship 120.0 582.0 163.0 599.0
ship 117.0 558.0 160.0 575.0
ship 115.0 531.0 158.0 548.0
ship 114.0 509.0 157.0 526.0
ship 117.0 468.0 160.0 485.0
ship 116.0 218.0 159.0 235.0
ship 114.0 151.0 165.0 170.0
ship 108.0 107.0 159.0 126.0
ship 228.0 105.0 271.0 122.0
ship 224.0 126.0 267.0 143.0
ship 224.0 147.0 267.0 164.0
ship 222.0 165.0 265.0 182.0
ship 280.0 185.0 323.0 202.0
ship 223.0 228.0 266.0 245.0
ship 238.0 205.0 261.0 219.0
ship 224.0 248.0 267.0 265.0
ship 221.0 287.0 264.0 304.0
ship 282.0 287.0 318.0 301.0
ship 226.0 327.0 264.0 345.0
ship 279.0 324.0 317.0 342.0
ship 280.0 346.0 318.0 364.0
ship 229.0 365.0 267.0 383.0
ship 226.0 409.0 264.0 427.0
ship 280.0 446.0 318.0 464.0
ship 286.0 469.0 324.0 487.0
ship 230.0 468.0 268.0 486.0
ship 229.0 488.0 267.0 506.0
ship 231.0 509.0 269.0 527.0
ship 281.0 488.0 319.0 506.0
ship 281.0 511.0 319.0 529.0
ship 229.0 568.0 267.0 586.0
ship 227.0 587.0 265.0 605.0
ship 229.0 631.0 267.0 649.0
ship 279.0 548.0 317.0 566.0
ship 281.0 567.0 319.0 585.0
ship 280.0 587.0 318.0 605.0
ship 280.0 607.0 318.0 625.0
ship 281.0 631.0 319.0 649.0
ship 282.0 669.0 320.0 687.0
ship 386.0 103.0 455.0 123.0
ship 368.0 124.0 419.0 144.0
ship 423.0 123.0 466.0 144.0
ship 369.0 142.0 420.0 162.0
ship 427.0 163.0 471.0 185.0
ship 373.0 185.0 417.0 207.0
ship 428.0 206.0 467.0 222.0
ship 429.0 229.0 468.0 245.0
ship 371.0 226.0 410.0 242.0
ship 383.0 349.0 414.0 364.0
ship 434.0 388.0 465.0 403.0
ship 372.0 407.0 415.0 429.0
ship 431.0 444.0 465.0 459.0
ship 379.0 484.0 413.0 504.0
ship 426.0 485.0 463.0 501.0
ship 385.0 526.0 415.0 539.0
ship 436.0 528.0 466.0 541.0
ship 381.0 551.0 411.0 564.0
ship 429.0 546.0 459.0 559.0
ship 376.0 569.0 413.0 585.0
ship 432.0 571.0 480.0 587.0
ship 433.0 590.0 465.0 605.0
ship 377.0 606.0 418.0 622.0
ship 374.0 628.0 415.0 644.0
ship 380.0 649.0 421.0 665.0
ship 382.0 669.0 423.0 685.0
ship 431.0 670.0 472.0 686.0
ship 429.0 688.0 470.0 704.0
ship 383.0 688.0 418.0 701.0
ship 552.0 106.0 612.0 122.0
ship 583.0 165.0 605.0 176.0
ship 580.0 128.0 612.0 140.0
ship 581.0 148.0 613.0 160.0
ship 531.0 125.0 563.0 137.0
ship 527.0 147.0 559.0 159.0
ship 526.0 188.0 558.0 200.0
ship 526.0 207.0 558.0 219.0
ship 580.0 248.0 618.0 260.0
ship 584.0 266.0 622.0 278.0
ship 533.0 268.0 565.0 279.0
ship 581.0 286.0 619.0 298.0
ship 522.0 308.0 560.0 320.0
ship 519.0 285.0 557.0 297.0
ship 533.0 366.0 563.0 379.0
ship 579.0 306.0 617.0 318.0
ship 521.0 323.0 559.0 335.0
ship 520.0 347.0 558.0 359.0
ship 580.0 365.0 610.0 378.0
ship 579.0 347.0 609.0 360.0
ship 529.0 406.0 559.0 419.0
ship 579.0 404.0 621.0 422.0
ship 579.0 422.0 629.0 442.0
ship 521.0 445.0 568.0 462.0
ship 588.0 509.0 618.0 524.0
ship 531.0 469.0 564.0 480.0
ship 531.0 489.0 564.0 500.0
ship 583.0 482.0 613.0 497.0
ship 530.0 527.0 563.0 538.0
ship 580.0 548.0 621.0 564.0
ship 532.0 633.0 567.0 646.0
ship 586.0 632.0 621.0 645.0
ship 583.0 665.0 624.0 684.0
ship 583.0 646.0 618.0 659.0
