harbor 299.0 244.0 768.0 799.0
harbor 47.0 17.0 571.0 644.0
ship 376.0 68.0 426.0 113.0
ship 311.0 193.0 359.0 232.0
ship 254.0 272.0 302.0 311.0
ship 236.0 298.0 284.0 337.0
ship 209.0 321.0 257.0 360.0
ship 127.0 449.0 175.0 488.0
ship 94.0 508.0 142.0 547.0
ship 158.0 551.0 206.0 590.0
ship 272.0 400.0 320.0 439.0
ship 313.0 350.0 372.0 407.0
ship 46.0 546.0 74.0 587.0
ship 93.0 570.0 122.0 611.0
ship 154.0 596.0 181.0 643.0
ship 308.0 702.0 340.0 728.0
ship 318.0 684.0 350.0 710.0
ship 334.0 673.0 366.0 699.0
ship 346.0 651.0 378.0 677.0
ship 356.0 636.0 388.0 662.0
ship 372.0 621.0 404.0 647.0
ship 388.0 608.0 420.0 634.0
ship 399.0 586.0 431.0 612.0
ship 412.0 571.0 444.0 597.0
ship 428.0 555.0 460.0 581.0
ship 440.0 540.0 472.0 566.0
ship 450.0 521.0 482.0 547.0
ship 467.0 509.0 499.0 535.0
ship 478.0 490.0 510.0 516.0
ship 492.0 474.0 524.0 500.0
ship 505.0 457.0 537.0 483.0
ship 517.0 439.0 549.0 465.0
ship 534.0 426.0 566.0 452.0
ship 545.0 408.0 577.0 434.0
ship 570.0 374.0 602.0 400.0
ship 585.0 359.0 617.0 385.0
ship 599.0 346.0 631.0 372.0
ship 613.0 328.0 637.0 350.0
ship 620.0 307.0 652.0 333.0
ship 652.0 279.0 684.0 305.0
ship 665.0 263.0 697.0 289.0
ship 678.0 243.0 710.0 269.0
ship 651.0 362.0 683.0 388.0
ship 623.0 394.0 655.0 420.0
ship 521.0 526.0 553.0 552.0
ship 454.0 607.0 486.0 633.0
ship 429.0 639.0 461.0 665.0
ship 411.0 673.0 443.0 699.0
ship 379.0 704.0 411.0 730.0
ship 364.0 723.0 396.0 749.0
ship 348.0 737.0 384.0 767.0
