harbor 709.0 294.0 775.0 639.0
harbor 356.0 73.0 627.0 107.0
harbor 215.0 168.0 707.0 232.0
harbor 14.0 207.0 121.0 719.0
harbor 156.0 306.0 244.0 718.0
harbor 264.0 326.0 363.0 671.0
harbor 363.0 299.0 437.0 672.0
harbor 456.0 297.0 525.0 658.0
harbor 542.0 293.0 608.0 651.0
harbor 620.0 287.0 693.0 648.0
ship 51.0 645.0 79.0 653.0
ship 44.0 657.0 80.0 667.0
ship 42.0 671.0 79.0 683.0
ship 40.0 685.0 81.0 696.0
ship 44.0 699.0 81.0 712.0
ship 89.0 642.0 115.0 649.0
ship 89.0 652.0 117.0 662.0
ship 85.0 665.0 121.0 676.0
ship 87.0 703.0 116.0 712.0
ship 173.0 636.0 200.0 647.0
ship 208.0 634.0 242.0 646.0
ship 174.0 662.0 204.0 671.0
ship 173.0 671.0 205.0 683.0
ship 171.0 697.0 206.0 709.0
ship 210.0 646.0 241.0 656.0
ship 210.0 659.0 243.0 669.0
ship 211.0 671.0 243.0 681.0
ship 210.0 684.0 244.0 695.0
ship 280.0 632.0 307.0 642.0
ship 281.0 649.0 309.0 661.0
ship 294.0 663.0 317.0 674.0
ship 314.0 630.0 343.0 640.0
ship 314.0 646.0 343.0 657.0
ship 331.0 662.0 365.0 673.0
ship 379.0 644.0 404.0 654.0
ship 374.0 660.0 406.0 672.0
ship 413.0 643.0 438.0 653.0
ship 470.0 640.0 496.0 650.0
ship 502.0 641.0 526.0 651.0
ship 557.0 640.0 579.0 649.0
ship 590.0 636.0 611.0 643.0
ship 638.0 632.0 661.0 640.0
ship 669.0 634.0 694.0 643.0
ship 723.0 624.0 744.0 634.0
ship 725.0 609.0 744.0 618.0
ship 750.0 607.0 775.0 617.0
ship 752.0 621.0 777.0 631.0
ship 724.0 598.0 743.0 607.0
ship 751.0 595.0 775.0 604.0
ship 751.0 583.0 775.0 592.0
ship 720.0 572.0 743.0 582.0
ship 750.0 570.0 774.0 581.0
ship 721.0 550.0 740.0 557.0
ship 750.0 558.0 773.0 567.0
ship 747.0 547.0 773.0 555.0
ship 720.0 534.0 740.0 542.0
ship 748.0 532.0 772.0 542.0
ship 747.0 520.0 772.0 530.0
ship 719.0 510.0 739.0 517.0
ship 717.0 499.0 738.0 506.0
ship 747.0 507.0 773.0 517.0
ship 747.0 495.0 771.0 505.0
ship 717.0 484.0 737.0 493.0
ship 745.0 483.0 770.0 492.0
ship 746.0 470.0 771.0 479.0
ship 716.0 473.0 737.0 480.0
ship 745.0 457.0 769.0 466.0
ship 717.0 459.0 737.0 467.0
ship 716.0 449.0 735.0 455.0
ship 744.0 445.0 769.0 455.0
ship 742.0 432.0 767.0 442.0
ship 712.0 433.0 737.0 443.0
ship 713.0 422.0 736.0 431.0
ship 743.0 420.0 768.0 429.0
ship 741.0 407.0 766.0 416.0
ship 714.0 409.0 732.0 416.0
ship 713.0 397.0 734.0 405.0
ship 740.0 394.0 767.0 404.0
ship 740.0 382.0 764.0 391.0
ship 713.0 383.0 732.0 390.0
ship 741.0 370.0 766.0 379.0
ship 711.0 372.0 734.0 381.0
ship 740.0 356.0 765.0 366.0
ship 710.0 347.0 732.0 356.0
ship 738.0 345.0 763.0 354.0
ship 710.0 333.0 731.0 342.0
ship 738.0 331.0 764.0 342.0
ship 709.0 322.0 730.0 331.0
ship 737.0 321.0 763.0 328.0
ship 708.0 308.0 730.0 317.0
ship 737.0 306.0 760.0 316.0
ship 631.0 213.0 675.0 225.0
ship 584.0 213.0 625.0 227.0
ship 566.0 215.0 585.0 224.0
ship 467.0 219.0 497.0 228.0
ship 415.0 221.0 452.0 230.0
ship 359.0 223.0 389.0 233.0
ship 363.0 82.0 391.0 92.0
ship 360.0 99.0 388.0 106.0
ship 413.0 79.0 439.0 89.0
ship 455.0 75.0 485.0 87.0
ship 510.0 75.0 537.0 84.0
ship 571.0 72.0 602.0 83.0
ship 18.0 210.0 60.0 221.0
ship 66.0 206.0 100.0 220.0
ship 27.0 225.0 58.0 239.0
ship 68.0 223.0 103.0 235.0
ship 64.0 237.0 102.0 248.0
ship 66.0 252.0 107.0 264.0
ship 21.0 267.0 60.0 279.0
ship 67.0 265.0 102.0 276.0
ship 68.0 294.0 105.0 306.0
ship 23.0 311.0 64.0 324.0
ship 73.0 322.0 108.0 333.0
