baseballfield 456.0 154.0 594.0 292.0
baseballfield 200.0 528.0 334.0 668.0
vehicle 135.0 120.0 156.0 143.0
vehicle 161.0 110.0 170.0 133.0
vehicle 186.0 105.0 200.0 136.0
vehicle 219.0 108.0 229.0 130.0
vehicle 245.0 111.0 253.0 130.0
vehicle 266.0 111.0 278.0 134.0
vehicle 272.0 55.0 286.0 80.0
vehicle 146.0 170.0 157.0 196.0
vehicle 174.0 166.0 185.0 191.0
vehicle 187.0 167.0 201.0 191.0
vehicle 206.0 162.0 218.0 191.0
vehicle 226.0 166.0 236.0 188.0
vehicle 242.0 164.0 253.0 186.0
vehicle 289.0 168.0 298.0 187.0
vehicle 313.0 159.0 336.0 182.0
vehicle 40.0 188.0 61.0 200.0
