harbor 1.0 1.0 800.0 197.0
harbor 270.0 569.0 514.0 708.0
harbor 442.0 750.0 565.0 800.0
harbor 21.0 173.0 291.0 486.0
harbor 414.0 274.0 754.0 487.0
ship 74.0 171.0 135.0 189.0
ship 34.0 206.0 209.0 239.0
ship 36.0 241.0 232.0 271.0
ship 39.0 275.0 252.0 315.0
ship 33.0 328.0 189.0 354.0
ship 32.0 359.0 206.0 389.0
ship 33.0 395.0 209.0 426.0
ship 75.0 438.0 292.0 472.0
ship 76.0 31.0 96.0 95.0
ship 75.0 99.0 94.0 165.0
ship 99.0 30.0 121.0 114.0
ship 126.0 34.0 144.0 71.0
ship 153.0 30.0 176.0 88.0
ship 183.0 27.0 203.0 87.0
ship 211.0 24.0 231.0 99.0
ship 238.0 29.0 264.0 132.0
ship 277.0 32.0 305.0 154.0
ship 353.0 41.0 384.0 190.0
ship 433.0 33.0 459.0 165.0
ship 471.0 35.0 496.0 142.0
ship 522.0 47.0 549.0 167.0
ship 559.0 37.0 588.0 174.0
ship 511.0 30.0 524.0 61.0
ship 607.0 25.0 633.0 155.0
ship 645.0 26.0 674.0 167.0
ship 677.0 25.0 701.0 138.0
ship 706.0 25.0 732.0 181.0
ship 752.0 87.0 799.0 193.0
ship 746.0 1.0 786.0 50.0
ship 120.0 491.0 153.0 502.0
ship 165.0 494.0 199.0 506.0
ship 208.0 494.0 233.0 502.0
ship 240.0 495.0 275.0 503.0
ship 278.0 496.0 316.0 505.0
ship 319.0 495.0 344.0 505.0
ship 349.0 496.0 375.0 505.0
ship 378.0 497.0 399.0 505.0
ship 400.0 497.0 420.0 505.0
ship 425.0 496.0 444.0 503.0
ship 453.0 497.0 485.0 506.0
ship 490.0 496.0 506.0 505.0
ship 511.0 498.0 535.0 507.0
ship 582.0 497.0 604.0 506.0
ship 606.0 499.0 637.0 508.0
ship 643.0 498.0 671.0 507.0
ship 681.0 500.0 708.0 510.0
ship 726.0 501.0 755.0 510.0
ship 414.0 455.0 520.0 477.0
ship 303.0 452.0 337.0 465.0
ship 288.0 462.0 331.0 474.0
ship 349.0 459.0 403.0 475.0
ship 454.0 443.0 489.0 455.0
ship 505.0 380.0 524.0 446.0
ship 535.0 334.0 559.0 468.0
ship 569.0 359.0 594.0 472.0
ship 604.0 356.0 625.0 478.0
ship 640.0 336.0 662.0 477.0
ship 295.0 729.0 342.0 743.0
ship 164.0 738.0 183.0 746.0
ship 346.0 570.0 357.0 591.0
ship 482.0 676.0 514.0 695.0
