airplane 11.0 756.0 66.0 795.0
airplane 355.0 385.0 413.0 433.0
airplane 372.0 458.0 446.0 511.0
airplane 325.0 614.0 384.0 671.0
airplane 380.0 661.0 428.0 706.0
airplane 451.0 634.0 508.0 695.0
airplane 427.0 341.0 466.0 404.0
airplane 509.0 368.0 565.0 441.0
airplane 588.0 260.0 641.0 317.0
airplane 647.0 229.0 694.0 273.0
vehicle 724.0 330.0 729.0 348.0
vehicle 717.0 332.0 723.0 355.0
vehicle 709.0 341.0 715.0 363.0
vehicle 704.0 351.0 709.0 373.0
vehicle 695.0 364.0 703.0 387.0
vehicle 257.0 633.0 277.0 647.0
airplane 738.0 131.0 797.0 206.0
