trainstation 19.0 395.0 205.0 722.0
vehicle 211.0 100.0 218.0 112.0
vehicle 218.0 158.0 224.0 171.0
vehicle 269.0 568.0 276.0 581.0
vehicle 230.0 479.0 244.0 486.0
vehicle 350.0 590.0 356.0 601.0
vehicle 330.0 614.0 336.0 625.0
vehicle 336.0 614.0 341.0 625.0
vehicle 530.0 302.0 541.0 308.0
vehicle 524.0 385.0 535.0 392.0
vehicle 521.0 438.0 531.0 443.0
vehicle 517.0 501.0 529.0 508.0
vehicle 511.0 571.0 521.0 577.0
vehicle 511.0 578.0 522.0 584.0
vehicle 498.0 582.0 510.0 588.0
vehicle 489.0 666.0 504.0 673.0
vehicle 667.0 715.0 681.0 721.0
vehicle 495.0 778.0 509.0 784.0
vehicle 498.0 794.0 508.0 800.0
vehicle 153.0 47.0 163.0 62.0
vehicle 161.0 45.0 171.0 58.0
vehicle 601.0 388.0 606.0 400.0
vehicle 402.0 451.0 408.0 465.0
