storagetank 254.0 136.0 351.0 232.0
storagetank 189.0 243.0 291.0 344.0
storagetank 135.0 383.0 224.0 472.0
storagetank 326.0 235.0 440.0 347.0
storagetank 257.0 363.0 363.0 467.0
storagetank 531.0 114.0 633.0 218.0
storagetank 659.0 108.0 766.0 214.0
storagetank 533.0 244.0 638.0 347.0
storagetank 755.0 410.0 769.0 422.0
storagetank 770.0 413.0 783.0 424.0
storagetank 756.0 424.0 770.0 436.0
storagetank 770.0 424.0 783.0 435.0
storagetank 757.0 436.0 771.0 447.0
storagetank 771.0 436.0 783.0 448.0
storagetank 758.0 447.0 771.0 460.0
storagetank 770.0 447.0 785.0 459.0
storagetank 758.0 461.0 771.0 474.0
storagetank 771.0 461.0 785.0 473.0
storagetank 759.0 472.0 773.0 486.0
storagetank 771.0 474.0 785.0 485.0
storagetank 759.0 487.0 772.0 499.0
storagetank 772.0 487.0 786.0 498.0
storagetank 762.0 501.0 774.0 513.0
storagetank 775.0 500.0 787.0 511.0
storagetank 29.0 441.0 44.0 454.0
storagetank 49.0 441.0 65.0 453.0
storagetank 66.0 440.0 82.0 453.0
storagetank 49.0 454.0 65.0 467.0
storagetank 136.0 292.0 152.0 304.0
storagetank 153.0 291.0 169.0 304.0
storagetank 137.0 305.0 154.0 317.0
storagetank 154.0 306.0 168.0 317.0
storagetank 138.0 320.0 154.0 331.0
storagetank 155.0 319.0 169.0 332.0
vehicle 183.0 38.0 188.0 51.0
vehicle 189.0 37.0 196.0 50.0
vehicle 196.0 36.0 204.0 49.0
vehicle 219.0 36.0 224.0 49.0
vehicle 234.0 35.0 239.0 49.0
vehicle 349.0 34.0 354.0 46.0
vehicle 376.0 31.0 382.0 45.0
vehicle 421.0 580.0 440.0 627.0
vehicle 284.0 637.0 303.0 646.0
vehicle 1.0 563.0 16.0 569.0
vehicle 1.0 588.0 18.0 594.0
vehicle 6.0 622.0 20.0 628.0
vehicle 492.0 706.0 519.0 717.0
vehicle 494.0 718.0 517.0 726.0
vehicle 493.0 726.0 520.0 735.0
vehicle 493.0 736.0 520.0 743.0
vehicle 555.0 721.0 582.0 729.0
vehicle 285.0 615.0 294.0 618.0
