ship 337.0 675.0 703.0 760.0
ship 2.0 157.0 363.0 225.0
ship 7.0 199.0 368.0 263.0
ship 9.0 240.0 373.0 303.0
ship 15.0 291.0 293.0 334.0
ship 515.0 224.0 792.0 333.0
ship 503.0 256.0 777.0 365.0
ship 491.0 288.0 762.0 399.0
ship 479.0 318.0 750.0 435.0
vehicle 106.0 140.0 120.0 145.0
vehicle 137.0 136.0 150.0 141.0
vehicle 188.0 138.0 201.0 143.0
vehicle 590.0 6.0 600.0 21.0
vehicle 259.0 38.0 271.0 44.0
vehicle 267.0 738.0 276.0 748.0
vehicle 321.0 741.0 330.0 753.0
vehicle 350.0 745.0 359.0 756.0
vehicle 400.0 760.0 411.0 766.0
vehicle 425.0 760.0 446.0 767.0
vehicle 393.0 786.0 398.0 799.0
