airplane 118.0 593.0 150.0 624.0
airplane 88.0 561.0 114.0 584.0
airplane 136.0 572.0 153.0 586.0
airplane 134.0 536.0 165.0 560.0
airplane 181.0 647.0 208.0 670.0
airplane 186.0 616.0 214.0 640.0
airplane 193.0 584.0 224.0 611.0
airplane 212.0 526.0 236.0 550.0
airplane 281.0 546.0 312.0 577.0
airplane 304.0 585.0 323.0 606.0
airplane 283.0 643.0 310.0 663.0
airplane 412.0 580.0 438.0 603.0
airplane 136.0 475.0 150.0 491.0
airplane 109.0 471.0 125.0 486.0
airplane 84.0 464.0 99.0 479.0
airplane 61.0 360.0 74.0 377.0
airplane 150.0 404.0 168.0 425.0
airplane 183.0 394.0 198.0 408.0
airplane 26.0 281.0 52.0 309.0
airplane 149.0 319.0 178.0 350.0
airplane 178.0 360.0 207.0 383.0
airplane 189.0 330.0 219.0 355.0
airplane 201.0 269.0 231.0 294.0
airplane 137.0 226.0 168.0 250.0
airplane 116.0 118.0 140.0 143.0
airplane 183.0 34.0 202.0 48.0
airplane 762.0 35.0 794.0 59.0
airplane 731.0 161.0 761.0 186.0
airplane 694.0 13.0 707.0 23.0
airplane 698.0 31.0 710.0 43.0
airplane 686.0 45.0 698.0 55.0
airplane 668.0 106.0 685.0 120.0
airplane 644.0 200.0 656.0 213.0
airplane 649.0 218.0 660.0 230.0
airplane 638.0 231.0 649.0 243.0
airplane 629.0 263.0 639.0 275.0
airplane 632.0 280.0 642.0 292.0
airplane 625.0 313.0 637.0 323.0
airplane 669.0 399.0 696.0 422.0
airplane 594.0 401.0 610.0 413.0
airplane 579.0 440.0 606.0 463.0
airplane 658.0 429.0 690.0 453.0
airplane 653.0 461.0 681.0 485.0
airplane 578.0 473.0 593.0 484.0
airplane 577.0 592.0 586.0 603.0
airplane 600.0 599.0 611.0 610.0
airplane 527.0 640.0 556.0 665.0
airplane 521.0 671.0 548.0 694.0
airplane 510.0 699.0 542.0 725.0
airplane 475.0 597.0 494.0 611.0
airplane 409.0 758.0 433.0 780.0
airplane 273.0 673.0 304.0 697.0
airplane 638.0 300.0 645.0 308.0
