tenniscourt 161.0 81.0 203.0 139.0
tenniscourt 131.0 149.0 188.0 234.0
tenniscourt 186.0 162.0 235.0 231.0
tenniscourt 222.0 90.0 269.0 154.0
vehicle 454.0 70.0 466.0 78.0
vehicle 612.0 92.0 624.0 97.0
vehicle 626.0 92.0 638.0 101.0
vehicle 664.0 57.0 671.0 71.0
vehicle 559.0 107.0 570.0 116.0
vehicle 393.0 310.0 412.0 322.0
vehicle 585.0 340.0 598.0 348.0
vehicle 618.0 346.0 632.0 351.0
vehicle 610.0 331.0 624.0 341.0
vehicle 651.0 288.0 660.0 303.0
vehicle 342.0 270.0 355.0 278.0
vehicle 203.0 425.0 217.0 433.0
vehicle 671.0 531.0 680.0 543.0
vehicle 239.0 581.0 252.0 594.0
tenniscourt 253.0 104.0 296.0 167.0
tenniscourt 217.0 181.0 269.0 243.0
