harbor 603.0 443.0 741.0 667.0
harbor 9.0 448.0 511.0 589.0
vehicle 693.0 731.0 705.0 759.0
vehicle 19.0 749.0 47.0 782.0
harbor 44.0 622.0 122.0 662.0
harbor 347.0 680.0 381.0 755.0
harbor 407.0 669.0 444.0 755.0
ship 35.0 482.0 59.0 588.0
ship 95.0 484.0 117.0 538.0
ship 125.0 487.0 146.0 543.0
ship 329.0 473.0 350.0 542.0
ship 427.0 476.0 451.0 559.0
ship 484.0 476.0 507.0 542.0
ship 624.0 467.0 702.0 494.0
ship 615.0 538.0 711.0 572.0
ship 626.0 610.0 721.0 643.0
ship 54.0 631.0 122.0 660.0
ship 347.0 687.0 370.0 747.0
ship 407.0 672.0 434.0 741.0
vehicle 9.0 700.0 39.0 729.0
