harbor 94.0 138.0 547.0 235.0
harbor 103.0 269.0 617.0 405.0
harbor 99.0 480.0 687.0 580.0
harbor 98.0 632.0 784.0 763.0
harbor 27.0 196.0 99.0 792.0
ship 142.0 143.0 212.0 166.0
ship 34.0 373.0 92.0 395.0
ship 29.0 502.0 87.0 524.0
ship 30.0 653.0 82.0 675.0
ship 26.0 707.0 85.0 728.0
ship 236.0 375.0 301.0 398.0
ship 361.0 287.0 386.0 359.0
ship 576.0 284.0 601.0 343.0
ship 252.0 494.0 310.0 517.0
ship 248.0 699.0 269.0 755.0
ship 353.0 630.0 374.0 686.0
ship 557.0 643.0 576.0 692.0
ship 559.0 702.0 578.0 751.0
ship 688.0 705.0 707.0 754.0
ship 763.0 697.0 782.0 746.0
