harbor 21.0 736.0 78.0 769.0
harbor 26.0 152.0 137.0 234.0
harbor 32.0 435.0 181.0 531.0
harbor 722.0 714.0 783.0 750.0
harbor 740.0 651.0 787.0 690.0
harbor 753.0 590.0 799.0 602.0
harbor 757.0 631.0 785.0 642.0
harbor 747.0 515.0 780.0 531.0
bridge 1.0 294.0 783.0 513.0
harbor 27.0 275.0 147.0 361.0
ship 725.0 727.0 733.0 749.0
ship 553.0 400.0 562.0 413.0
ship 656.0 369.0 664.0 380.0
ship 28.0 169.0 37.0 186.0
ship 38.0 174.0 45.0 186.0
ship 50.0 173.0 56.0 189.0
ship 84.0 209.0 92.0 223.0
ship 121.0 209.0 130.0 224.0
ship 139.0 280.0 147.0 300.0
ship 101.0 291.0 109.0 308.0
