harbor 122.0 327.0 519.0 395.0
harbor 132.0 225.0 410.0 271.0
harbor 546.0 74.0 642.0 239.0
harbor 18.0 106.0 99.0 214.0
harbor 154.0 72.0 555.0 132.0
harbor 122.0 81.0 223.0 381.0
harbor 689.0 71.0 771.0 106.0
ship 589.0 101.0 630.0 237.0
ship 547.0 123.0 578.0 215.0
ship 158.0 248.0 233.0 270.0
ship 158.0 271.0 222.0 293.0
ship 160.0 132.0 218.0 155.0
ship 164.0 117.0 223.0 135.0
ship 156.0 184.0 214.0 202.0
ship 162.0 222.0 218.0 240.0
ship 160.0 155.0 209.0 170.0
ship 158.0 294.0 203.0 310.0
ship 159.0 203.0 205.0 219.0
ship 238.0 115.0 290.0 131.0
ship 371.0 117.0 416.0 133.0
ship 195.0 359.0 240.0 375.0
ship 347.0 225.0 392.0 241.0
ship 492.0 115.0 530.0 133.0
ship 163.0 171.0 204.0 184.0
ship 158.0 311.0 194.0 329.0
ship 156.0 326.0 192.0 344.0
ship 159.0 341.0 192.0 358.0
ship 225.0 224.0 271.0 239.0
ship 236.0 246.0 272.0 264.0
ship 284.0 247.0 321.0 265.0
ship 169.0 360.0 198.0 373.0
ship 363.0 248.0 401.0 265.0
ship 302.0 227.0 333.0 239.0
ship 424.0 117.0 443.0 130.0
ship 355.0 116.0 374.0 127.0
ship 139.0 129.0 152.0 164.0
ship 37.0 142.0 100.0 216.0
ship 40.0 147.0 71.0 157.0
ship 47.0 180.0 63.0 211.0
ship 66.0 184.0 78.0 212.0
ship 126.0 135.0 138.0 165.0
ship 137.0 167.0 150.0 199.0
ship 137.0 199.0 151.0 231.0
ship 136.0 239.0 151.0 282.0
ship 125.0 281.0 139.0 314.0
ship 122.0 329.0 138.0 381.0
ship 446.0 117.0 469.0 129.0
ship 472.0 117.0 492.0 126.0
