harbor 376.0 85.0 661.0 390.0
harbor 223.0 249.0 500.0 506.0
harbor 115.0 356.0 377.0 643.0
ship 648.0 96.0 682.0 125.0
ship 595.0 62.0 634.0 93.0
ship 554.0 45.0 587.0 66.0
vehicle 687.0 79.0 708.0 101.0
vehicle 727.0 109.0 741.0 129.0
vehicle 256.0 164.0 267.0 184.0
ship 337.0 557.0 376.0 598.0
ship 310.0 515.0 350.0 551.0
ship 296.0 500.0 331.0 534.0
ship 283.0 494.0 306.0 517.0
ship 269.0 472.0 297.0 501.0
ship 246.0 454.0 285.0 487.0
ship 233.0 440.0 266.0 468.0
ship 220.0 422.0 248.0 452.0
ship 204.0 401.0 242.0 436.0
ship 184.0 387.0 221.0 421.0
ship 174.0 373.0 205.0 402.0
ship 154.0 355.0 187.0 387.0
ship 120.0 415.0 149.0 440.0
ship 130.0 428.0 168.0 468.0
ship 144.0 447.0 189.0 488.0
ship 159.0 464.0 206.0 509.0
ship 172.0 483.0 228.0 541.0
ship 192.0 508.0 245.0 556.0
ship 211.0 530.0 272.0 585.0
ship 232.0 550.0 289.0 608.0
ship 246.0 578.0 309.0 642.0
ship 419.0 477.0 457.0 508.0
ship 395.0 462.0 433.0 497.0
ship 383.0 442.0 419.0 477.0
ship 366.0 430.0 400.0 462.0
ship 353.0 417.0 384.0 441.0
ship 317.0 382.0 350.0 412.0
ship 300.0 366.0 334.0 396.0
ship 281.0 347.0 319.0 384.0
ship 277.0 330.0 306.0 361.0
ship 256.0 316.0 289.0 346.0
ship 242.0 295.0 275.0 326.0
ship 223.0 280.0 259.0 316.0
ship 297.0 258.0 332.0 290.0
ship 313.0 268.0 355.0 309.0
ship 329.0 288.0 371.0 326.0
ship 346.0 301.0 390.0 345.0
ship 363.0 327.0 399.0 363.0
ship 378.0 342.0 418.0 382.0
ship 392.0 364.0 431.0 401.0
ship 410.0 383.0 447.0 418.0
ship 428.0 398.0 468.0 439.0
ship 443.0 412.0 483.0 453.0
ship 463.0 434.0 500.0 469.0
ship 430.0 85.0 464.0 117.0
ship 443.0 112.0 475.0 140.0
ship 376.0 143.0 416.0 179.0
ship 391.0 161.0 437.0 207.0
ship 412.0 182.0 453.0 218.0
ship 431.0 197.0 473.0 236.0
ship 436.0 212.0 490.0 264.0
ship 464.0 240.0 505.0 276.0
ship 484.0 254.0 523.0 292.0
ship 501.0 274.0 544.0 315.0
ship 510.0 291.0 559.0 337.0
ship 533.0 312.0 576.0 356.0
ship 577.0 342.0 623.0 393.0
ship 621.0 307.0 662.0 341.0
ship 592.0 260.0 635.0 303.0
ship 611.0 291.0 639.0 316.0
ship 576.0 245.0 615.0 283.0
ship 561.0 226.0 599.0 263.0
ship 543.0 213.0 579.0 246.0
ship 525.0 186.0 570.0 230.0
ship 505.0 168.0 552.0 212.0
ship 491.0 149.0 538.0 194.0
ship 478.0 137.0 514.0 175.0
ship 465.0 119.0 498.0 154.0
