airplane 309.0 442.0 369.0 533.0
airplane 182.0 547.0 264.0 621.0
airplane 313.0 555.0 427.0 657.0
airplane 555.0 318.0 641.0 413.0
airplane 551.0 437.0 644.0 539.0
vehicle 46.0 591.0 65.0 620.0
vehicle 129.0 628.0 151.0 658.0
vehicle 305.0 693.0 329.0 730.0
vehicle 349.0 709.0 374.0 749.0
vehicle 194.0 508.0 252.0 534.0
vehicle 607.0 570.0 640.0 584.0
vehicle 599.0 598.0 633.0 612.0
vehicle 638.0 132.0 706.0 149.0
vehicle 639.0 165.0 694.0 182.0
vehicle 761.0 187.0 777.0 220.0
vehicle 728.0 257.0 743.0 291.0
