tenniscourt 214.0 519.0 279.0 597.0
tenniscourt 248.0 538.0 308.0 614.0
tenniscourt 273.0 559.0 341.0 637.0
tenniscourt 305.0 576.0 367.0 656.0
tenniscourt 334.0 599.0 399.0 680.0
tenniscourt 361.0 619.0 428.0 703.0
vehicle 171.0 686.0 178.0 696.0
vehicle 179.0 690.0 186.0 699.0
vehicle 192.0 700.0 197.0 710.0
vehicle 230.0 766.0 243.0 777.0
vehicle 379.0 733.0 389.0 741.0
vehicle 440.0 723.0 452.0 732.0
vehicle 500.0 725.0 513.0 736.0
vehicle 512.0 730.0 526.0 742.0
vehicle 476.0 741.0 484.0 755.0
vehicle 540.0 760.0 548.0 775.0
vehicle 469.0 758.0 475.0 768.0
vehicle 364.0 755.0 377.0 761.0
vehicle 356.0 771.0 369.0 779.0
vehicle 354.0 779.0 365.0 785.0
vehicle 348.0 786.0 360.0 794.0
vehicle 345.0 794.0 358.0 800.0
vehicle 516.0 784.0 526.0 792.0
vehicle 203.0 91.0 211.0 104.0
vehicle 210.0 143.0 221.0 148.0
vehicle 188.0 136.0 197.0 143.0
vehicle 260.0 120.0 273.0 128.0
vehicle 233.0 86.0 241.0 92.0
vehicle 249.0 153.0 255.0 166.0
vehicle 282.0 59.0 291.0 72.0
vehicle 329.0 33.0 335.0 44.0
vehicle 365.0 25.0 374.0 38.0
vehicle 402.0 16.0 416.0 25.0
vehicle 388.0 64.0 401.0 72.0
vehicle 355.0 78.0 364.0 86.0
vehicle 318.0 80.0 330.0 86.0
vehicle 305.0 100.0 313.0 107.0
vehicle 123.0 131.0 129.0 142.0
vehicle 158.0 121.0 164.0 131.0
vehicle 145.0 126.0 152.0 136.0
vehicle 32.0 167.0 38.0 177.0
vehicle 25.0 205.0 34.0 211.0
vehicle 143.0 190.0 150.0 202.0
vehicle 43.0 164.0 48.0 173.0
vehicle 47.0 172.0 54.0 181.0
vehicle 29.0 628.0 44.0 641.0
vehicle 134.0 667.0 142.0 680.0
vehicle 66.0 655.0 80.0 665.0
vehicle 99.0 675.0 109.0 685.0
vehicle 56.0 693.0 66.0 701.0
vehicle 140.0 749.0 148.0 762.0
vehicle 169.0 723.0 183.0 736.0
vehicle 497.0 608.0 513.0 619.0
vehicle 498.0 615.0 512.0 626.0
vehicle 652.0 736.0 662.0 749.0
vehicle 600.0 747.0 609.0 760.0
vehicle 699.0 725.0 713.0 734.0
vehicle 658.0 619.0 672.0 631.0
vehicle 749.0 355.0 760.0 368.0
vehicle 728.0 161.0 736.0 174.0
vehicle 576.0 13.0 583.0 23.0
vehicle 561.0 18.0 566.0 28.0
vehicle 526.0 30.0 533.0 40.0
vehicle 513.0 32.0 518.0 42.0
vehicle 641.0 698.0 651.0 706.0
vehicle 653.0 704.0 664.0 713.0
vehicle 743.0 746.0 753.0 753.0
vehicle 770.0 760.0 780.0 767.0
vehicle 782.0 766.0 795.0 775.0
