harbor 48.0 387.0 246.0 758.0
harbor 372.0 394.0 518.0 759.0
harbor 609.0 422.0 774.0 762.0
ship 48.0 404.0 150.0 432.0
ship 169.0 401.0 243.0 426.0
ship 169.0 531.0 243.0 556.0
ship 169.0 563.0 243.0 588.0
ship 172.0 593.0 246.0 618.0
ship 68.0 648.0 142.0 673.0
ship 76.0 684.0 145.0 706.0
ship 165.0 693.0 228.0 717.0
ship 375.0 439.0 438.0 463.0
ship 458.0 469.0 521.0 493.0
ship 370.0 503.0 433.0 527.0
ship 383.0 532.0 426.0 551.0
ship 387.0 572.0 436.0 590.0
ship 382.0 596.0 431.0 614.0
ship 376.0 657.0 427.0 680.0
ship 683.0 437.0 772.0 462.0
ship 618.0 483.0 665.0 502.0
ship 676.0 546.0 749.0 567.0
ship 609.0 600.0 665.0 622.0
ship 682.0 683.0 738.0 705.0
