harbor 14.0 44.0 662.0 148.0
harbor 18.0 196.0 750.0 305.0
harbor 85.0 352.0 786.0 453.0
harbor 111.0 482.0 760.0 581.0
ship 50.0 44.0 66.0 90.0
ship 37.0 198.0 53.0 244.0
ship 77.0 257.0 95.0 300.0
ship 202.0 258.0 220.0 301.0
ship 387.0 101.0 405.0 144.0
ship 434.0 46.0 452.0 89.0
ship 479.0 46.0 497.0 89.0
ship 479.0 102.0 497.0 145.0
ship 475.0 202.0 493.0 245.0
ship 666.0 207.0 683.0 244.0
ship 685.0 205.0 704.0 246.0
ship 727.0 253.0 747.0 301.0
ship 204.0 358.0 222.0 401.0
ship 186.0 407.0 202.0 448.0
ship 322.0 360.0 338.0 401.0
ship 360.0 358.0 376.0 399.0
ship 514.0 356.0 530.0 397.0
ship 555.0 359.0 571.0 400.0
ship 632.0 357.0 648.0 398.0
ship 748.0 358.0 764.0 399.0
ship 746.0 407.0 762.0 448.0
ship 766.0 407.0 782.0 448.0
ship 742.0 495.0 758.0 536.0
ship 668.0 488.0 684.0 529.0
ship 475.0 492.0 489.0 527.0
ship 435.0 490.0 450.0 528.0
ship 339.0 490.0 354.0 528.0
ship 320.0 493.0 335.0 531.0
ship 264.0 496.0 280.0 528.0
ship 148.0 498.0 164.0 530.0
