harbor 391.0 118.0 799.0 302.0
vehicle 755.0 760.0 776.0 769.0
vehicle 23.0 394.0 48.0 403.0
vehicle 1.0 394.0 11.0 402.0
vehicle 1.0 421.0 12.0 428.0
harbor 257.0 220.0 341.0 498.0
harbor 379.0 416.0 800.0 559.0
ship 265.0 479.0 307.0 494.0
ship 272.0 439.0 312.0 453.0
ship 271.0 457.0 305.0 472.0
ship 272.0 415.0 305.0 429.0
ship 273.0 304.0 316.0 321.0
ship 272.0 266.0 314.0 280.0
ship 271.0 285.0 309.0 299.0
ship 274.0 225.0 307.0 238.0
ship 275.0 246.0 308.0 257.0
ship 396.0 130.0 422.0 143.0
ship 394.0 161.0 422.0 180.0
ship 402.0 186.0 430.0 199.0
ship 411.0 194.0 434.0 218.0
ship 418.0 210.0 449.0 239.0
ship 442.0 219.0 459.0 247.0
ship 470.0 231.0 493.0 299.0
ship 500.0 244.0 515.0 285.0
ship 523.0 244.0 536.0 278.0
ship 546.0 238.0 565.0 289.0
ship 569.0 236.0 582.0 271.0
ship 592.0 241.0 609.0 283.0
ship 614.0 235.0 632.0 285.0
ship 380.0 535.0 411.0 552.0
ship 382.0 513.0 415.0 532.0
ship 399.0 493.0 426.0 521.0
ship 416.0 477.0 441.0 506.0
ship 434.0 464.0 453.0 498.0
ship 450.0 456.0 469.0 485.0
ship 473.0 444.0 488.0 480.0
ship 518.0 421.0 538.0 482.0
ship 547.0 432.0 565.0 485.0
ship 567.0 438.0 582.0 481.0
ship 596.0 452.0 609.0 488.0
ship 618.0 443.0 632.0 482.0
ship 664.0 435.0 677.0 480.0
ship 712.0 422.0 738.0 487.0
ship 742.0 423.0 770.0 489.0
ship 771.0 438.0 787.0 486.0
ship 714.0 237.0 736.0 296.0
ship 743.0 237.0 762.0 295.0
ship 768.0 241.0 788.0 298.0
