airplane 240.0 168.0 283.0 217.0
airplane 300.0 181.0 335.0 241.0
airplane 355.0 209.0 389.0 252.0
airplane 178.0 306.0 203.0 321.0
airplane 205.0 316.0 234.0 336.0
airplane 205.0 356.0 233.0 380.0
airplane 142.0 428.0 171.0 455.0
airplane 262.0 430.0 283.0 451.0
airplane 161.0 475.0 198.0 514.0
airplane 72.0 603.0 94.0 618.0
airplane 75.0 632.0 102.0 648.0
airplane 90.0 657.0 124.0 680.0
airplane 47.0 686.0 102.0 725.0
airplane 25.0 737.0 47.0 756.0
airplane 181.0 543.0 206.0 565.0
airplane 216.0 560.0 243.0 581.0
airplane 217.0 603.0 267.0 652.0
airplane 205.0 674.0 272.0 728.0
airplane 695.0 471.0 724.0 502.0
airplane 747.0 547.0 775.0 576.0
airplane 583.0 535.0 595.0 550.0
airplane 715.0 588.0 733.0 604.0
airplane 519.0 264.0 532.0 282.0
airplane 703.0 634.0 733.0 661.0
airplane 698.0 685.0 723.0 713.0
airplane 614.0 294.0 634.0 317.0
airplane 567.0 279.0 588.0 298.0
airplane 651.0 308.0 661.0 324.0
airplane 674.0 312.0 694.0 335.0
airplane 708.0 332.0 713.0 345.0
airplane 728.0 334.0 736.0 345.0
airplane 772.0 351.0 786.0 365.0
