harbor 5.0 64.0 70.0 79.0
harbor 10.0 96.0 71.0 116.0
harbor 11.0 96.0 743.0 161.0
harbor 18.0 204.0 754.0 292.0
harbor 23.0 346.0 751.0 430.0
harbor 8.0 478.0 736.0 562.0
harbor 39.0 623.0 718.0 701.0
ship 777.0 116.0 786.0 146.0
ship 36.0 105.0 65.0 113.0
ship 44.0 137.0 57.0 164.0
ship 124.0 135.0 137.0 162.0
ship 151.0 136.0 164.0 163.0
ship 177.0 134.0 190.0 161.0
ship 204.0 133.0 217.0 160.0
ship 231.0 97.0 244.0 124.0
ship 270.0 96.0 283.0 123.0
ship 297.0 98.0 310.0 125.0
ship 286.0 133.0 299.0 160.0
ship 396.0 98.0 407.0 123.0
ship 502.0 98.0 513.0 123.0
ship 527.0 97.0 538.0 122.0
ship 568.0 130.0 579.0 155.0
ship 636.0 97.0 647.0 122.0
ship 716.0 96.0 727.0 121.0
ship 717.0 130.0 728.0 155.0
ship 713.0 247.0 727.0 289.0
ship 586.0 204.0 599.0 232.0
ship 514.0 202.0 527.0 230.0
ship 462.0 246.0 481.0 283.0
ship 443.0 246.0 462.0 283.0
ship 409.0 246.0 426.0 282.0
ship 373.0 204.0 390.0 238.0
ship 406.0 202.0 423.0 236.0
ship 358.0 203.0 375.0 237.0
ship 337.0 251.0 354.0 285.0
ship 302.0 256.0 318.0 284.0
ship 195.0 247.0 213.0 295.0
ship 126.0 250.0 144.0 290.0
ship 90.0 246.0 108.0 286.0
ship 35.0 248.0 53.0 288.0
ship 37.0 206.0 50.0 238.0
ship 55.0 204.0 68.0 236.0
ship 59.0 350.0 77.0 388.0
ship 83.0 389.0 101.0 427.0
ship 181.0 350.0 199.0 388.0
ship 253.0 392.0 271.0 430.0
ship 358.0 346.0 376.0 384.0
ship 378.0 396.0 393.0 430.0
ship 448.0 392.0 463.0 426.0
ship 557.0 390.0 572.0 424.0
ship 587.0 390.0 602.0 424.0
ship 660.0 347.0 675.0 381.0
ship 732.0 345.0 747.0 379.0
ship 676.0 519.0 690.0 550.0
ship 515.0 520.0 529.0 551.0
ship 497.0 477.0 511.0 508.0
ship 466.0 520.0 480.0 551.0
ship 449.0 520.0 463.0 551.0
ship 387.0 521.0 402.0 555.0
ship 354.0 519.0 369.0 553.0
ship 350.0 479.0 365.0 513.0
ship 320.0 480.0 335.0 514.0
ship 288.0 479.0 303.0 513.0
ship 209.0 480.0 224.0 509.0
ship 191.0 520.0 207.0 558.0
ship 177.0 521.0 190.0 553.0
ship 158.0 482.0 171.0 514.0
ship 62.0 518.0 80.0 559.0
ship 46.0 521.0 61.0 557.0
ship 73.0 640.0 92.0 688.0
ship 103.0 638.0 122.0 686.0
ship 154.0 638.0 173.0 686.0
ship 140.0 634.0 153.0 664.0
ship 125.0 635.0 138.0 665.0
ship 179.0 640.0 198.0 688.0
ship 205.0 642.0 223.0 683.0
ship 263.0 627.0 287.0 689.0
ship 339.0 642.0 362.0 685.0
ship 372.0 634.0 395.0 677.0
ship 398.0 636.0 420.0 684.0
ship 422.0 641.0 444.0 689.0
ship 447.0 627.0 468.0 682.0
ship 483.0 643.0 499.0 686.0
ship 513.0 642.0 529.0 680.0
ship 539.0 642.0 555.0 680.0
ship 588.0 638.0 607.0 685.0
ship 613.0 630.0 635.0 683.0
ship 663.0 651.0 679.0 684.0
