storagetank 161.0 228.0 241.0 295.0
storagetank 231.0 299.0 311.0 366.0
storagetank 301.0 367.0 389.0 444.0
storagetank 369.0 306.0 439.0 363.0
storagetank 432.0 239.0 522.0 322.0
storagetank 497.0 190.0 545.0 232.0
storagetank 542.0 141.0 601.0 194.0
storagetank 597.0 193.0 646.0 235.0
storagetank 627.0 230.0 680.0 279.0
storagetank 572.0 275.0 633.0 327.0
storagetank 509.0 322.0 579.0 379.0
storagetank 452.0 376.0 519.0 434.0
storagetank 390.0 436.0 460.0 499.0
storagetank 356.0 508.0 395.0 545.0
storagetank 453.0 503.0 523.0 566.0
storagetank 418.0 574.0 496.0 644.0
storagetank 513.0 449.0 582.0 508.0
storagetank 566.0 385.0 640.0 451.0
storagetank 379.0 586.0 398.0 601.0
vehicle 109.0 732.0 166.0 749.0
vehicle 173.0 684.0 215.0 734.0
vehicle 200.0 557.0 219.0 567.0
vehicle 196.0 549.0 211.0 558.0
vehicle 175.0 523.0 191.0 530.0
vehicle 228.0 488.0 244.0 504.0
vehicle 236.0 494.0 251.0 508.0
vehicle 249.0 508.0 262.0 522.0
vehicle 359.0 171.0 373.0 187.0
vehicle 386.0 152.0 400.0 167.0
