vehicle 369.0 700.0 377.0 719.0
vehicle 383.0 701.0 392.0 718.0
vehicle 393.0 700.0 401.0 718.0
vehicle 418.0 708.0 427.0 727.0
vehicle 397.0 637.0 405.0 656.0
vehicle 416.0 633.0 424.0 653.0
vehicle 427.0 634.0 435.0 654.0
vehicle 484.0 581.0 497.0 598.0
vehicle 508.0 580.0 518.0 598.0
vehicle 540.0 581.0 547.0 596.0
vehicle 605.0 590.0 622.0 604.0
vehicle 621.0 592.0 638.0 605.0
airplane 508.0 552.0 555.0 594.0
vehicle 488.0 481.0 504.0 489.0
vehicle 556.0 475.0 564.0 492.0
airplane 485.0 451.0 514.0 479.0
airplane 484.0 381.0 517.0 415.0
vehicle 477.0 401.0 486.0 418.0
vehicle 713.0 594.0 729.0 609.0
vehicle 738.0 598.0 750.0 610.0
vehicle 750.0 596.0 759.0 610.0
vehicle 30.0 459.0 59.0 470.0
vehicle 26.0 373.0 37.0 405.0
vehicle 192.0 396.0 208.0 403.0
vehicle 217.0 467.0 234.0 476.0
vehicle 214.0 420.0 230.0 427.0
vehicle 179.0 345.0 201.0 357.0
airplane 215.0 324.0 243.0 358.0
vehicle 377.0 521.0 383.0 532.0
vehicle 376.0 500.0 385.0 515.0
vehicle 382.0 425.0 391.0 443.0
vehicle 383.0 372.0 393.0 387.0
vehicle 350.0 297.0 371.0 305.0
vehicle 405.0 327.0 422.0 342.0
vehicle 407.0 317.0 423.0 329.0
vehicle 358.0 276.0 378.0 285.0
vehicle 785.0 268.0 800.0 276.0
vehicle 785.0 253.0 800.0 261.0
airplane 779.0 218.0 800.0 252.0
airplane 759.0 208.0 784.0 246.0
airplane 715.0 206.0 750.0 244.0
airplane 579.0 192.0 652.0 258.0
airplane 499.0 208.0 526.0 245.0
vehicle 560.0 171.0 577.0 181.0
airplane 420.0 201.0 452.0 244.0
airplane 362.0 195.0 389.0 233.0
airplane 362.0 240.0 386.0 273.0
airplane 324.0 182.0 352.0 212.0
airplane 332.0 218.0 358.0 250.0
airplane 329.0 264.0 356.0 294.0
airplane 232.0 239.0 257.0 273.0
airplane 203.0 215.0 231.0 247.0
airplane 234.0 188.0 258.0 224.0
airplane 63.0 189.0 94.0 228.0
airplane 87.0 227.0 121.0 279.0
airplane 207.0 429.0 231.0 461.0
