tenniscourt 258.0 177.0 292.0 244.0
vehicle 714.0 38.0 725.0 45.0
vehicle 528.0 274.0 542.0 282.0
vehicle 571.0 278.0 584.0 286.0
vehicle 639.0 294.0 652.0 306.0
vehicle 652.0 306.0 661.0 322.0
vehicle 222.0 268.0 233.0 274.0
vehicle 13.0 499.0 28.0 508.0
vehicle 45.0 516.0 57.0 522.0
vehicle 76.0 519.0 88.0 527.0
vehicle 94.0 521.0 105.0 531.0
vehicle 107.0 523.0 120.0 532.0
vehicle 140.0 522.0 154.0 532.0
vehicle 140.0 509.0 153.0 517.0
vehicle 158.0 523.0 172.0 533.0
vehicle 675.0 283.0 688.0 289.0
vehicle 475.0 546.0 488.0 554.0
vehicle 503.0 570.0 512.0 579.0
vehicle 147.0 253.0 158.0 257.0
vehicle 288.0 259.0 297.0 265.0
vehicle 5.0 766.0 19.0 775.0
vehicle 382.0 794.0 397.0 800.0
