tenniscourt 106.0 112.0 157.0 176.0
tenniscourt 134.0 94.0 191.0 157.0
tenniscourt 163.0 73.0 220.0 138.0
tenniscourt 78.0 222.0 133.0 284.0
tenniscourt 106.0 203.0 161.0 267.0
tenniscourt 152.0 183.0 203.0 244.0
tenniscourt 181.0 166.0 233.0 226.0
tenniscourt 209.0 148.0 264.0 210.0
tenniscourt 121.0 294.0 178.0 356.0
tenniscourt 153.0 278.0 203.0 341.0
tenniscourt 196.0 258.0 248.0 322.0
tenniscourt 227.0 235.0 279.0 303.0
tenniscourt 255.0 220.0 308.0 284.0
vehicle 29.0 102.0 39.0 112.0
vehicle 44.0 86.0 54.0 99.0
vehicle 57.0 77.0 67.0 86.0
vehicle 76.0 66.0 83.0 78.0
vehicle 110.0 80.0 115.0 90.0
vehicle 42.0 120.0 48.0 131.0
vehicle 56.0 133.0 66.0 142.0
vehicle 57.0 153.0 67.0 164.0
vehicle 78.0 142.0 90.0 153.0
vehicle 159.0 34.0 171.0 40.0
vehicle 303.0 85.0 311.0 96.0
vehicle 259.0 37.0 267.0 42.0
vehicle 262.0 42.0 269.0 48.0
vehicle 409.0 115.0 421.0 130.0
vehicle 450.0 39.0 463.0 45.0
vehicle 451.0 47.0 463.0 52.0
vehicle 442.0 75.0 447.0 87.0
vehicle 444.0 198.0 454.0 212.0
vehicle 695.0 105.0 706.0 118.0
vehicle 709.0 91.0 720.0 102.0
vehicle 715.0 80.0 727.0 88.0
vehicle 722.0 59.0 732.0 71.0
vehicle 681.0 129.0 693.0 143.0
vehicle 744.0 121.0 752.0 133.0
vehicle 747.0 131.0 755.0 143.0
vehicle 699.0 181.0 706.0 191.0
vehicle 595.0 254.0 605.0 264.0
vehicle 605.0 241.0 615.0 249.0
vehicle 580.0 279.0 591.0 289.0
vehicle 538.0 378.0 556.0 389.0
vehicle 483.0 451.0 495.0 464.0
vehicle 388.0 560.0 403.0 569.0
vehicle 384.0 551.0 399.0 560.0
vehicle 383.0 543.0 396.0 552.0
vehicle 412.0 532.0 423.0 546.0
vehicle 465.0 567.0 473.0 581.0
vehicle 205.0 732.0 217.0 741.0
vehicle 292.0 669.0 306.0 679.0
vehicle 670.0 689.0 684.0 696.0
vehicle 669.0 694.0 679.0 701.0
vehicle 608.0 684.0 619.0 696.0
vehicle 657.0 667.0 665.0 679.0
vehicle 571.0 720.0 584.0 728.0
vehicle 629.0 621.0 636.0 631.0
vehicle 452.0 526.0 464.0 536.0
vehicle 508.0 527.0 518.0 536.0
vehicle 482.0 779.0 495.0 792.0
