ship 53.0 332.0 72.0 388.0
ship 156.0 146.0 220.0 197.0
ship 261.0 691.0 284.0 755.0
harbor 380.0 31.0 493.0 290.0
harbor 520.0 35.0 658.0 300.0
harbor 370.0 332.0 796.0 459.0
harbor 388.0 462.0 794.0 569.0
harbor 364.0 563.0 797.0 746.0
ship 408.0 33.0 432.0 102.0
ship 441.0 70.0 494.0 91.0
ship 402.0 109.0 427.0 181.0
ship 382.0 185.0 402.0 276.0
ship 401.0 186.0 421.0 273.0
ship 438.0 122.0 489.0 139.0
ship 438.0 142.0 485.0 163.0
ship 435.0 166.0 489.0 186.0
ship 433.0 205.0 483.0 222.0
ship 426.0 234.0 452.0 289.0
ship 453.0 234.0 478.0 293.0
ship 547.0 35.0 566.0 88.0
ship 526.0 190.0 541.0 224.0
ship 527.0 234.0 542.0 278.0
ship 574.0 97.0 594.0 153.0
ship 592.0 175.0 612.0 225.0
ship 590.0 235.0 612.0 300.0
ship 626.0 88.0 651.0 166.0
ship 630.0 36.0 650.0 88.0
ship 371.0 337.0 389.0 431.0
ship 400.0 332.0 419.0 383.0
ship 437.0 355.0 564.0 386.0
ship 390.0 431.0 484.0 457.0
ship 502.0 432.0 553.0 451.0
ship 567.0 432.0 637.0 454.0
ship 677.0 433.0 772.0 462.0
ship 724.0 461.0 783.0 480.0
ship 713.0 486.0 747.0 502.0
ship 408.0 508.0 450.0 525.0
ship 476.0 505.0 526.0 522.0
ship 596.0 500.0 643.0 520.0
ship 672.0 501.0 727.0 522.0
ship 418.0 539.0 513.0 568.0
ship 527.0 527.0 591.0 552.0
ship 682.0 530.0 728.0 547.0
ship 726.0 540.0 737.0 562.0
ship 474.0 600.0 514.0 619.0
ship 377.0 629.0 443.0 653.0
ship 471.0 636.0 527.0 653.0
ship 601.0 151.0 613.0 172.0
ship 574.0 245.0 586.0 268.0
