harbor 67.0 62.0 161.0 642.0
harbor 189.0 67.0 329.0 676.0
harbor 377.0 64.0 535.0 680.0
harbor 614.0 51.0 795.0 609.0
vehicle 121.0 35.0 140.0 44.0
vehicle 129.0 1.0 142.0 6.0
ship 14.0 736.0 53.0 784.0
ship 200.0 629.0 241.0 644.0
ship 195.0 654.0 248.0 670.0
ship 253.0 658.0 308.0 672.0
ship 208.0 613.0 247.0 626.0
ship 208.0 577.0 246.0 589.0
ship 210.0 595.0 242.0 606.0
ship 260.0 615.0 299.0 628.0
ship 267.0 632.0 303.0 646.0
ship 264.0 576.0 296.0 591.0
ship 208.0 538.0 250.0 552.0
ship 215.0 518.0 250.0 531.0
ship 265.0 540.0 304.0 553.0
ship 264.0 557.0 304.0 570.0
ship 268.0 522.0 304.0 535.0
ship 215.0 458.0 257.0 471.0
ship 225.0 501.0 250.0 509.0
ship 266.0 480.0 306.0 496.0
ship 270.0 500.0 320.0 518.0
ship 214.0 424.0 259.0 448.0
ship 273.0 439.0 319.0 453.0
ship 210.0 376.0 259.0 391.0
ship 209.0 394.0 256.0 409.0
ship 275.0 397.0 310.0 412.0
ship 277.0 417.0 310.0 428.0
ship 225.0 355.0 256.0 366.0
ship 283.0 376.0 324.0 391.0
ship 226.0 332.0 263.0 343.0
ship 224.0 311.0 267.0 326.0
ship 280.0 318.0 313.0 329.0
ship 219.0 289.0 264.0 304.0
ship 223.0 270.0 267.0 286.0
ship 224.0 249.0 270.0 267.0
ship 236.0 232.0 269.0 243.0
ship 282.0 270.0 329.0 286.0
ship 279.0 294.0 315.0 305.0
ship 286.0 233.0 329.0 246.0
ship 283.0 252.0 327.0 266.0
ship 236.0 209.0 273.0 220.0
ship 286.0 212.0 319.0 221.0
ship 225.0 187.0 273.0 202.0
ship 289.0 191.0 337.0 206.0
ship 234.0 168.0 274.0 182.0
ship 290.0 170.0 323.0 183.0
ship 238.0 146.0 277.0 159.0
ship 292.0 154.0 322.0 164.0
ship 239.0 127.0 274.0 144.0
ship 299.0 127.0 333.0 140.0
ship 229.0 90.0 277.0 117.0
ship 300.0 107.0 333.0 124.0
ship 312.0 74.0 330.0 83.0
ship 73.0 602.0 115.0 617.0
ship 72.0 630.0 121.0 641.0
ship 79.0 530.0 118.0 546.0
ship 75.0 556.0 117.0 571.0
ship 66.0 581.0 117.0 595.0
ship 88.0 509.0 123.0 524.0
ship 97.0 467.0 122.0 478.0
ship 102.0 486.0 123.0 495.0
ship 95.0 445.0 126.0 454.0
ship 99.0 422.0 123.0 435.0
ship 94.0 398.0 129.0 410.0
ship 98.0 356.0 130.0 367.0
ship 97.0 379.0 131.0 390.0
ship 84.0 318.0 135.0 332.0
ship 104.0 339.0 133.0 348.0
ship 94.0 294.0 138.0 311.0
ship 109.0 282.0 136.0 290.0
ship 108.0 262.0 140.0 273.0
ship 114.0 245.0 140.0 255.0
ship 104.0 223.0 141.0 235.0
ship 110.0 206.0 140.0 217.0
ship 104.0 103.0 146.0 116.0
ship 387.0 619.0 430.0 633.0
ship 391.0 582.0 433.0 597.0
ship 389.0 522.0 436.0 537.0
ship 394.0 543.0 434.0 557.0
ship 387.0 562.0 428.0 575.0
ship 384.0 636.0 427.0 650.0
ship 397.0 603.0 429.0 612.0
ship 450.0 580.0 505.0 599.0
ship 447.0 605.0 499.0 623.0
ship 446.0 640.0 490.0 654.0
ship 438.0 666.0 492.0 680.0
ship 451.0 550.0 511.0 567.0
ship 453.0 524.0 509.0 543.0
ship 393.0 483.0 441.0 500.0
ship 402.0 507.0 437.0 517.0
ship 399.0 445.0 441.0 457.0
ship 398.0 467.0 441.0 480.0
ship 457.0 473.0 508.0 490.0
ship 453.0 497.0 503.0 513.0
ship 404.0 401.0 445.0 415.0
ship 394.0 423.0 442.0 436.0
ship 459.0 419.0 517.0 436.0
ship 403.0 360.0 448.0 375.0
ship 407.0 340.0 448.0 354.0
ship 415.0 319.0 452.0 333.0
ship 402.0 300.0 449.0 314.0
ship 412.0 280.0 448.0 292.0
ship 409.0 256.0 451.0 271.0
ship 471.0 231.0 526.0 249.0
ship 470.0 257.0 526.0 277.0
ship 466.0 284.0 519.0 301.0
ship 465.0 315.0 515.0 329.0
ship 461.0 339.0 519.0 358.0
ship 459.0 363.0 520.0 385.0
ship 411.0 196.0 455.0 210.0
ship 414.0 153.0 458.0 170.0
ship 417.0 137.0 462.0 150.0
ship 419.0 174.0 454.0 185.0
ship 421.0 114.0 462.0 127.0
ship 427.0 75.0 458.0 86.0
ship 426.0 91.0 453.0 102.0
ship 479.0 84.0 528.0 99.0
ship 493.0 69.0 511.0 78.0
ship 479.0 109.0 532.0 125.0
ship 476.0 132.0 526.0 151.0
ship 617.0 549.0 698.0 572.0
ship 660.0 581.0 770.0 609.0
ship 713.0 556.0 779.0 577.0
ship 641.0 527.0 696.0 541.0
ship 712.0 532.0 767.0 547.0
ship 718.0 507.0 764.0 522.0
ship 647.0 473.0 697.0 487.0
ship 640.0 444.0 697.0 463.0
ship 648.0 419.0 701.0 436.0
ship 719.0 453.0 773.0 472.0
ship 718.0 478.0 775.0 496.0
ship 656.0 365.0 705.0 381.0
ship 724.0 372.0 783.0 392.0
ship 720.0 403.0 774.0 419.0
ship 717.0 426.0 769.0 441.0
ship 635.0 285.0 711.0 306.0
ship 641.0 313.0 713.0 331.0
ship 727.0 349.0 787.0 368.0
ship 729.0 297.0 793.0 318.0
ship 646.0 250.0 701.0 273.0
ship 646.0 227.0 694.0 247.0
ship 637.0 199.0 691.0 219.0
ship 719.0 227.0 773.0 249.0
ship 714.0 207.0 757.0 226.0
ship 706.0 189.0 751.0 208.0
ship 725.0 267.0 770.0 288.0
ship 628.0 160.0 678.0 180.0
ship 696.0 147.0 750.0 166.0
ship 632.0 118.0 671.0 139.0
ship 616.0 99.0 668.0 117.0
ship 615.0 79.0 662.0 100.0
ship 622.0 64.0 653.0 77.0
ship 689.0 86.0 730.0 102.0
ship 687.0 68.0 727.0 84.0
ship 691.0 107.0 738.0 127.0
ship 693.0 126.0 747.0 147.0
ship 689.0 54.0 707.0 64.0
