airplane 60.0 42.0 134.0 77.0
airplane 59.0 103.0 133.0 138.0
airplane 253.0 102.0 327.0 137.0
airplane 481.0 97.0 555.0 132.0
airplane 482.0 160.0 556.0 195.0
airplane 684.0 88.0 745.0 136.0
airplane 683.0 212.0 747.0 262.0
airplane 691.0 283.0 748.0 317.0
airplane 688.0 336.0 749.0 385.0
airplane 689.0 403.0 750.0 439.0
airplane 682.0 459.0 751.0 507.0
airplane 679.0 521.0 751.0 570.0
airplane 688.0 590.0 752.0 626.0
airplane 685.0 643.0 755.0 692.0
airplane 684.0 705.0 755.0 753.0
airplane 261.0 525.0 331.0 574.0
airplane 258.0 588.0 332.0 637.0
airplane 260.0 657.0 333.0 693.0
airplane 262.0 717.0 335.0 754.0
airplane 68.0 720.0 141.0 756.0
