tenniscourt 535.0 270.0 588.0 375.0
tenniscourt 473.0 269.0 524.0 374.0
tenniscourt 397.0 271.0 448.0 375.0
tenniscourt 334.0 272.0 385.0 374.0
tenniscourt 272.0 272.0 324.0 374.0
tenniscourt 209.0 271.0 261.0 375.0
tenniscourt 146.0 271.0 197.0 375.0
tenniscourt 222.0 443.0 273.0 547.0
tenniscourt 325.0 442.0 375.0 547.0
tenniscourt 388.0 443.0 436.0 547.0
vehicle 713.0 435.0 738.0 448.0
vehicle 611.0 499.0 635.0 511.0
vehicle 612.0 526.0 635.0 535.0
vehicle 253.0 45.0 273.0 58.0
vehicle 149.0 124.0 160.0 145.0
vehicle 137.0 151.0 151.0 170.0
vehicle 65.0 32.0 86.0 45.0
vehicle 125.0 131.0 134.0 149.0
vehicle 70.0 59.0 92.0 67.0
vehicle 74.0 88.0 95.0 100.0
vehicle 114.0 102.0 125.0 130.0
vehicle 115.0 76.0 124.0 100.0
vehicle 101.0 47.0 112.0 67.0
vehicle 113.0 55.0 124.0 75.0
vehicle 103.0 25.0 110.0 43.0
vehicle 102.0 3.0 113.0 25.0
vehicle 116.0 12.0 127.0 33.0
vehicle 116.0 35.0 124.0 52.0
tenniscourt 321.0 601.0 373.0 708.0
tenniscourt 387.0 601.0 438.0 707.0
tenniscourt 543.0 604.0 593.0 630.0
tenniscourt 539.0 637.0 593.0 666.0
