harbor 448.0 456.0 667.0 554.0
ship 717.0 441.0 752.0 472.0
ship 729.0 392.0 765.0 407.0
ship 739.0 344.0 766.0 357.0
ship 489.0 138.0 509.0 195.0
harbor 402.0 134.0 422.0 186.0
ship 298.0 119.0 317.0 169.0
ship 613.0 293.0 653.0 305.0
ship 621.0 74.0 663.0 86.0
ship 258.0 357.0 312.0 376.0
ship 324.0 365.0 361.0 380.0
ship 326.0 386.0 363.0 402.0
ship 270.0 291.0 316.0 309.0
ship 264.0 244.0 323.0 267.0
ship 271.0 271.0 320.0 286.0
ship 331.0 319.0 371.0 337.0
ship 328.0 341.0 366.0 357.0
ship 337.0 276.0 377.0 292.0
ship 339.0 254.0 380.0 272.0
ship 288.0 185.0 332.0 201.0
ship 345.0 190.0 398.0 206.0
ship 597.0 362.0 640.0 377.0
ship 511.0 128.0 533.0 190.0
ship 565.0 154.0 583.0 197.0
ship 457.0 460.0 471.0 494.0
ship 456.0 512.0 473.0 553.0
ship 479.0 459.0 490.0 499.0
ship 531.0 514.0 548.0 555.0
ship 551.0 514.0 566.0 551.0
ship 574.0 511.0 599.0 548.0
ship 589.0 398.0 625.0 416.0
ship 609.0 237.0 655.0 257.0
ship 433.0 378.0 478.0 394.0
ship 433.0 352.0 478.0 371.0
ship 442.0 331.0 476.0 347.0
ship 434.0 309.0 483.0 328.0
ship 469.0 141.0 486.0 184.0
ship 533.0 138.0 559.0 197.0
ship 322.0 124.0 339.0 169.0
ship 257.0 381.0 308.0 397.0
ship 612.0 273.0 652.0 285.0
ship 496.0 459.0 505.0 499.0
ship 475.0 511.0 492.0 552.0
ship 494.0 511.0 509.0 552.0
ship 342.0 125.0 361.0 175.0
ship 363.0 133.0 379.0 171.0
ship 512.0 209.0 551.0 226.0
ship 511.0 230.0 551.0 244.0
ship 507.0 250.0 547.0 269.0
ship 447.0 263.0 492.0 281.0
ship 439.0 287.0 487.0 303.0
ship 504.0 273.0 543.0 289.0
ship 500.0 296.0 538.0 313.0
ship 499.0 317.0 533.0 334.0
ship 496.0 340.0 532.0 357.0
ship 491.0 361.0 530.0 378.0
harbor 252.0 115.0 682.0 437.0
