stadium 205.0 278.0 557.0 565.0
vehicle 615.0 157.0 620.0 170.0
vehicle 590.0 268.0 596.0 279.0
vehicle 585.0 331.0 591.0 344.0
vehicle 713.0 345.0 717.0 356.0
vehicle 581.0 459.0 587.0 469.0
vehicle 713.0 475.0 718.0 485.0
vehicle 593.0 480.0 597.0 490.0
vehicle 590.0 653.0 597.0 667.0
vehicle 721.0 733.0 735.0 739.0
vehicle 613.0 727.0 630.0 732.0
vehicle 766.0 740.0 775.0 748.0
vehicle 580.0 779.0 586.0 793.0
vehicle 593.0 791.0 599.0 800.0
vehicle 550.0 746.0 563.0 753.0
vehicle 424.0 619.0 428.0 627.0
vehicle 415.0 618.0 419.0 627.0
vehicle 503.0 619.0 508.0 628.0
vehicle 497.0 661.0 503.0 672.0
vehicle 488.0 640.0 499.0 645.0
vehicle 504.0 594.0 509.0 604.0
vehicle 510.0 595.0 514.0 604.0
vehicle 111.0 395.0 118.0 416.0
vehicle 96.0 408.0 100.0 418.0
vehicle 275.0 247.0 285.0 252.0
vehicle 44.0 178.0 51.0 189.0
