airplane 612.0 715.0 662.0 770.0
airplane 691.0 301.0 741.0 351.0
vehicle 727.0 296.0 734.0 310.0
airplane 444.0 283.0 478.0 308.0
airplane 517.0 402.0 542.0 433.0
airplane 359.0 474.0 391.0 508.0
airplane 327.0 497.0 358.0 521.0
airplane 291.0 503.0 324.0 540.0
airplane 471.0 543.0 524.0 603.0
airplane 370.0 589.0 425.0 653.0
airplane 14.0 249.0 40.0 279.0
airplane 48.0 241.0 81.0 267.0
airplane 83.0 221.0 116.0 252.0
airplane 120.0 207.0 152.0 236.0
airplane 157.0 190.0 185.0 220.0
airplane 195.0 173.0 222.0 207.0
airplane 227.0 159.0 258.0 188.0
airplane 260.0 143.0 292.0 172.0
airplane 300.0 125.0 327.0 155.0
airplane 326.0 250.0 358.0 284.0
airplane 361.0 230.0 394.0 273.0
airplane 397.0 220.0 423.0 257.0
airplane 432.0 205.0 463.0 238.0
airplane 468.0 193.0 499.0 222.0
airplane 373.0 99.0 397.0 124.0
vehicle 91.0 690.0 102.0 698.0
vehicle 71.0 700.0 82.0 709.0
vehicle 9.0 744.0 19.0 752.0
vehicle 25.0 512.0 30.0 524.0
vehicle 29.0 490.0 40.0 497.0
vehicle 29.0 518.0 33.0 528.0
vehicle 32.0 521.0 37.0 531.0
vehicle 33.0 527.0 39.0 540.0
vehicle 35.0 535.0 42.0 546.0
vehicle 58.0 466.0 70.0 473.0
vehicle 59.0 473.0 71.0 479.0
vehicle 61.0 478.0 71.0 484.0
vehicle 64.0 484.0 76.0 492.0
vehicle 68.0 492.0 77.0 498.0
vehicle 73.0 499.0 82.0 504.0
vehicle 72.0 442.0 77.0 454.0
vehicle 76.0 450.0 81.0 461.0
vehicle 78.0 456.0 83.0 468.0
vehicle 81.0 466.0 86.0 478.0
vehicle 83.0 471.0 90.0 484.0
vehicle 86.0 474.0 92.0 490.0
vehicle 96.0 487.0 101.0 495.0
vehicle 97.0 489.0 105.0 499.0
vehicle 101.0 492.0 107.0 503.0
vehicle 105.0 503.0 114.0 513.0
