harbor 14.0 24.0 216.0 398.0
harbor 259.0 220.0 466.0 608.0
harbor 542.0 191.0 796.0 757.0
harbor 294.0 126.0 395.0 182.0
harbor 316.0 46.0 405.0 94.0
vehicle 509.0 169.0 530.0 220.0
vehicle 603.0 176.0 619.0 227.0
vehicle 629.0 177.0 646.0 222.0
vehicle 743.0 137.0 791.0 159.0
ship 20.0 355.0 168.0 397.0
ship 26.0 308.0 115.0 340.0
ship 18.0 273.0 107.0 305.0
ship 32.0 236.0 111.0 263.0
ship 40.0 203.0 113.0 227.0
ship 36.0 172.0 109.0 196.0
ship 26.0 133.0 120.0 164.0
ship 36.0 29.0 111.0 53.0
ship 27.0 58.0 121.0 89.0
ship 144.0 72.0 215.0 99.0
ship 145.0 98.0 203.0 125.0
ship 137.0 127.0 208.0 159.0
ship 142.0 161.0 204.0 186.0
ship 133.0 223.0 215.0 253.0
ship 143.0 253.0 204.0 280.0
ship 127.0 284.0 204.0 311.0
ship 295.0 255.0 349.0 281.0
ship 301.0 283.0 351.0 306.0
ship 290.0 317.0 352.0 341.0
ship 280.0 347.0 351.0 369.0
ship 279.0 381.0 350.0 403.0
ship 286.0 410.0 357.0 432.0
ship 280.0 435.0 351.0 457.0
ship 270.0 471.0 348.0 497.0
ship 260.0 538.0 349.0 569.0
ship 275.0 494.0 345.0 520.0
ship 379.0 242.0 453.0 273.0
ship 376.0 327.0 460.0 359.0
ship 385.0 369.0 458.0 397.0
ship 377.0 441.0 463.0 478.0
ship 379.0 483.0 449.0 516.0
ship 371.0 532.0 459.0 561.0
ship 364.0 576.0 444.0 606.0
ship 569.0 246.0 661.0 280.0
ship 688.0 210.0 758.0 238.0
ship 692.0 236.0 774.0 273.0
ship 691.0 272.0 763.0 301.0
ship 563.0 301.0 661.0 337.0
ship 685.0 302.0 778.0 331.0
ship 577.0 344.0 662.0 374.0
ship 689.0 337.0 758.0 362.0
ship 564.0 390.0 662.0 427.0
ship 687.0 396.0 747.0 424.0
ship 566.0 436.0 662.0 467.0
ship 688.0 460.0 763.0 486.0
ship 686.0 488.0 754.0 516.0
ship 568.0 486.0 658.0 518.0
ship 569.0 528.0 659.0 560.0
ship 560.0 572.0 657.0 604.0
ship 688.0 553.0 751.0 579.0
ship 686.0 580.0 759.0 606.0
ship 562.0 617.0 658.0 644.0
ship 688.0 644.0 758.0 671.0
ship 545.0 663.0 655.0 697.0
ship 618.0 711.0 753.0 757.0
