harbor 175.0 316.0 476.0 691.0
harbor 411.0 182.0 769.0 558.0
vehicle 701.0 731.0 710.0 750.0
ship 207.0 322.0 276.0 376.0
ship 193.0 382.0 246.0 417.0
ship 219.0 404.0 268.0 440.0
ship 314.0 437.0 347.0 464.0
ship 340.0 480.0 379.0 502.0
ship 293.0 531.0 345.0 571.0
ship 405.0 563.0 455.0 595.0
ship 312.0 572.0 375.0 616.0
ship 345.0 591.0 393.0 629.0
ship 407.0 201.0 467.0 246.0
ship 523.0 262.0 565.0 291.0
ship 479.0 293.0 518.0 324.0
ship 558.0 307.0 596.0 327.0
ship 604.0 344.0 660.0 384.0
ship 306.0 263.0 318.0 282.0
ship 563.0 404.0 606.0 437.0
ship 619.0 367.0 665.0 404.0
ship 664.0 416.0 722.0 467.0
ship 622.0 472.0 656.0 502.0
ship 634.0 494.0 672.0 524.0
ship 635.0 512.0 687.0 554.0
ship 694.0 448.0 770.0 505.0
