airplane 327.0 614.0 409.0 680.0
airplane 354.0 533.0 437.0 604.0
airplane 416.0 392.0 496.0 458.0
airplane 498.0 302.0 564.0 378.0
airplane 720.0 702.0 787.0 766.0
vehicle 429.0 26.0 440.0 32.0
vehicle 441.0 26.0 452.0 31.0
vehicle 454.0 21.0 467.0 29.0
vehicle 468.0 16.0 479.0 24.0
vehicle 480.0 11.0 491.0 20.0
vehicle 495.0 8.0 505.0 16.0
vehicle 316.0 52.0 325.0 63.0
vehicle 332.0 59.0 339.0 69.0
vehicle 338.0 59.0 344.0 70.0
vehicle 342.0 64.0 349.0 73.0
vehicle 307.0 48.0 314.0 59.0
vehicle 300.0 76.0 308.0 88.0
vehicle 307.0 78.0 314.0 89.0
vehicle 313.0 81.0 320.0 91.0
vehicle 318.0 82.0 324.0 92.0
vehicle 333.0 86.0 340.0 97.0
vehicle 769.0 427.0 788.0 437.0
vehicle 586.0 224.0 591.0 239.0
vehicle 632.0 236.0 642.0 251.0
vehicle 499.0 252.0 510.0 266.0
vehicle 508.0 250.0 516.0 262.0
vehicle 519.0 242.0 531.0 256.0
