harbor 113.0 354.0 206.0 468.0
harbor 53.0 502.0 132.0 536.0
harbor 54.0 551.0 117.0 669.0
harbor 60.0 691.0 124.0 800.0
harbor 197.0 308.0 313.0 357.0
harbor 337.0 295.0 455.0 342.0
harbor 476.0 290.0 594.0 356.0
harbor 583.0 347.0 683.0 383.0
harbor 603.0 402.0 687.0 420.0
harbor 208.0 397.0 711.0 554.0
harbor 215.0 574.0 749.0 750.0
ship 257.0 422.0 274.0 467.0
ship 208.0 494.0 225.0 539.0
ship 229.0 494.0 246.0 539.0
ship 260.0 489.0 277.0 536.0
ship 305.0 494.0 322.0 537.0
ship 327.0 498.0 343.0 540.0
ship 348.0 492.0 364.0 534.0
ship 370.0 493.0 384.0 528.0
ship 395.0 486.0 409.0 521.0
ship 411.0 430.0 425.0 465.0
ship 395.0 417.0 403.0 440.0
ship 442.0 492.0 456.0 534.0
ship 462.0 478.0 477.0 522.0
ship 484.0 482.0 503.0 532.0
ship 530.0 474.0 545.0 512.0
ship 505.0 400.0 517.0 433.0
ship 543.0 445.0 573.0 455.0
ship 504.0 471.0 517.0 512.0
ship 577.0 491.0 592.0 529.0
ship 586.0 351.0 630.0 373.0
ship 119.0 409.0 159.0 468.0
ship 154.0 363.0 205.0 410.0
ship 122.0 384.0 137.0 399.0
ship 97.0 557.0 117.0 621.0
ship 211.0 625.0 228.0 672.0
ship 234.0 622.0 251.0 669.0
ship 263.0 615.0 280.0 670.0
ship 288.0 625.0 301.0 662.0
ship 310.0 616.0 326.0 664.0
ship 333.0 623.0 348.0 663.0
ship 400.0 607.0 417.0 650.0
ship 422.0 615.0 434.0 653.0
ship 489.0 601.0 506.0 644.0
ship 532.0 589.0 553.0 649.0
ship 581.0 581.0 595.0 617.0
ship 624.0 588.0 638.0 619.0
ship 470.0 673.0 490.0 730.0
ship 447.0 671.0 464.0 714.0
ship 426.0 670.0 442.0 719.0
ship 405.0 679.0 420.0 723.0
ship 381.0 685.0 396.0 729.0
ship 360.0 684.0 375.0 731.0
ship 316.0 689.0 331.0 736.0
ship 338.0 708.0 351.0 746.0
ship 291.0 687.0 306.0 729.0
ship 273.0 698.0 284.0 729.0
ship 584.0 655.0 601.0 711.0
ship 633.0 657.0 643.0 691.0
ship 684.0 645.0 708.0 655.0
ship 320.0 411.0 331.0 433.0
