harbor 642.0 265.0 757.0 394.0
harbor 401.0 465.0 463.0 571.0
harbor 431.0 379.0 520.0 494.0
harbor 339.0 503.0 375.0 605.0
harbor 355.0 189.0 430.0 286.0
harbor 164.0 269.0 269.0 349.0
harbor 137.0 374.0 258.0 398.0
harbor 149.0 415.0 257.0 470.0
harbor 280.0 179.0 305.0 290.0
harbor 240.0 456.0 304.0 549.0
ship 211.0 314.0 264.0 348.0
ship 212.0 381.0 254.0 395.0
ship 204.0 418.0 251.0 443.0
ship 220.0 438.0 264.0 460.0
ship 350.0 502.0 375.0 570.0
ship 409.0 464.0 446.0 515.0
ship 429.0 435.0 465.0 489.0
ship 434.0 379.0 488.0 428.0
ship 365.0 254.0 436.0 282.0
ship 649.0 264.0 705.0 291.0
ship 706.0 276.0 749.0 304.0
ship 641.0 320.0 683.0 344.0
ship 671.0 308.0 724.0 339.0
ship 737.0 304.0 756.0 365.0
ship 459.0 440.0 476.0 464.0
