tenniscourt 331.0 375.0 376.0 473.0
tenniscourt 391.0 375.0 436.0 473.0
tenniscourt 451.0 376.0 496.0 474.0
tenniscourt 448.0 525.0 494.0 622.0
tenniscourt 389.0 524.0 434.0 622.0
tenniscourt 329.0 523.0 374.0 621.0
vehicle 231.0 200.0 240.0 222.0
vehicle 125.0 400.0 147.0 408.0
vehicle 156.0 410.0 179.0 418.0
vehicle 219.0 688.0 227.0 707.0
vehicle 583.0 700.0 602.0 708.0
vehicle 531.0 492.0 550.0 499.0
vehicle 535.0 391.0 554.0 399.0
vehicle 66.0 145.0 92.0 154.0
vehicle 101.0 151.0 125.0 160.0
vehicle 111.0 111.0 127.0 126.0
vehicle 231.0 46.0 239.0 67.0
