tenniscourt 573.0 66.0 679.0 115.0
tenniscourt 590.0 312.0 684.0 356.0
tenniscourt 719.0 201.0 762.0 287.0
vehicle 44.0 777.0 63.0 800.0
vehicle 143.0 19.0 154.0 35.0
vehicle 152.0 19.0 162.0 33.0
vehicle 158.0 18.0 168.0 33.0
vehicle 168.0 16.0 176.0 37.0
vehicle 174.0 16.0 186.0 32.0
vehicle 207.0 51.0 216.0 66.0
vehicle 214.0 48.0 225.0 68.0
vehicle 226.0 48.0 235.0 66.0
vehicle 233.0 47.0 244.0 63.0
vehicle 243.0 45.0 252.0 64.0
vehicle 257.0 44.0 264.0 61.0
vehicle 211.0 16.0 219.0 28.0
vehicle 224.0 10.0 233.0 29.0
vehicle 233.0 9.0 241.0 24.0
vehicle 245.0 11.0 252.0 24.0
tenniscourt 581.0 263.0 675.0 298.0
tenniscourt 579.0 200.0 671.0 246.0
tenniscourt 585.0 147.0 672.0 183.0
tenniscourt 724.0 318.0 767.0 407.0
tenniscourt 736.0 439.0 776.0 530.0
