harbor 238.0 452.0 788.0 632.0
harbor 51.0 133.0 751.0 401.0
ship 54.0 228.0 146.0 261.0
ship 166.0 260.0 193.0 327.0
ship 195.0 250.0 229.0 353.0
ship 231.0 257.0 257.0 337.0
ship 283.0 260.0 309.0 332.0
ship 313.0 252.0 339.0 324.0
ship 258.0 171.0 280.0 234.0
ship 322.0 155.0 344.0 218.0
ship 383.0 146.0 405.0 209.0
ship 412.0 265.0 432.0 321.0
ship 481.0 173.0 501.0 229.0
ship 505.0 181.0 521.0 227.0
ship 527.0 254.0 546.0 314.0
ship 550.0 179.0 569.0 230.0
ship 550.0 248.0 574.0 319.0
ship 576.0 174.0 596.0 235.0
ship 604.0 177.0 624.0 238.0
ship 686.0 163.0 716.0 236.0
ship 727.0 179.0 746.0 222.0
ship 654.0 261.0 678.0 316.0
ship 731.0 258.0 749.0 318.0
ship 355.0 547.0 384.0 622.0
ship 388.0 547.0 416.0 626.0
ship 469.0 546.0 497.0 625.0
ship 524.0 544.0 552.0 623.0
ship 753.0 543.0 781.0 616.0
