harbor 31.0 663.0 713.0 773.0
harbor 128.0 488.0 761.0 610.0
harbor 124.0 1.0 174.0 482.0
harbor 178.0 152.0 767.0 250.0
harbor 183.0 21.0 774.0 101.0
harbor 184.0 315.0 770.0 430.0
ship 63.0 713.0 95.0 725.0
ship 140.0 717.0 149.0 744.0
ship 152.0 707.0 163.0 740.0
ship 173.0 714.0 183.0 745.0
ship 206.0 707.0 219.0 746.0
ship 189.0 707.0 200.0 749.0
ship 229.0 708.0 255.0 717.0
ship 262.0 700.0 277.0 753.0
ship 285.0 711.0 295.0 744.0
ship 300.0 709.0 313.0 763.0
ship 341.0 708.0 353.0 741.0
ship 382.0 711.0 394.0 763.0
ship 403.0 709.0 417.0 772.0
ship 422.0 707.0 432.0 732.0
ship 469.0 713.0 485.0 764.0
ship 498.0 712.0 510.0 760.0
ship 516.0 710.0 524.0 735.0
ship 550.0 710.0 560.0 735.0
ship 553.0 745.0 560.0 762.0
ship 592.0 712.0 609.0 758.0
ship 641.0 712.0 658.0 774.0
ship 167.0 664.0 173.0 686.0
ship 208.0 665.0 219.0 695.0
ship 223.0 665.0 233.0 694.0
ship 283.0 676.0 291.0 698.0
ship 313.0 667.0 321.0 692.0
ship 325.0 671.0 333.0 694.0
ship 354.0 663.0 365.0 697.0
ship 385.0 677.0 392.0 698.0
ship 418.0 667.0 425.0 689.0
ship 436.0 666.0 447.0 696.0
ship 418.0 693.0 437.0 700.0
ship 568.0 669.0 577.0 694.0
ship 612.0 671.0 621.0 697.0
ship 697.0 667.0 708.0 701.0
ship 127.0 487.0 138.0 515.0
ship 135.0 523.0 147.0 555.0
ship 134.0 572.0 148.0 600.0
ship 152.0 570.0 163.0 608.0
ship 156.0 526.0 166.0 558.0
ship 203.0 506.0 214.0 557.0
ship 237.0 531.0 243.0 546.0
ship 139.0 431.0 147.0 453.0
ship 137.0 457.0 148.0 484.0
ship 123.0 413.0 146.0 421.0
ship 124.0 385.0 132.0 411.0
ship 293.0 513.0 315.0 560.0
ship 357.0 571.0 369.0 605.0
ship 250.0 579.0 258.0 598.0
ship 431.0 526.0 439.0 557.0
ship 469.0 572.0 483.0 608.0
ship 598.0 573.0 609.0 605.0
ship 731.0 510.0 744.0 560.0
ship 753.0 534.0 763.0 563.0
ship 710.0 580.0 719.0 601.0
ship 448.0 574.0 456.0 591.0
ship 124.0 230.0 134.0 257.0
ship 182.0 372.0 199.0 425.0
ship 202.0 372.0 219.0 425.0
ship 159.0 306.0 174.0 361.0
ship 159.0 265.0 172.0 304.0
ship 158.0 236.0 165.0 255.0
ship 139.0 156.0 149.0 186.0
ship 127.0 191.0 147.0 198.0
ship 126.0 203.0 134.0 224.0
ship 239.0 203.0 253.0 248.0
ship 260.0 204.0 274.0 247.0
ship 279.0 201.0 292.0 252.0
ship 238.0 315.0 253.0 358.0
ship 277.0 319.0 291.0 362.0
ship 300.0 321.0 312.0 361.0
ship 294.0 373.0 311.0 422.0
ship 320.0 374.0 334.0 424.0
ship 340.0 375.0 352.0 423.0
ship 368.0 376.0 380.0 425.0
ship 386.0 374.0 400.0 426.0
ship 411.0 374.0 425.0 422.0
ship 431.0 374.0 446.0 422.0
ship 456.0 375.0 471.0 427.0
ship 477.0 373.0 493.0 426.0
ship 503.0 376.0 517.0 426.0
ship 523.0 377.0 537.0 424.0
ship 549.0 378.0 563.0 430.0
ship 569.0 375.0 582.0 425.0
ship 594.0 375.0 608.0 427.0
ship 613.0 374.0 628.0 428.0
ship 318.0 322.0 331.0 363.0
ship 340.0 320.0 351.0 361.0
ship 358.0 318.0 372.0 363.0
ship 396.0 316.0 409.0 362.0
ship 416.0 319.0 430.0 363.0
ship 456.0 320.0 468.0 362.0
ship 475.0 323.0 488.0 364.0
ship 494.0 319.0 508.0 364.0
ship 513.0 326.0 524.0 364.0
ship 536.0 322.0 547.0 363.0
ship 553.0 319.0 565.0 362.0
ship 573.0 326.0 585.0 361.0
ship 592.0 318.0 606.0 364.0
ship 633.0 322.0 643.0 364.0
ship 654.0 319.0 665.0 366.0
ship 672.0 321.0 683.0 364.0
ship 684.0 376.0 700.0 432.0
ship 732.0 378.0 745.0 430.0
ship 754.0 362.0 771.0 425.0
ship 711.0 317.0 726.0 368.0
ship 148.0 1.0 164.0 52.0
ship 132.0 52.0 142.0 80.0
ship 160.0 63.0 169.0 89.0
ship 161.0 165.0 168.0 190.0
ship 160.0 120.0 171.0 155.0
ship 179.0 155.0 190.0 189.0
ship 194.0 156.0 204.0 191.0
ship 211.0 152.0 223.0 191.0
ship 228.0 155.0 241.0 191.0
ship 245.0 150.0 257.0 191.0
ship 367.0 156.0 379.0 193.0
ship 356.0 203.0 370.0 246.0
ship 377.0 202.0 390.0 250.0
ship 386.0 154.0 396.0 194.0
ship 397.0 204.0 408.0 245.0
ship 417.0 203.0 429.0 247.0
ship 435.0 203.0 449.0 246.0
ship 475.0 204.0 487.0 248.0
ship 494.0 203.0 508.0 247.0
ship 515.0 205.0 526.0 252.0
ship 574.0 205.0 585.0 245.0
ship 605.0 204.0 624.0 247.0
ship 632.0 214.0 642.0 250.0
ship 651.0 206.0 665.0 252.0
ship 670.0 204.0 682.0 245.0
ship 752.0 191.0 767.0 248.0
ship 402.0 160.0 413.0 192.0
ship 436.0 158.0 446.0 192.0
ship 457.0 159.0 467.0 193.0
ship 473.0 154.0 485.0 193.0
ship 491.0 155.0 501.0 192.0
ship 506.0 158.0 518.0 195.0
ship 524.0 163.0 537.0 193.0
ship 542.0 158.0 552.0 193.0
ship 561.0 165.0 570.0 194.0
ship 592.0 157.0 604.0 195.0
ship 610.0 161.0 620.0 192.0
ship 626.0 157.0 638.0 195.0
ship 645.0 159.0 655.0 194.0
ship 664.0 156.0 675.0 194.0
ship 680.0 156.0 692.0 193.0
ship 697.0 165.0 709.0 196.0
ship 170.0 23.0 178.0 51.0
ship 182.0 20.0 192.0 50.0
ship 197.0 21.0 205.0 49.0
ship 214.0 19.0 224.0 51.0
ship 210.0 62.0 224.0 103.0
ship 247.0 63.0 259.0 102.0
ship 229.0 24.0 237.0 52.0
ship 248.0 22.0 257.0 52.0
ship 261.0 23.0 270.0 49.0
ship 279.0 22.0 289.0 51.0
ship 293.0 21.0 303.0 51.0
ship 300.0 62.0 308.0 89.0
ship 320.0 63.0 329.0 96.0
ship 360.0 21.0 369.0 53.0
ship 353.0 63.0 363.0 97.0
ship 368.0 66.0 379.0 100.0
ship 387.0 63.0 397.0 95.0
ship 404.0 64.0 415.0 100.0
ship 391.0 26.0 403.0 53.0
ship 409.0 25.0 421.0 54.0
ship 441.0 20.0 451.0 53.0
ship 458.0 64.0 469.0 102.0
ship 458.0 23.0 469.0 52.0
ship 474.0 21.0 484.0 52.0
ship 472.0 60.0 484.0 102.0
ship 507.0 63.0 519.0 100.0
ship 488.0 21.0 499.0 53.0
ship 507.0 23.0 516.0 54.0
ship 522.0 25.0 531.0 55.0
ship 540.0 23.0 550.0 53.0
ship 555.0 23.0 564.0 55.0
ship 576.0 64.0 587.0 101.0
ship 593.0 65.0 605.0 103.0
ship 587.0 19.0 598.0 52.0
ship 609.0 64.0 625.0 101.0
ship 644.0 71.0 654.0 101.0
ship 621.0 21.0 630.0 55.0
ship 636.0 22.0 647.0 52.0
ship 651.0 20.0 662.0 53.0
ship 668.0 22.0 679.0 55.0
ship 685.0 23.0 695.0 54.0
ship 703.0 26.0 712.0 54.0
ship 699.0 64.0 710.0 100.0
ship 718.0 24.0 727.0 55.0
ship 754.0 24.0 777.0 102.0
ship 138.0 488.0 147.0 518.0
ship 127.0 421.0 147.0 428.0
ship 122.0 259.0 134.0 290.0
ship 159.0 205.0 168.0 232.0
ship 163.0 200.0 186.0 208.0
ship 184.0 201.0 195.0 226.0
ship 186.0 228.0 195.0 253.0
ship 201.0 199.0 228.0 212.0
ship 201.0 213.0 209.0 245.0
ship 210.0 215.0 221.0 246.0
ship 224.0 214.0 233.0 246.0
ship 142.0 51.0 151.0 81.0
ship 141.0 83.0 151.0 112.0
ship 137.0 111.0 151.0 152.0
ship 208.0 747.0 218.0 761.0
ship 240.0 720.0 247.0 739.0
ship 247.0 721.0 256.0 749.0
ship 466.0 666.0 478.0 699.0
ship 432.0 707.0 455.0 718.0
ship 453.0 709.0 462.0 735.0
ship 523.0 710.0 533.0 735.0
ship 516.0 733.0 525.0 763.0
