airplane 28.0 206.0 71.0 238.0
airplane 364.0 257.0 392.0 278.0
airplane 698.0 492.0 728.0 523.0
airplane 734.0 586.0 760.0 607.0
airplane 308.0 272.0 320.0 286.0
airplane 316.0 281.0 331.0 296.0
airplane 306.0 288.0 318.0 302.0
airplane 274.0 294.0 286.0 306.0
airplane 263.0 306.0 279.0 320.0
airplane 253.0 321.0 264.0 332.0
airplane 243.0 334.0 254.0 345.0
airplane 296.0 317.0 310.0 331.0
airplane 427.0 297.0 439.0 310.0
airplane 430.0 331.0 445.0 346.0
airplane 591.0 360.0 615.0 382.0
airplane 622.0 359.0 648.0 382.0
airplane 732.0 508.0 744.0 519.0
airplane 647.0 538.0 665.0 556.0
airplane 676.0 556.0 694.0 575.0
