harbor 30.0 62.0 156.0 156.0
harbor 188.0 65.0 238.0 203.0
harbor 235.0 53.0 400.0 109.0
harbor 471.0 27.0 526.0 150.0
harbor 542.0 66.0 580.0 148.0
harbor 588.0 74.0 630.0 161.0
harbor 633.0 55.0 695.0 104.0
harbor 709.0 31.0 761.0 176.0
ship 37.0 76.0 48.0 106.0
ship 32.0 113.0 50.0 152.0
ship 54.0 108.0 70.0 144.0
ship 80.0 102.0 96.0 145.0
ship 108.0 98.0 122.0 136.0
ship 131.0 87.0 153.0 155.0
ship 197.0 94.0 213.0 125.0
ship 245.0 74.0 260.0 108.0
ship 564.0 86.0 578.0 133.0
ship 614.0 83.0 626.0 125.0
ship 590.0 124.0 603.0 160.0
ship 612.0 129.0 624.0 156.0
ship 712.0 150.0 723.0 180.0
ship 743.0 150.0 760.0 178.0
ship 514.0 71.0 525.0 94.0
ship 509.0 107.0 520.0 134.0
ship 474.0 118.0 501.0 132.0
ship 480.0 102.0 503.0 116.0
ship 474.0 85.0 502.0 100.0
ship 477.0 71.0 501.0 83.0
