harbor 592.0 559.0 687.0 783.0
harbor 293.0 38.0 649.0 454.0
vehicle 65.0 215.0 83.0 231.0
ship 582.0 524.0 625.0 548.0
ship 648.0 561.0 684.0 614.0
ship 371.0 50.0 391.0 60.0
ship 372.0 79.0 395.0 88.0
ship 375.0 151.0 400.0 159.0
ship 372.0 177.0 390.0 184.0
ship 380.0 224.0 394.0 244.0
ship 391.0 253.0 405.0 263.0
ship 428.0 206.0 457.0 236.0
ship 539.0 167.0 569.0 207.0
ship 498.0 212.0 523.0 248.0
ship 483.0 224.0 503.0 248.0
ship 460.0 250.0 473.0 264.0
ship 449.0 256.0 467.0 281.0
ship 432.0 266.0 460.0 296.0
ship 426.0 302.0 449.0 319.0
ship 443.0 316.0 466.0 349.0
ship 467.0 355.0 488.0 369.0
ship 477.0 371.0 501.0 388.0
ship 489.0 339.0 512.0 364.0
ship 513.0 375.0 541.0 406.0
ship 516.0 320.0 534.0 345.0
ship 537.0 353.0 569.0 386.0
ship 537.0 304.0 560.0 329.0
ship 562.0 333.0 593.0 371.0
ship 579.0 329.0 594.0 351.0
ship 551.0 295.0 573.0 317.0
ship 563.0 285.0 586.0 311.0
ship 581.0 276.0 600.0 296.0
ship 594.0 259.0 618.0 286.0
ship 626.0 301.0 647.0 332.0
