ship 399.0 334.0 451.0 464.0
ship 294.0 436.0 329.0 496.0
ship 186.0 297.0 218.0 363.0
ship 159.0 301.0 175.0 328.0
harbor 125.0 250.0 146.0 261.0
ship 432.0 212.0 492.0 235.0
ship 93.0 176.0 127.0 194.0
ship 72.0 145.0 106.0 156.0
ship 395.0 37.0 415.0 47.0
ship 188.0 39.0 207.0 48.0
ship 96.0 39.0 123.0 49.0
vehicle 175.0 788.0 192.0 800.0
ship 556.0 490.0 608.0 610.0
ship 494.0 380.0 561.0 536.0
ship 432.0 538.0 472.0 619.0
ship 349.0 487.0 377.0 537.0
ship 313.0 315.0 361.0 437.0
ship 266.0 317.0 327.0 456.0
ship 742.0 32.0 777.0 58.0
ship 777.0 1.0 797.0 26.0
ship 611.0 220.0 686.0 239.0
ship 649.0 129.0 739.0 153.0
ship 422.0 241.0 498.0 259.0
ship 500.0 225.0 524.0 256.0
ship 430.0 190.0 490.0 213.0
ship 428.0 146.0 492.0 166.0
ship 433.0 122.0 493.0 140.0
ship 440.0 168.0 492.0 185.0
ship 620.0 195.0 663.0 211.0
ship 616.0 175.0 665.0 188.0
ship 613.0 155.0 677.0 171.0
ship 570.0 132.0 602.0 164.0
ship 486.0 34.0 521.0 48.0
ship 476.0 52.0 521.0 67.0
ship 463.0 66.0 520.0 86.0
ship 468.0 88.0 515.0 103.0
ship 483.0 107.0 519.0 122.0
ship 506.0 129.0 543.0 166.0
ship 505.0 155.0 533.0 184.0
ship 503.0 180.0 533.0 212.0
ship 565.0 159.0 607.0 194.0
ship 577.0 184.0 604.0 209.0
ship 574.0 210.0 601.0 237.0
ship 588.0 222.0 602.0 237.0
ship 666.0 102.0 748.0 125.0
ship 694.0 79.0 758.0 100.0
ship 715.0 58.0 772.0 76.0
ship 588.0 498.0 649.0 639.0
ship 378.0 499.0 396.0 538.0
ship 389.0 463.0 406.0 495.0
ship 204.0 300.0 246.0 391.0
vehicle 607.0 30.0 618.0 46.0
vehicle 577.0 52.0 590.0 67.0
vehicle 561.0 107.0 569.0 126.0
vehicle 530.0 63.0 547.0 71.0
vehicle 611.0 53.0 623.0 68.0
vehicle 625.0 95.0 640.0 111.0
vehicle 494.0 8.0 502.0 25.0
vehicle 476.0 7.0 483.0 24.0
harbor 533.0 348.0 664.0 748.0
harbor 429.0 359.0 561.0 659.0
harbor 335.0 329.0 455.0 566.0
harbor 214.0 298.0 366.0 510.0
harbor 413.0 121.0 544.0 268.0
harbor 562.0 120.0 689.0 245.0
tenniscourt 37.0 653.0 74.0 731.0
tenniscourt 89.0 654.0 126.0 731.0
