harbor 87.0 551.0 773.0 682.0
harbor 63.0 396.0 758.0 536.0
harbor 36.0 101.0 736.0 207.0
harbor 74.0 238.0 739.0 365.0
ship 34.0 128.0 65.0 204.0
ship 152.0 132.0 214.0 154.0
ship 544.0 129.0 609.0 149.0
ship 462.0 133.0 523.0 155.0
ship 392.0 139.0 449.0 159.0
ship 312.0 144.0 374.0 169.0
ship 251.0 149.0 291.0 168.0
ship 554.0 102.0 595.0 121.0
ship 467.0 108.0 523.0 126.0
ship 384.0 110.0 439.0 134.0
ship 311.0 118.0 364.0 140.0
ship 232.0 123.0 292.0 151.0
ship 63.0 458.0 88.0 539.0
ship 152.0 430.0 168.0 475.0
ship 177.0 481.0 191.0 518.0
ship 197.0 480.0 211.0 513.0
ship 234.0 478.0 249.0 510.0
ship 278.0 483.0 289.0 507.0
ship 294.0 479.0 307.0 509.0
ship 314.0 471.0 328.0 503.0
ship 332.0 474.0 346.0 504.0
ship 354.0 469.0 368.0 500.0
ship 367.0 423.0 382.0 455.0
ship 386.0 418.0 402.0 452.0
ship 426.0 415.0 440.0 446.0
ship 429.0 459.0 446.0 502.0
ship 449.0 459.0 462.0 492.0
ship 465.0 412.0 480.0 443.0
ship 470.0 456.0 485.0 487.0
ship 489.0 460.0 502.0 487.0
ship 508.0 453.0 524.0 485.0
ship 544.0 404.0 558.0 437.0
ship 559.0 400.0 575.0 436.0
ship 565.0 454.0 580.0 484.0
ship 587.0 447.0 601.0 478.0
ship 620.0 396.0 636.0 431.0
ship 625.0 445.0 641.0 476.0
ship 641.0 440.0 657.0 473.0
ship 87.0 599.0 110.0 678.0
ship 166.0 581.0 188.0 626.0
ship 134.0 644.0 149.0 678.0
ship 173.0 641.0 190.0 683.0
ship 250.0 628.0 270.0 672.0
ship 287.0 584.0 304.0 621.0
ship 328.0 625.0 347.0 666.0
ship 349.0 628.0 365.0 663.0
ship 326.0 573.0 342.0 613.0
ship 365.0 582.0 382.0 611.0
ship 404.0 576.0 420.0 605.0
ship 423.0 573.0 440.0 606.0
ship 409.0 617.0 425.0 654.0
ship 443.0 572.0 459.0 600.0
ship 448.0 615.0 463.0 651.0
ship 483.0 568.0 499.0 599.0
ship 486.0 607.0 503.0 649.0
ship 525.0 606.0 541.0 640.0
ship 544.0 610.0 561.0 644.0
ship 562.0 603.0 581.0 640.0
ship 558.0 555.0 578.0 594.0
ship 597.0 557.0 615.0 586.0
ship 617.0 556.0 629.0 578.0
ship 636.0 550.0 653.0 585.0
ship 656.0 551.0 664.0 574.0
ship 601.0 599.0 619.0 643.0
ship 623.0 598.0 638.0 640.0
ship 644.0 595.0 657.0 634.0
ship 659.0 602.0 673.0 629.0
