vehicle 362.0 609.0 375.0 643.0
vehicle 354.0 634.0 372.0 666.0
vehicle 464.0 513.0 478.0 567.0
vehicle 433.0 455.0 444.0 488.0
vehicle 448.0 428.0 458.0 459.0
vehicle 413.0 352.0 424.0 384.0
vehicle 413.0 256.0 425.0 291.0
vehicle 440.0 146.0 459.0 161.0
vehicle 329.0 183.0 338.0 207.0
vehicle 308.0 102.0 320.0 129.0
vehicle 211.0 178.0 236.0 214.0
vehicle 238.0 304.0 256.0 371.0
vehicle 267.0 252.0 285.0 321.0
vehicle 232.0 378.0 245.0 421.0
Expressway-Service-area 321.0 61.0 651.0 737.0
Expressway-Service-area 79.0 78.0 404.0 730.0
