vehicle 275.0 570.0 296.0 597.0
vehicle 165.0 526.0 197.0 576.0
vehicle 237.0 467.0 253.0 490.0
vehicle 144.0 498.0 160.0 519.0
vehicle 261.0 392.0 295.0 441.0
vehicle 351.0 491.0 367.0 511.0
vehicle 304.0 534.0 337.0 579.0
vehicle 366.0 536.0 380.0 553.0
vehicle 391.0 508.0 407.0 528.0
vehicle 407.0 514.0 418.0 530.0
vehicle 385.0 559.0 397.0 574.0
vehicle 366.0 226.0 384.0 248.0
vehicle 363.0 217.0 379.0 241.0
vehicle 225.0 341.0 242.0 367.0
vehicle 241.0 317.0 260.0 341.0
vehicle 254.0 322.0 271.0 342.0
vehicle 282.0 343.0 299.0 367.0
vehicle 253.0 362.0 273.0 389.0
vehicle 461.0 304.0 482.0 332.0
vehicle 494.0 254.0 516.0 284.0
vehicle 645.0 264.0 657.0 280.0
vehicle 634.0 244.0 651.0 266.0
vehicle 387.0 357.0 394.0 366.0
Expressway-Service-area 221.0 205.0 796.0 768.0
Expressway-Service-area 6.0 43.0 470.0 619.0
