harbor 340.0 127.0 618.0 441.0
ship 160.0 711.0 201.0 749.0
harbor 60.0 267.0 310.0 674.0
harbor 547.0 303.0 648.0 533.0
ship 68.0 264.0 174.0 326.0
ship 142.0 308.0 223.0 345.0
ship 79.0 372.0 145.0 413.0
ship 112.0 440.0 156.0 467.0
ship 252.0 567.0 328.0 605.0
ship 188.0 634.0 235.0 663.0
ship 342.0 167.0 446.0 217.0
ship 343.0 228.0 414.0 275.0
ship 525.0 160.0 595.0 205.0
ship 472.0 289.0 533.0 325.0
ship 176.0 351.0 211.0 374.0
ship 227.0 492.0 266.0 511.0
ship 426.0 415.0 471.0 442.0
ship 416.0 380.0 463.0 416.0
ship 401.0 352.0 456.0 380.0
ship 453.0 260.0 519.0 296.0
ship 440.0 229.0 509.0 265.0
ship 442.0 194.0 511.0 238.0
ship 189.0 368.0 250.0 396.0
ship 188.0 409.0 241.0 435.0
