harbor 1.0 155.0 716.0 258.0
harbor 1.0 320.0 748.0 518.0
harbor 1.0 593.0 774.0 703.0
harbor 665.0 702.0 757.0 800.0
vehicle 146.0 774.0 157.0 799.0
vehicle 184.0 785.0 193.0 799.0
ship 22.0 196.0 39.0 243.0
ship 154.0 186.0 175.0 244.0
ship 222.0 183.0 242.0 253.0
ship 358.0 190.0 377.0 244.0
ship 460.0 191.0 481.0 252.0
ship 666.0 321.0 728.0 342.0
ship 16.0 349.0 31.0 403.0
ship 80.0 351.0 100.0 411.0
ship 45.0 353.0 63.0 394.0
ship 114.0 354.0 127.0 404.0
ship 144.0 353.0 161.0 407.0
ship 183.0 357.0 201.0 410.0
ship 213.0 363.0 231.0 406.0
ship 245.0 352.0 272.0 416.0
ship 280.0 362.0 301.0 413.0
ship 449.0 369.0 466.0 416.0
ship 718.0 374.0 740.0 434.0
ship 721.0 462.0 737.0 510.0
ship 648.0 453.0 670.0 514.0
ship 615.0 457.0 634.0 509.0
ship 547.0 458.0 565.0 503.0
ship 484.0 458.0 502.0 503.0
ship 444.0 448.0 465.0 501.0
ship 410.0 450.0 431.0 503.0
ship 377.0 451.0 398.0 498.0
ship 513.0 446.0 528.0 485.0
ship 345.0 444.0 366.0 497.0
ship 314.0 441.0 337.0 495.0
ship 272.0 435.0 298.0 506.0
ship 205.0 428.0 231.0 499.0
ship 175.0 434.0 198.0 497.0
ship 138.0 429.0 161.0 492.0
ship 106.0 432.0 129.0 495.0
ship 39.0 428.0 62.0 499.0
ship 8.0 596.0 27.0 647.0
ship 39.0 595.0 59.0 653.0
ship 108.0 593.0 128.0 651.0
ship 144.0 595.0 164.0 653.0
ship 178.0 604.0 198.0 655.0
ship 207.0 603.0 230.0 662.0
ship 279.0 609.0 298.0 654.0
ship 312.0 618.0 328.0 662.0
ship 340.0 606.0 361.0 659.0
ship 376.0 606.0 400.0 670.0
ship 409.0 596.0 433.0 669.0
ship 447.0 616.0 466.0 663.0
ship 476.0 616.0 498.0 676.0
ship 511.0 601.0 539.0 675.0
ship 546.0 611.0 565.0 670.0
ship 581.0 616.0 600.0 678.0
ship 612.0 611.0 633.0 671.0
ship 649.0 622.0 665.0 673.0
ship 680.0 622.0 702.0 675.0
ship 713.0 614.0 735.0 688.0
ship 749.0 627.0 771.0 680.0
ship 682.0 710.0 756.0 747.0
ship 678.0 753.0 743.0 784.0
ship 667.0 783.0 717.0 800.0
