harbor 34.0 247.0 137.0 439.0
harbor 193.0 243.0 320.0 449.0
harbor 393.0 201.0 522.0 447.0
ship 273.0 216.0 325.0 232.0
ship 378.0 169.0 451.0 196.0
harbor 568.0 235.0 693.0 457.0
ship 254.0 283.0 313.0 304.0
ship 251.0 305.0 310.0 326.0
ship 253.0 329.0 312.0 350.0
ship 256.0 375.0 315.0 396.0
ship 404.0 355.0 463.0 376.0
ship 400.0 259.0 459.0 280.0
ship 399.0 235.0 458.0 256.0
ship 401.0 331.0 460.0 352.0
ship 80.0 355.0 132.0 373.0
ship 192.0 333.0 244.0 351.0
ship 565.0 364.0 617.0 382.0
ship 34.0 309.0 74.0 321.0
ship 30.0 329.0 70.0 341.0
ship 31.0 347.0 71.0 359.0
ship 32.0 365.0 72.0 377.0
ship 35.0 407.0 75.0 419.0
ship 31.0 266.0 71.0 278.0
ship 479.0 382.0 519.0 394.0
ship 477.0 405.0 517.0 417.0
ship 478.0 339.0 518.0 351.0
ship 253.0 256.0 315.0 278.0
ship 86.0 247.0 133.0 261.0
ship 81.0 284.0 128.0 298.0
ship 82.0 380.0 129.0 394.0
ship 31.0 388.0 78.0 402.0
ship 195.0 356.0 242.0 370.0
ship 259.0 356.0 309.0 369.0
ship 567.0 276.0 610.0 294.0
ship 568.0 321.0 611.0 339.0
ship 575.0 345.0 618.0 363.0
ship 628.0 348.0 671.0 366.0
ship 197.0 311.0 240.0 329.0
ship 566.0 254.0 609.0 272.0
ship 53.0 425.0 94.0 441.0
ship 85.0 311.0 132.0 324.0
ship 83.0 330.0 140.0 346.0
ship 84.0 407.0 120.0 420.0
ship 194.0 244.0 241.0 260.0
ship 193.0 285.0 243.0 304.0
ship 191.0 380.0 239.0 396.0
ship 194.0 401.0 241.0 419.0
ship 254.0 403.0 317.0 426.0
ship 204.0 427.0 302.0 450.0
ship 394.0 212.0 456.0 231.0
ship 403.0 282.0 463.0 302.0
ship 400.0 304.0 460.0 324.0
ship 401.0 380.0 468.0 399.0
ship 400.0 402.0 467.0 421.0
ship 408.0 425.0 486.0 447.0
ship 476.0 258.0 518.0 285.0
ship 475.0 298.0 511.0 313.0
ship 479.0 322.0 513.0 333.0
ship 477.0 359.0 518.0 373.0
ship 489.0 423.0 521.0 434.0
ship 570.0 302.0 614.0 315.0
ship 576.0 389.0 615.0 403.0
ship 579.0 413.0 616.0 427.0
ship 617.0 240.0 688.0 263.0
ship 624.0 266.0 679.0 284.0
ship 623.0 297.0 679.0 317.0
ship 622.0 323.0 678.0 341.0
ship 628.0 372.0 685.0 393.0
ship 633.0 425.0 686.0 446.0
ship 668.0 412.0 690.0 421.0
