tenniscourt 186.0 610.0 216.0 665.0
tenniscourt 224.0 609.0 252.0 665.0
tenniscourt 259.0 609.0 288.0 666.0
tenniscourt 125.0 724.0 154.0 777.0
tenniscourt 162.0 723.0 191.0 776.0
tenniscourt 193.0 720.0 229.0 776.0
tenniscourt 236.0 720.0 262.0 773.0
tenniscourt 268.0 719.0 298.0 772.0
vehicle 62.0 186.0 76.0 191.0
vehicle 136.0 149.0 150.0 157.0
vehicle 519.0 324.0 535.0 332.0
vehicle 736.0 348.0 751.0 353.0
vehicle 508.0 427.0 516.0 441.0
vehicle 406.0 597.0 415.0 609.0
vehicle 658.0 598.0 666.0 610.0
vehicle 540.0 736.0 547.0 747.0
vehicle 679.0 766.0 693.0 773.0
vehicle 755.0 741.0 762.0 753.0
vehicle 83.0 365.0 94.0 372.0
vehicle 21.0 537.0 29.0 551.0
vehicle 14.0 597.0 28.0 602.0
vehicle 473.0 694.0 487.0 700.0
