ship 54.0 52.0 67.0 87.0
ship 51.0 231.0 66.0 269.0
ship 313.0 674.0 320.0 698.0
ship 330.0 666.0 342.0 728.0
ship 342.0 703.0 350.0 729.0
ship 248.0 628.0 265.0 684.0
ship 270.0 468.0 287.0 547.0
ship 324.0 396.0 332.0 452.0
ship 274.0 356.0 289.0 416.0
ship 313.0 279.0 321.0 308.0
ship 293.0 243.0 310.0 288.0
ship 327.0 234.0 351.0 305.0
ship 344.0 157.0 370.0 224.0
harbor 334.0 100.0 407.0 355.0
harbor 327.0 382.0 382.0 554.0
storagetank 666.0 157.0 681.0 171.0
storagetank 666.0 142.0 681.0 155.0
storagetank 628.0 134.0 643.0 154.0
storagetank 591.0 187.0 603.0 197.0
storagetank 591.0 172.0 603.0 185.0
storagetank 589.0 154.0 605.0 171.0
storagetank 589.0 133.0 604.0 152.0
storagetank 570.0 181.0 579.0 193.0
storagetank 570.0 168.0 581.0 179.0
storagetank 569.0 153.0 581.0 166.0
storagetank 569.0 135.0 583.0 150.0
storagetank 532.0 179.0 545.0 195.0
storagetank 532.0 162.0 546.0 177.0
storagetank 533.0 144.0 547.0 163.0
storagetank 511.0 145.0 526.0 162.0
storagetank 509.0 162.0 523.0 178.0
storagetank 511.0 179.0 523.0 196.0
storagetank 578.0 220.0 602.0 246.0
storagetank 554.0 222.0 570.0 245.0
storagetank 531.0 222.0 547.0 245.0
storagetank 511.0 222.0 526.0 243.0
storagetank 579.0 253.0 602.0 279.0
storagetank 552.0 254.0 573.0 277.0
storagetank 530.0 254.0 548.0 277.0
storagetank 509.0 255.0 526.0 273.0
storagetank 578.0 298.0 602.0 326.0
storagetank 546.0 298.0 573.0 326.0
storagetank 518.0 298.0 540.0 326.0
storagetank 492.0 300.0 511.0 324.0
storagetank 576.0 332.0 600.0 360.0
storagetank 546.0 331.0 571.0 359.0
storagetank 517.0 332.0 541.0 358.0
storagetank 492.0 334.0 511.0 355.0
storagetank 603.0 378.0 624.0 407.0
storagetank 576.0 379.0 599.0 407.0
storagetank 550.0 379.0 574.0 407.0
storagetank 526.0 380.0 543.0 404.0
storagetank 512.0 387.0 522.0 398.0
storagetank 500.0 385.0 512.0 399.0
storagetank 484.0 384.0 499.0 401.0
storagetank 602.0 412.0 624.0 441.0
storagetank 576.0 413.0 598.0 440.0
storagetank 550.0 415.0 573.0 441.0
storagetank 526.0 415.0 545.0 439.0
storagetank 508.0 418.0 521.0 435.0
storagetank 492.0 418.0 504.0 435.0
storagetank 728.0 618.0 746.0 645.0
storagetank 705.0 619.0 723.0 645.0
storagetank 728.0 598.0 747.0 618.0
storagetank 728.0 576.0 748.0 598.0
storagetank 705.0 576.0 728.0 599.0
storagetank 705.0 600.0 725.0 618.0
storagetank 660.0 618.0 679.0 643.0
storagetank 661.0 597.0 679.0 617.0
storagetank 660.0 576.0 680.0 597.0
storagetank 639.0 576.0 658.0 598.0
storagetank 638.0 619.0 656.0 643.0
storagetank 639.0 599.0 660.0 619.0
