vehicle 174.0 512.0 182.0 521.0
vehicle 183.0 516.0 191.0 523.0
vehicle 162.0 532.0 169.0 541.0
tenniscourt 658.0 394.0 690.0 447.0
tenniscourt 689.0 401.0 717.0 450.0
tenniscourt 714.0 407.0 743.0 456.0
tenniscourt 648.0 461.0 676.0 513.0
tenniscourt 671.0 470.0 704.0 519.0
tenniscourt 698.0 474.0 729.0 524.0
vehicle 416.0 95.0 426.0 100.0
vehicle 428.0 97.0 439.0 104.0
vehicle 379.0 87.0 391.0 92.0
vehicle 497.0 179.0 502.0 188.0
vehicle 480.0 268.0 487.0 276.0
vehicle 475.0 288.0 480.0 297.0
vehicle 466.0 321.0 474.0 339.0
vehicle 460.0 355.0 465.0 367.0
vehicle 483.0 373.0 492.0 378.0
vehicle 447.0 409.0 455.0 421.0
vehicle 446.0 423.0 452.0 433.0
vehicle 440.0 452.0 446.0 463.0
vehicle 452.0 397.0 458.0 404.0
vehicle 428.0 527.0 433.0 537.0
vehicle 446.0 537.0 454.0 546.0
vehicle 346.0 557.0 355.0 564.0
vehicle 330.0 560.0 337.0 564.0
vehicle 312.0 561.0 326.0 566.0
vehicle 308.0 749.0 315.0 758.0
vehicle 315.0 765.0 320.0 775.0
vehicle 320.0 734.0 326.0 744.0
vehicle 313.0 785.0 321.0 799.0
vehicle 58.0 613.0 66.0 618.0
vehicle 49.0 618.0 54.0 622.0
vehicle 29.0 622.0 37.0 627.0
vehicle 97.0 631.0 104.0 641.0
vehicle 168.0 612.0 174.0 622.0
vehicle 4.0 694.0 13.0 703.0
vehicle 112.0 541.0 120.0 550.0
vehicle 118.0 492.0 125.0 497.0
vehicle 6.0 546.0 15.0 554.0
vehicle 134.0 552.0 140.0 559.0
vehicle 135.0 527.0 140.0 532.0
vehicle 139.0 530.0 144.0 535.0
vehicle 153.0 464.0 162.0 470.0
vehicle 144.0 485.0 150.0 492.0
vehicle 101.0 499.0 110.0 507.0
vehicle 71.0 516.0 78.0 523.0
vehicle 73.0 511.0 82.0 517.0
vehicle 75.0 507.0 83.0 513.0
vehicle 80.0 495.0 88.0 502.0
vehicle 81.0 489.0 91.0 495.0
vehicle 139.0 494.0 148.0 500.0
vehicle 111.0 475.0 120.0 484.0
vehicle 121.0 482.0 130.0 490.0
vehicle 124.0 478.0 131.0 485.0
vehicle 48.0 554.0 54.0 560.0
vehicle 6.0 566.0 13.0 573.0
vehicle 27.0 579.0 34.0 588.0
vehicle 39.0 575.0 47.0 583.0
vehicle 153.0 489.0 162.0 497.0
vehicle 9.0 499.0 20.0 504.0
vehicle 5.0 485.0 14.0 490.0
vehicle 5.0 492.0 15.0 497.0
vehicle 87.0 538.0 92.0 545.0
vehicle 61.0 550.0 68.0 557.0
vehicle 124.0 547.0 131.0 555.0
vehicle 81.0 562.0 88.0 570.0
