vehicle 603.0 595.0 613.0 613.0
vehicle 611.0 595.0 621.0 613.0
vehicle 651.0 791.0 669.0 799.0
vehicle 689.0 787.0 700.0 794.0
vehicle 704.0 785.0 721.0 794.0
vehicle 762.0 776.0 781.0 785.0
vehicle 20.0 270.0 38.0 279.0
basketballcourt 65.0 68.0 132.0 180.0
baseballfield 252.0 1.0 357.0 93.0
tenniscourt 199.0 222.0 251.0 314.0
tenniscourt 251.0 217.0 300.0 310.0
tenniscourt 302.0 215.0 351.0 306.0
tenniscourt 288.0 351.0 337.0 441.0
tenniscourt 234.0 354.0 283.0 446.0
tenniscourt 179.0 357.0 229.0 449.0
tenniscourt 296.0 484.0 345.0 577.0
tenniscourt 242.0 488.0 291.0 580.0
tenniscourt 189.0 492.0 239.0 584.0
basketballcourt 642.0 684.0 750.0 757.0
vehicle 730.0 223.0 739.0 242.0
vehicle 766.0 263.0 774.0 282.0
