storagetank 356.0 66.0 407.0 110.0
storagetank 430.0 68.0 479.0 114.0
storagetank 346.0 147.0 374.0 173.0
storagetank 384.0 138.0 430.0 182.0
storagetank 435.0 138.0 484.0 181.0
storagetank 235.0 222.0 344.0 329.0
storagetank 378.0 224.0 480.0 322.0
storagetank 110.0 392.0 212.0 473.0
storagetank 239.0 367.0 344.0 465.0
storagetank 373.0 365.0 480.0 466.0
storagetank 235.0 512.0 337.0 610.0
storagetank 87.0 516.0 203.0 609.0
storagetank 100.0 643.0 207.0 747.0
storagetank 235.0 642.0 344.0 749.0
storagetank 360.0 650.0 465.0 747.0
storagetank 355.0 511.0 461.0 609.0
vehicle 593.0 383.0 602.0 402.0
vehicle 581.0 385.0 590.0 404.0
vehicle 546.0 389.0 555.0 408.0
vehicle 533.0 391.0 540.0 408.0
vehicle 629.0 524.0 638.0 543.0
vehicle 669.0 422.0 676.0 441.0
vehicle 704.0 461.0 710.0 482.0
vehicle 710.0 464.0 715.0 480.0
vehicle 715.0 464.0 723.0 480.0
