harbor 248.0 16.0 430.0 215.0
harbor 9.0 267.0 369.0 715.0
ship 366.0 16.0 395.0 74.0
ship 361.0 138.0 399.0 209.0
ship 305.0 530.0 366.0 585.0
ship 288.0 521.0 353.0 564.0
ship 243.0 577.0 286.0 623.0
ship 226.0 555.0 279.0 606.0
ship 211.0 515.0 279.0 562.0
ship 192.0 479.0 280.0 535.0
ship 189.0 466.0 241.0 509.0
ship 171.0 443.0 228.0 486.0
ship 158.0 415.0 219.0 457.0
ship 136.0 398.0 199.0 436.0
ship 126.0 382.0 179.0 416.0
ship 114.0 363.0 158.0 397.0
ship 105.0 344.0 149.0 374.0
ship 81.0 330.0 101.0 347.0
ship 74.0 320.0 93.0 336.0
ship 70.0 314.0 84.0 325.0
ship 64.0 305.0 82.0 319.0
ship 59.0 298.0 77.0 310.0
ship 51.0 286.0 74.0 303.0
ship 172.0 616.0 232.0 658.0
ship 160.0 601.0 220.0 643.0
ship 91.0 669.0 151.0 704.0
ship 88.0 645.0 151.0 684.0
ship 60.0 630.0 118.0 672.0
ship 110.0 575.0 190.0 620.0
ship 105.0 543.0 171.0 598.0
ship 92.0 526.0 155.0 565.0
ship 80.0 498.0 143.0 537.0
ship 71.0 473.0 128.0 515.0
ship 60.0 454.0 116.0 492.0
ship 49.0 426.0 99.0 472.0
ship 34.0 409.0 90.0 451.0
ship 26.0 388.0 76.0 431.0
ship 8.0 293.0 27.0 310.0
ship 20.0 314.0 39.0 326.0
ship 28.0 323.0 46.0 337.0
ship 32.0 332.0 50.0 346.0
ship 40.0 342.0 60.0 355.0
