airplane 5.0 563.0 55.0 627.0
airplane 150.0 576.0 208.0 642.0
airplane 340.0 573.0 387.0 625.0
airplane 351.0 469.0 384.0 508.0
airplane 399.0 578.0 447.0 627.0
airplane 437.0 467.0 480.0 502.0
airplane 486.0 469.0 525.0 504.0
airplane 510.0 563.0 568.0 632.0
airplane 619.0 600.0 675.0 670.0
airplane 676.0 614.0 724.0 666.0
airplane 345.0 150.0 372.0 171.0
airplane 371.0 141.0 399.0 160.0
airplane 387.0 126.0 414.0 148.0
airplane 429.0 151.0 468.0 181.0
airplane 514.0 174.0 539.0 193.0
airplane 531.0 127.0 570.0 158.0
airplane 565.0 132.0 594.0 164.0
airplane 601.0 138.0 641.0 169.0
airplane 709.0 151.0 734.0 170.0
airplane 168.0 157.0 198.0 183.0
vehicle 8.0 479.0 13.0 491.0
vehicle 19.0 477.0 24.0 488.0
vehicle 28.0 126.0 33.0 138.0
vehicle 33.0 125.0 39.0 136.0
vehicle 394.0 254.0 409.0 262.0
vehicle 422.0 256.0 435.0 262.0
vehicle 745.0 427.0 751.0 441.0
vehicle 700.0 486.0 707.0 500.0
vehicle 309.0 35.0 326.0 42.0
vehicle 513.0 140.0 519.0 151.0
vehicle 514.0 158.0 519.0 169.0
vehicle 522.0 154.0 527.0 166.0
vehicle 681.0 255.0 697.0 261.0
vehicle 536.0 115.0 566.0 126.0
