airport 231.0 184.0 658.0 653.0
groundtrackfield 430.0 244.0 458.0 283.0
groundtrackfield 373.0 97.0 390.0 121.0
bridge 101.0 580.0 108.0 591.0
bridge 462.0 625.0 469.0 637.0
bridge 678.0 664.0 684.0 676.0
bridge 782.0 690.0 787.0 703.0
airplane 483.0 427.0 491.0 436.0
airplane 512.0 395.0 520.0 403.0
airplane 521.0 384.0 529.0 392.0
airplane 532.0 374.0 539.0 382.0
airplane 541.0 363.0 549.0 371.0
airplane 551.0 352.0 559.0 361.0
airplane 589.0 309.0 598.0 317.0
airplane 599.0 298.0 607.0 307.0
