tenniscourt 643.0 10.0 688.0 99.0
tenniscourt 688.0 15.0 736.0 104.0
vehicle 363.0 712.0 379.0 728.0
vehicle 432.0 627.0 450.0 647.0
vehicle 407.0 590.0 418.0 605.0
vehicle 377.0 632.0 391.0 647.0
vehicle 370.0 627.0 380.0 639.0
vehicle 441.0 566.0 456.0 583.0
vehicle 432.0 562.0 445.0 578.0
vehicle 426.0 556.0 440.0 571.0
vehicle 420.0 554.0 432.0 566.0
vehicle 411.0 548.0 425.0 564.0
vehicle 403.0 545.0 415.0 560.0
vehicle 363.0 518.0 374.0 532.0
vehicle 353.0 512.0 368.0 526.0
vehicle 339.0 499.0 353.0 514.0
vehicle 331.0 495.0 342.0 513.0
vehicle 402.0 585.0 413.0 598.0
vehicle 388.0 597.0 403.0 615.0
vehicle 380.0 593.0 397.0 608.0
vehicle 393.0 576.0 407.0 594.0
vehicle 387.0 573.0 398.0 585.0
vehicle 375.0 586.0 391.0 602.0
vehicle 379.0 567.0 392.0 584.0
vehicle 372.0 562.0 385.0 578.0
vehicle 368.0 583.0 380.0 597.0
vehicle 361.0 578.0 374.0 593.0
vehicle 361.0 559.0 375.0 574.0
vehicle 355.0 557.0 368.0 571.0
vehicle 346.0 548.0 360.0 565.0
vehicle 341.0 542.0 353.0 557.0
vehicle 312.0 523.0 327.0 537.0
vehicle 318.0 531.0 332.0 543.0
vehicle 325.0 536.0 340.0 551.0
vehicle 335.0 542.0 348.0 556.0
vehicle 302.0 536.0 316.0 551.0
vehicle 310.0 543.0 322.0 557.0
vehicle 317.0 548.0 329.0 564.0
vehicle 294.0 552.0 310.0 566.0
vehicle 286.0 566.0 298.0 584.0
vehicle 294.0 573.0 308.0 589.0
vehicle 303.0 584.0 315.0 595.0
vehicle 313.0 586.0 324.0 600.0
vehicle 317.0 591.0 331.0 607.0
vehicle 325.0 597.0 339.0 612.0
vehicle 336.0 600.0 345.0 614.0
vehicle 340.0 608.0 353.0 621.0
vehicle 350.0 614.0 359.0 628.0
vehicle 363.0 624.0 373.0 637.0
vehicle 325.0 555.0 339.0 571.0
vehicle 335.0 560.0 344.0 570.0
vehicle 336.0 565.0 351.0 580.0
vehicle 345.0 570.0 358.0 585.0
vehicle 354.0 576.0 367.0 589.0
vehicle 493.0 444.0 509.0 452.0
vehicle 545.0 478.0 555.0 489.0
vehicle 552.0 461.0 562.0 474.0
vehicle 560.0 442.0 571.0 459.0
vehicle 569.0 420.0 580.0 436.0
vehicle 597.0 413.0 604.0 426.0
vehicle 578.0 389.0 586.0 406.0
vehicle 493.0 369.0 508.0 380.0
vehicle 493.0 380.0 511.0 391.0
vehicle 499.0 389.0 516.0 398.0
vehicle 498.0 399.0 514.0 409.0
vehicle 497.0 417.0 514.0 426.0
vehicle 494.0 426.0 513.0 433.0
vehicle 495.0 436.0 508.0 442.0
vehicle 595.0 231.0 602.0 249.0
vehicle 607.0 210.0 614.0 229.0
vehicle 614.0 211.0 622.0 230.0
vehicle 622.0 212.0 629.0 229.0
vehicle 631.0 211.0 638.0 229.0
vehicle 585.0 270.0 600.0 281.0
vehicle 597.0 259.0 612.0 272.0
vehicle 610.0 249.0 628.0 263.0
vehicle 628.0 245.0 645.0 257.0
vehicle 647.0 243.0 661.0 253.0
vehicle 661.0 244.0 676.0 253.0
vehicle 591.0 336.0 603.0 353.0
vehicle 597.0 312.0 609.0 327.0
vehicle 608.0 294.0 623.0 307.0
vehicle 626.0 282.0 638.0 293.0
vehicle 645.0 274.0 658.0 284.0
vehicle 680.0 279.0 694.0 289.0
vehicle 680.0 306.0 694.0 316.0
vehicle 695.0 315.0 708.0 330.0
vehicle 708.0 301.0 720.0 315.0
vehicle 688.0 220.0 698.0 239.0
vehicle 696.0 221.0 708.0 241.0
vehicle 705.0 226.0 715.0 244.0
vehicle 719.0 220.0 732.0 235.0
vehicle 717.0 246.0 733.0 260.0
vehicle 725.0 226.0 739.0 240.0
vehicle 757.0 277.0 771.0 293.0
vehicle 768.0 262.0 782.0 276.0
vehicle 777.0 269.0 789.0 281.0
vehicle 784.0 277.0 795.0 289.0
vehicle 746.0 193.0 757.0 205.0
vehicle 753.0 201.0 763.0 211.0
vehicle 761.0 203.0 773.0 216.0
vehicle 767.0 209.0 781.0 222.0
vehicle 776.0 214.0 787.0 229.0
vehicle 782.0 217.0 795.0 235.0
vehicle 786.0 171.0 800.0 179.0
vehicle 787.0 163.0 800.0 171.0
vehicle 787.0 155.0 800.0 162.0
vehicle 787.0 145.0 800.0 154.0
vehicle 789.0 135.0 800.0 144.0
