storagetank 201.0 68.0 224.0 97.0
storagetank 239.0 68.0 260.0 99.0
storagetank 196.0 100.0 222.0 129.0
storagetank 235.0 100.0 258.0 128.0
storagetank 193.0 131.0 216.0 158.0
storagetank 230.0 131.0 253.0 159.0
storagetank 190.0 161.0 214.0 188.0
storagetank 225.0 161.0 252.0 188.0
storagetank 186.0 190.0 211.0 217.0
storagetank 222.0 190.0 248.0 217.0
storagetank 182.0 219.0 207.0 245.0
storagetank 219.0 219.0 245.0 245.0
storagetank 178.0 248.0 206.0 274.0
storagetank 215.0 248.0 241.0 274.0
storagetank 176.0 276.0 200.0 307.0
storagetank 212.0 277.0 236.0 307.0
storagetank 298.0 68.0 324.0 104.0
storagetank 339.0 70.0 364.0 102.0
storagetank 294.0 104.0 321.0 138.0
storagetank 332.0 104.0 360.0 135.0
storagetank 289.0 138.0 316.0 171.0
storagetank 329.0 138.0 355.0 172.0
storagetank 286.0 173.0 312.0 203.0
storagetank 326.0 173.0 351.0 203.0
storagetank 279.0 206.0 306.0 239.0
storagetank 322.0 206.0 348.0 238.0
storagetank 277.0 240.0 305.0 272.0
storagetank 316.0 238.0 342.0 272.0
storagetank 273.0 272.0 301.0 308.0
storagetank 313.0 273.0 342.0 308.0
storagetank 393.0 76.0 413.0 104.0
storagetank 418.0 73.0 437.0 105.0
storagetank 394.0 111.0 415.0 138.0
storagetank 422.0 115.0 436.0 136.0
storagetank 391.0 139.0 411.0 164.0
storagetank 418.0 140.0 437.0 164.0
storagetank 387.0 166.0 408.0 191.0
storagetank 415.0 167.0 435.0 190.0
storagetank 385.0 193.0 403.0 217.0
storagetank 413.0 192.0 435.0 216.0
storagetank 382.0 219.0 403.0 245.0
storagetank 413.0 219.0 432.0 244.0
storagetank 379.0 249.0 402.0 274.0
storagetank 416.0 246.0 437.0 273.0
storagetank 374.0 276.0 401.0 308.0
storagetank 412.0 276.0 433.0 308.0
storagetank 302.0 348.0 321.0 374.0
storagetank 331.0 350.0 349.0 377.0
storagetank 359.0 348.0 378.0 377.0
storagetank 387.0 348.0 407.0 375.0
storagetank 416.0 348.0 436.0 377.0
storagetank 446.0 341.0 471.0 374.0
storagetank 301.0 379.0 321.0 408.0
storagetank 331.0 380.0 349.0 408.0
storagetank 358.0 380.0 378.0 408.0
storagetank 388.0 380.0 407.0 409.0
storagetank 416.0 380.0 435.0 408.0
storagetank 282.0 452.0 291.0 463.0
storagetank 294.0 452.0 303.0 461.0
storagetank 307.0 452.0 315.0 461.0
storagetank 281.0 464.0 297.0 483.0
storagetank 301.0 463.0 316.0 480.0
storagetank 473.0 445.0 490.0 466.0
storagetank 473.0 469.0 490.0 490.0
storagetank 474.0 492.0 489.0 512.0
storagetank 474.0 514.0 490.0 535.0
storagetank 473.0 537.0 489.0 557.0
storagetank 473.0 557.0 490.0 585.0
storagetank 440.0 493.0 463.0 523.0
storagetank 440.0 527.0 463.0 556.0
storagetank 442.0 559.0 460.0 585.0
harbor 474.0 62.0 700.0 603.0
ship 532.0 348.0 551.0 407.0
ship 543.0 428.0 565.0 488.0
ship 556.0 513.0 583.0 591.0
ship 645.0 509.0 669.0 567.0
ship 594.0 325.0 618.0 384.0
ship 622.0 291.0 650.0 345.0
ship 645.0 373.0 679.0 449.0
ship 669.0 463.0 718.0 585.0
ship 584.0 133.0 628.0 252.0
ship 626.0 705.0 713.0 725.0
ship 628.0 725.0 682.0 737.0
ship 449.0 725.0 574.0 747.0
ship 238.0 749.0 292.0 760.0
ship 335.0 722.0 353.0 753.0
