tenniscourt 191.0 87.0 238.0 169.0
tenniscourt 231.0 100.0 278.0 176.0
tenniscourt 288.0 110.0 330.0 190.0
tenniscourt 331.0 120.0 373.0 195.0
tenniscourt 380.0 131.0 425.0 210.0
tenniscourt 426.0 139.0 471.0 219.0
vehicle 407.0 227.0 418.0 244.0
vehicle 425.0 231.0 436.0 246.0
vehicle 441.0 233.0 450.0 248.0
vehicle 552.0 385.0 567.0 393.0
vehicle 554.0 394.0 566.0 399.0
vehicle 551.0 402.0 565.0 407.0
vehicle 588.0 387.0 599.0 394.0
vehicle 585.0 397.0 602.0 402.0
vehicle 586.0 403.0 602.0 409.0
vehicle 586.0 411.0 600.0 416.0
vehicle 586.0 418.0 598.0 422.0
vehicle 604.0 396.0 609.0 408.0
vehicle 612.0 392.0 618.0 409.0
vehicle 632.0 396.0 639.0 409.0
vehicle 639.0 396.0 646.0 409.0
vehicle 576.0 396.0 584.0 411.0
vehicle 648.0 399.0 653.0 411.0
