vehicle 56.0 442.0 61.0 454.0
vehicle 61.0 518.0 67.0 528.0
vehicle 53.0 604.0 57.0 613.0
vehicle 53.0 615.0 58.0 624.0
vehicle 72.0 86.0 81.0 90.0
vehicle 95.0 85.0 106.0 88.0
vehicle 221.0 77.0 231.0 82.0
vehicle 183.0 597.0 196.0 602.0
vehicle 178.0 604.0 193.0 608.0
vehicle 396.0 305.0 409.0 311.0
vehicle 420.0 121.0 425.0 133.0
vehicle 452.0 792.0 464.0 797.0
vehicle 480.0 758.0 485.0 770.0
vehicle 480.0 768.0 485.0 779.0
vehicle 493.0 743.0 499.0 753.0
vehicle 479.0 743.0 484.0 753.0
vehicle 488.0 665.0 493.0 675.0
vehicle 489.0 693.0 494.0 704.0
vehicle 490.0 706.0 495.0 717.0
vehicle 487.0 648.0 492.0 657.0
vehicle 470.0 631.0 475.0 641.0
vehicle 471.0 645.0 476.0 653.0
vehicle 523.0 570.0 536.0 574.0
vehicle 671.0 211.0 676.0 221.0
vehicle 664.0 211.0 670.0 221.0
vehicle 665.0 222.0 670.0 234.0
tenniscourt 653.0 645.0 686.0 698.0
vehicle 63.0 729.0 68.0 741.0
vehicle 64.0 747.0 70.0 757.0
