Expressway-toll-station 316.0 398.0 626.0 495.0
vehicle 545.0 104.0 568.0 162.0
vehicle 400.0 149.0 411.0 167.0
vehicle 359.0 202.0 370.0 223.0
vehicle 332.0 204.0 351.0 263.0
vehicle 336.0 309.0 348.0 332.0
vehicle 555.0 336.0 565.0 358.0
vehicle 604.0 481.0 614.0 501.0
vehicle 584.0 500.0 591.0 518.0
vehicle 602.0 517.0 616.0 575.0
vehicle 566.0 591.0 575.0 613.0
vehicle 508.0 667.0 518.0 691.0
vehicle 607.0 588.0 618.0 648.0
vehicle 604.0 652.0 619.0 711.0
vehicle 594.0 734.0 613.0 796.0
vehicle 368.0 271.0 380.0 290.0
vehicle 372.0 299.0 383.0 319.0
vehicle 372.0 325.0 380.0 342.0
