harbor 219.0 7.0 336.0 405.0
harbor 345.0 1.0 359.0 53.0
harbor 423.0 2.0 567.0 661.0
harbor 568.0 6.0 740.0 692.0
ship 462.0 155.0 491.0 167.0
ship 457.0 174.0 502.0 194.0
ship 456.0 249.0 509.0 270.0
ship 462.0 274.0 511.0 293.0
ship 471.0 300.0 517.0 319.0
ship 487.0 324.0 533.0 343.0
ship 485.0 350.0 537.0 369.0
ship 490.0 375.0 540.0 395.0
ship 490.0 400.0 544.0 421.0
ship 498.0 451.0 548.0 469.0
ship 499.0 477.0 549.0 495.0
ship 507.0 528.0 557.0 546.0
ship 510.0 606.0 560.0 624.0
ship 607.0 505.0 657.0 523.0
ship 605.0 482.0 643.0 497.0
ship 602.0 458.0 642.0 475.0
ship 588.0 383.0 628.0 400.0
ship 597.0 408.0 631.0 424.0
ship 589.0 284.0 634.0 301.0
ship 586.0 261.0 625.0 277.0
ship 584.0 237.0 623.0 253.0
ship 586.0 213.0 618.0 229.0
ship 577.0 191.0 617.0 208.0
ship 576.0 166.0 610.0 182.0
ship 573.0 123.0 607.0 139.0
