harbor 200.0 244.0 336.0 375.0
harbor 23.0 421.0 311.0 536.0
harbor 13.0 589.0 310.0 706.0
harbor 477.0 671.0 786.0 800.0
harbor 635.0 1.0 789.0 566.0
harbor 202.0 73.0 575.0 202.0
ship 318.0 71.0 337.0 120.0
ship 371.0 70.0 390.0 119.0
ship 481.0 73.0 500.0 122.0
ship 536.0 71.0 555.0 120.0
ship 282.0 131.0 306.0 190.0
ship 359.0 136.0 383.0 201.0
ship 423.0 138.0 441.0 184.0
ship 501.0 135.0 525.0 194.0
ship 529.0 140.0 553.0 199.0
ship 212.0 146.0 221.0 168.0
ship 224.0 242.0 253.0 309.0
ship 277.0 256.0 300.0 310.0
ship 307.0 264.0 329.0 310.0
ship 201.0 325.0 212.0 364.0
ship 224.0 325.0 237.0 368.0
ship 252.0 320.0 269.0 368.0
ship 273.0 326.0 290.0 374.0
ship 303.0 324.0 320.0 372.0
ship 32.0 491.0 48.0 524.0
ship 87.0 491.0 100.0 534.0
ship 108.0 487.0 121.0 530.0
ship 136.0 487.0 149.0 530.0
ship 158.0 488.0 176.0 537.0
ship 236.0 483.0 250.0 534.0
ship 206.0 485.0 220.0 530.0
ship 286.0 483.0 300.0 534.0
ship 287.0 418.0 305.0 469.0
ship 20.0 578.0 48.0 652.0
ship 50.0 602.0 65.0 643.0
ship 69.0 666.0 81.0 700.0
ship 76.0 602.0 97.0 651.0
ship 104.0 605.0 121.0 648.0
ship 110.0 667.0 125.0 701.0
ship 181.0 599.0 198.0 648.0
ship 157.0 666.0 169.0 702.0
ship 205.0 589.0 224.0 646.0
ship 234.0 594.0 248.0 645.0
ship 200.0 658.0 212.0 704.0
ship 219.0 658.0 233.0 704.0
ship 261.0 663.0 275.0 709.0
ship 285.0 665.0 298.0 697.0
ship 258.0 600.0 273.0 649.0
ship 285.0 599.0 300.0 648.0
ship 311.0 489.0 326.0 526.0
ship 498.0 706.0 525.0 787.0
ship 541.0 715.0 563.0 769.0
ship 569.0 693.0 600.0 770.0
ship 610.0 698.0 632.0 763.0
ship 635.0 696.0 663.0 755.0
ship 702.0 438.0 767.0 480.0
ship 697.0 327.0 762.0 369.0
ship 698.0 193.0 763.0 235.0
ship 755.0 315.0 770.0 335.0
ship 688.0 113.0 740.0 154.0
ship 684.0 97.0 727.0 126.0
ship 677.0 76.0 714.0 105.0
ship 663.0 56.0 700.0 85.0
ship 646.0 31.0 683.0 60.0
ship 634.0 20.0 665.0 40.0
vehicle 8.0 182.0 37.0 195.0
vehicle 8.0 170.0 37.0 183.0
