ship 219.0 549.0 239.0 557.0
harbor 347.0 347.0 720.0 589.0
harbor 73.0 587.0 736.0 679.0
harbor 747.0 445.0 765.0 615.0
ship 226.0 471.0 247.0 480.0
ship 236.0 427.0 252.0 434.0
ship 217.0 531.0 238.0 541.0
ship 97.0 527.0 107.0 532.0
ship 594.0 621.0 607.0 628.0
ship 707.0 571.0 716.0 589.0
ship 749.0 542.0 754.0 553.0
ship 430.0 370.0 444.0 378.0
ship 450.0 369.0 465.0 379.0
ship 172.0 529.0 188.0 535.0
ship 152.0 532.0 166.0 539.0
ship 160.0 543.0 182.0 552.0
ship 219.0 505.0 240.0 514.0
ship 221.0 496.0 243.0 505.0
ship 234.0 445.0 250.0 453.0
ship 231.0 454.0 249.0 463.0
ship 360.0 458.0 369.0 473.0
ship 352.0 515.0 373.0 522.0
ship 350.0 525.0 371.0 532.0
ship 351.0 532.0 368.0 538.0
ship 350.0 542.0 371.0 549.0
ship 349.0 549.0 368.0 555.0
ship 345.0 557.0 370.0 567.0
ship 376.0 522.0 385.0 539.0
ship 373.0 544.0 383.0 567.0
ship 493.0 498.0 510.0 505.0
ship 492.0 507.0 509.0 515.0
ship 489.0 515.0 509.0 524.0
ship 492.0 524.0 509.0 530.0
ship 517.0 510.0 533.0 516.0
harbor 62.0 362.0 314.0 558.0
