tenniscourt 225.0 437.0 338.0 489.0
tenniscourt 395.0 720.0 508.0 772.0
tenniscourt 396.0 650.0 509.0 702.0
tenniscourt 397.0 579.0 510.0 631.0
tenniscourt 223.0 576.0 336.0 628.0
tenniscourt 225.0 506.0 338.0 558.0
tenniscourt 398.0 510.0 511.0 562.0
tenniscourt 398.0 441.0 511.0 493.0
tenniscourt 208.0 669.0 260.0 695.0
tenniscourt 299.0 746.0 351.0 772.0
tenniscourt 207.0 743.0 259.0 769.0
tenniscourt 300.0 708.0 352.0 734.0
tenniscourt 301.0 671.0 353.0 697.0
tenniscourt 208.0 706.0 260.0 732.0
vehicle 773.0 656.0 782.0 682.0
vehicle 771.0 712.0 780.0 737.0
baseballfield 400.0 187.0 549.0 328.0
vehicle 607.0 416.0 640.0 430.0
vehicle 726.0 500.0 750.0 513.0
