airplane 59.0 73.0 99.0 115.0
airplane 106.0 97.0 145.0 140.0
airplane 147.0 128.0 171.0 162.0
airplane 178.0 138.0 211.0 178.0
airplane 270.0 202.0 306.0 231.0
airplane 283.0 315.0 329.0 353.0
airplane 282.0 358.0 311.0 387.0
airplane 291.0 393.0 308.0 408.0
airplane 274.0 417.0 307.0 444.0
airplane 276.0 446.0 308.0 476.0
airplane 265.0 517.0 282.0 532.0
airplane 398.0 428.0 456.0 466.0
airplane 387.0 473.0 413.0 509.0
airplane 373.0 499.0 404.0 535.0
airplane 439.0 480.0 463.0 506.0
airplane 428.0 502.0 489.0 557.0
airplane 257.0 628.0 286.0 661.0
airplane 278.0 535.0 296.0 554.0
airplane 642.0 369.0 689.0 408.0
vehicle 5.0 224.0 19.0 235.0
vehicle 27.0 238.0 39.0 246.0
vehicle 364.0 627.0 372.0 641.0
airplane 379.0 519.0 431.0 559.0
