airplane 58.0 545.0 131.0 600.0
airplane 65.0 611.0 125.0 663.0
airplane 60.0 673.0 120.0 726.0
airplane 148.0 627.0 210.0 684.0
airplane 298.0 604.0 345.0 666.0
airplane 353.0 596.0 408.0 651.0
airplane 230.0 395.0 299.0 473.0
airplane 305.0 399.0 365.0 477.0
airplane 337.0 444.0 395.0 484.0
airplane 370.0 408.0 437.0 470.0
airplane 476.0 415.0 545.0 478.0
airplane 530.0 397.0 599.0 472.0
airplane 599.0 405.0 663.0 465.0
airplane 527.0 569.0 587.0 638.0
airplane 613.0 589.0 661.0 644.0
airplane 691.0 559.0 768.0 640.0
vehicle 686.0 693.0 714.0 704.0
vehicle 637.0 748.0 655.0 755.0
vehicle 696.0 779.0 716.0 790.0
vehicle 640.0 726.0 652.0 732.0
vehicle 639.0 733.0 654.0 739.0
vehicle 641.0 662.0 658.0 669.0
vehicle 642.0 680.0 655.0 686.0
vehicle 636.0 698.0 647.0 703.0
vehicle 634.0 704.0 648.0 709.0
