harbor 291.0 409.0 369.0 514.0
harbor 155.0 415.0 304.0 691.0
harbor 283.0 300.0 368.0 375.0
harbor 185.0 73.0 627.0 377.0
ship 187.0 452.0 227.0 485.0
ship 228.0 425.0 265.0 455.0
ship 303.0 438.0 313.0 450.0
ship 316.0 454.0 326.0 466.0
ship 312.0 465.0 323.0 477.0
ship 166.0 538.0 194.0 562.0
ship 166.0 495.0 189.0 517.0
ship 166.0 508.0 192.0 527.0
ship 169.0 556.0 193.0 577.0
ship 239.0 515.0 259.0 531.0
ship 237.0 528.0 262.0 550.0
ship 255.0 496.0 262.0 514.0
ship 267.0 553.0 278.0 583.0
ship 252.0 562.0 270.0 578.0
ship 163.0 596.0 172.0 618.0
ship 188.0 626.0 200.0 652.0
ship 208.0 604.0 217.0 623.0
ship 219.0 628.0 234.0 640.0
ship 245.0 282.0 289.0 312.0
ship 290.0 253.0 348.0 290.0
ship 368.0 213.0 421.0 248.0
ship 324.0 112.0 448.0 190.0
ship 457.0 76.0 512.0 107.0
ship 528.0 81.0 573.0 157.0
ship 558.0 162.0 599.0 242.0
ship 463.0 175.0 528.0 217.0
ship 469.0 278.0 509.0 301.0
ship 531.0 275.0 566.0 296.0
ship 472.0 317.0 521.0 341.0
ship 365.0 311.0 401.0 373.0
ship 532.0 294.0 574.0 317.0
ship 330.0 480.0 340.0 496.0
ship 332.0 455.0 351.0 491.0
ship 184.0 210.0 270.0 270.0
ship 374.0 236.0 414.0 263.0
ship 473.0 162.0 522.0 190.0
ship 337.0 177.0 374.0 201.0
ship 378.0 143.0 437.0 179.0
ship 489.0 281.0 520.0 303.0
ship 437.0 183.0 473.0 209.0
ship 488.0 338.0 510.0 351.0
ship 204.0 649.0 214.0 667.0
ship 217.0 652.0 238.0 665.0
ship 166.0 530.0 190.0 547.0
ship 242.0 542.0 256.0 555.0
