harbor 100.0 26.0 628.0 559.0
harbor 190.0 626.0 332.0 785.0
vehicle 694.0 514.0 722.0 536.0
vehicle 671.0 548.0 701.0 566.0
vehicle 732.0 650.0 747.0 664.0
vehicle 648.0 618.0 670.0 631.0
vehicle 622.0 644.0 647.0 666.0
vehicle 612.0 663.0 634.0 682.0
ship 214.0 628.0 246.0 653.0
ship 565.0 217.0 587.0 257.0
ship 485.0 136.0 548.0 217.0
ship 237.0 105.0 280.0 167.0
ship 413.0 216.0 447.0 263.0
ship 381.0 193.0 429.0 263.0
ship 428.0 106.0 487.0 179.0
ship 383.0 86.0 417.0 135.0
ship 323.0 161.0 369.0 223.0
ship 340.0 60.0 379.0 125.0
ship 320.0 78.0 345.0 113.0
ship 410.0 390.0 465.0 463.0
ship 283.0 389.0 318.0 430.0
ship 239.0 370.0 275.0 417.0
ship 103.0 329.0 177.0 431.0
ship 164.0 416.0 210.0 478.0
ship 227.0 453.0 267.0 512.0
ship 335.0 448.0 361.0 481.0
ship 320.0 515.0 343.0 549.0
ship 285.0 492.0 329.0 550.0
ship 289.0 137.0 335.0 200.0
