harbor 14.0 124.0 243.0 720.0
harbor 379.0 122.0 616.0 683.0
vehicle 263.0 734.0 284.0 779.0
vehicle 334.0 736.0 357.0 791.0
ship 55.0 131.0 133.0 155.0
ship 398.0 122.0 481.0 148.0
ship 149.0 130.0 229.0 157.0
ship 172.0 169.0 239.0 193.0
ship 165.0 201.0 237.0 227.0
ship 12.0 261.0 127.0 302.0
ship 47.0 311.0 132.0 342.0
ship 174.0 332.0 228.0 355.0
ship 47.0 508.0 125.0 537.0
ship 170.0 618.0 227.0 645.0
ship 405.0 402.0 479.0 428.0
ship 405.0 523.0 462.0 550.0
ship 521.0 320.0 606.0 345.0
ship 391.0 258.0 462.0 285.0
ship 387.0 162.0 476.0 188.0
