harbor 719.0 16.0 798.0 194.0
harbor 125.0 286.0 164.0 353.0
harbor 341.0 43.0 683.0 731.0
ship 125.0 325.0 142.0 348.0
ship 387.0 218.0 411.0 225.0
ship 385.0 192.0 404.0 201.0
ship 386.0 205.0 407.0 216.0
ship 424.0 170.0 443.0 178.0
ship 436.0 185.0 459.0 198.0
ship 445.0 209.0 467.0 217.0
ship 447.0 218.0 471.0 234.0
ship 466.0 262.0 487.0 271.0
ship 467.0 275.0 492.0 285.0
ship 370.0 554.0 417.0 569.0
ship 426.0 496.0 450.0 506.0
ship 417.0 465.0 423.0 483.0
ship 482.0 206.0 503.0 215.0
ship 487.0 215.0 508.0 227.0
ship 430.0 552.0 460.0 560.0
ship 377.0 574.0 419.0 586.0
ship 367.0 593.0 420.0 603.0
ship 372.0 623.0 425.0 643.0
ship 372.0 649.0 427.0 665.0
ship 434.0 604.0 474.0 617.0
ship 432.0 567.0 464.0 579.0
ship 518.0 307.0 544.0 321.0
ship 475.0 293.0 496.0 302.0
ship 475.0 321.0 507.0 338.0
ship 528.0 336.0 556.0 350.0
ship 532.0 346.0 568.0 367.0
ship 495.0 362.0 525.0 379.0
ship 540.0 372.0 566.0 385.0
ship 546.0 386.0 570.0 399.0
ship 502.0 400.0 537.0 417.0
ship 558.0 415.0 587.0 432.0
ship 750.0 439.0 778.0 454.0
ship 571.0 451.0 600.0 466.0
ship 528.0 467.0 563.0 484.0
ship 578.0 473.0 611.0 488.0
ship 531.0 489.0 567.0 505.0
ship 541.0 502.0 573.0 519.0
ship 585.0 492.0 612.0 503.0
ship 590.0 509.0 627.0 525.0
ship 542.0 522.0 578.0 539.0
ship 602.0 541.0 633.0 556.0
ship 559.0 592.0 599.0 609.0
ship 562.0 611.0 609.0 633.0
ship 613.0 580.0 645.0 597.0
ship 591.0 646.0 664.0 680.0
ship 492.0 228.0 515.0 242.0
ship 523.0 320.0 551.0 335.0
