storagetank 451.0 49.0 497.0 97.0
storagetank 499.0 81.0 542.0 130.0
storagetank 433.0 112.0 470.0 155.0
storagetank 484.0 143.0 519.0 185.0
storagetank 302.0 142.0 348.0 185.0
storagetank 257.0 188.0 311.0 240.0
storagetank 317.0 219.0 370.0 277.0
storagetank 346.0 161.0 389.0 211.0
storagetank 388.0 186.0 431.0 233.0
storagetank 379.0 259.0 431.0 310.0
storagetank 433.0 212.0 473.0 259.0
storagetank 608.0 119.0 646.0 159.0
storagetank 589.0 214.0 632.0 263.0
storagetank 627.0 248.0 669.0 297.0
storagetank 579.0 264.0 621.0 311.0
storagetank 516.0 303.0 556.0 350.0
storagetank 565.0 335.0 615.0 389.0
storagetank 480.0 353.0 528.0 403.0
storagetank 535.0 393.0 579.0 444.0
vehicle 681.0 153.0 694.0 187.0
vehicle 708.0 34.0 718.0 63.0
vehicle 701.0 37.0 710.0 62.0
vehicle 695.0 35.0 703.0 58.0
vehicle 409.0 14.0 432.0 44.0
vehicle 401.0 44.0 418.0 68.0
vehicle 380.0 39.0 396.0 63.0
vehicle 342.0 105.0 365.0 124.0
vehicle 324.0 75.0 345.0 91.0
vehicle 331.0 70.0 353.0 87.0
vehicle 324.0 52.0 350.0 64.0
vehicle 330.0 48.0 353.0 59.0
vehicle 330.0 39.0 353.0 52.0
vehicle 331.0 32.0 355.0 47.0
vehicle 331.0 25.0 355.0 40.0
vehicle 336.0 20.0 358.0 32.0
vehicle 340.0 14.0 363.0 30.0
vehicle 354.0 516.0 377.0 543.0
vehicle 361.0 522.0 384.0 548.0
vehicle 375.0 527.0 397.0 556.0
vehicle 382.0 532.0 403.0 560.0
vehicle 399.0 542.0 421.0 570.0
vehicle 407.0 554.0 427.0 580.0
vehicle 418.0 557.0 439.0 585.0
