harbor 643.0 65.0 787.0 279.0
harbor 452.0 81.0 665.0 358.0
harbor 315.0 169.0 528.0 435.0
harbor 138.0 251.0 363.0 531.0
harbor 23.0 357.0 196.0 614.0
harbor 50.0 641.0 88.0 773.0
vehicle 764.0 774.0 784.0 791.0
vehicle 649.0 704.0 663.0 717.0
vehicle 723.0 752.0 739.0 768.0
ship 29.0 493.0 42.0 531.0
ship 64.0 648.0 77.0 678.0
ship 51.0 696.0 72.0 772.0
ship 47.0 450.0 73.0 489.0
ship 23.0 372.0 39.0 384.0
ship 40.0 368.0 86.0 396.0
ship 50.0 398.0 91.0 424.0
ship 87.0 451.0 136.0 485.0
ship 98.0 478.0 150.0 504.0
ship 111.0 494.0 160.0 529.0
ship 123.0 522.0 170.0 549.0
ship 150.0 563.0 195.0 593.0
ship 136.0 276.0 191.0 315.0
ship 153.0 306.0 200.0 332.0
ship 170.0 329.0 213.0 357.0
ship 175.0 348.0 223.0 378.0
ship 187.0 372.0 238.0 404.0
ship 201.0 389.0 244.0 419.0
ship 221.0 416.0 263.0 440.0
ship 222.0 430.0 271.0 463.0
ship 235.0 455.0 291.0 509.0
ship 260.0 498.0 310.0 530.0
ship 324.0 469.0 363.0 497.0
ship 305.0 442.0 351.0 472.0
ship 298.0 425.0 340.0 454.0
ship 282.0 398.0 335.0 431.0
ship 259.0 356.0 310.0 389.0
ship 247.0 345.0 291.0 367.0
ship 231.0 312.0 289.0 344.0
ship 226.0 297.0 271.0 326.0
ship 210.0 268.0 262.0 301.0
ship 201.0 252.0 242.0 280.0
ship 320.0 208.0 358.0 235.0
ship 328.0 228.0 370.0 254.0
ship 342.0 245.0 380.0 271.0
ship 358.0 268.0 388.0 286.0
ship 361.0 283.0 396.0 309.0
ship 382.0 319.0 419.0 340.0
ship 393.0 334.0 431.0 361.0
ship 413.0 378.0 447.0 397.0
ship 435.0 405.0 471.0 436.0
ship 370.0 185.0 405.0 205.0
ship 379.0 204.0 416.0 223.0
ship 388.0 222.0 424.0 240.0
ship 401.0 240.0 439.0 262.0
ship 409.0 255.0 449.0 279.0
ship 417.0 275.0 459.0 298.0
ship 433.0 292.0 468.0 311.0
ship 437.0 311.0 481.0 329.0
ship 450.0 324.0 490.0 351.0
ship 461.0 344.0 501.0 369.0
ship 468.0 362.0 507.0 387.0
ship 477.0 377.0 531.0 406.0
ship 569.0 330.0 609.0 356.0
ship 625.0 297.0 664.0 324.0
ship 552.0 294.0 592.0 318.0
ship 559.0 311.0 600.0 335.0
ship 537.0 276.0 579.0 298.0
ship 532.0 259.0 571.0 282.0
ship 515.0 241.0 560.0 267.0
ship 507.0 224.0 548.0 247.0
ship 498.0 202.0 534.0 226.0
ship 485.0 189.0 525.0 210.0
ship 470.0 150.0 506.0 171.0
ship 457.0 129.0 494.0 155.0
ship 454.0 80.0 531.0 121.0
ship 508.0 101.0 547.0 124.0
ship 517.0 120.0 556.0 144.0
ship 527.0 140.0 562.0 163.0
ship 539.0 157.0 577.0 179.0
ship 545.0 171.0 588.0 200.0
ship 548.0 199.0 600.0 215.0
ship 566.0 214.0 605.0 234.0
ship 580.0 234.0 616.0 253.0
ship 585.0 252.0 625.0 271.0
ship 598.0 267.0 642.0 293.0
ship 709.0 246.0 762.0 277.0
ship 718.0 204.0 768.0 238.0
ship 706.0 189.0 757.0 220.0
ship 687.0 163.0 745.0 198.0
ship 692.0 145.0 733.0 174.0
ship 671.0 123.0 712.0 152.0
ship 667.0 104.0 706.0 133.0
ship 652.0 78.0 693.0 104.0
ship 768.0 183.0 789.0 213.0
