harbor 8.0 103.0 151.0 589.0
harbor 203.0 101.0 362.0 606.0
harbor 391.0 90.0 526.0 617.0
harbor 557.0 80.0 686.0 644.0
harbor 694.0 81.0 787.0 377.0
ship 38.0 112.0 69.0 190.0
ship 4.0 519.0 32.0 583.0
ship 31.0 520.0 59.0 584.0
ship 53.0 517.0 81.0 581.0
ship 84.0 510.0 111.0 579.0
ship 116.0 513.0 143.0 582.0
ship 201.0 535.0 222.0 597.0
ship 223.0 536.0 244.0 598.0
ship 250.0 532.0 275.0 605.0
ship 283.0 529.0 308.0 602.0
ship 340.0 532.0 362.0 593.0
ship 722.0 295.0 752.0 370.0
ship 757.0 294.0 788.0 375.0
ship 701.0 164.0 738.0 221.0
ship 722.0 243.0 743.0 287.0
ship 749.0 221.0 766.0 259.0
ship 746.0 147.0 759.0 181.0
ship 8.0 261.0 71.0 284.0
ship 7.0 289.0 70.0 312.0
ship 19.0 363.0 74.0 385.0
ship 16.0 313.0 71.0 335.0
ship 17.0 336.0 72.0 358.0
ship 20.0 390.0 75.0 412.0
ship 21.0 439.0 76.0 461.0
ship 18.0 460.0 83.0 486.0
ship 28.0 413.0 76.0 434.0
ship 10.0 490.0 79.0 511.0
ship 71.0 107.0 132.0 127.0
ship 72.0 159.0 133.0 179.0
ship 74.0 184.0 139.0 206.0
ship 77.0 207.0 142.0 229.0
ship 76.0 261.0 141.0 283.0
ship 80.0 310.0 145.0 332.0
ship 81.0 333.0 146.0 355.0
ship 83.0 358.0 148.0 380.0
ship 82.0 410.0 147.0 432.0
ship 84.0 462.0 149.0 484.0
ship 82.0 435.0 147.0 457.0
ship 91.0 484.0 150.0 506.0
ship 81.0 281.0 140.0 303.0
ship 76.0 230.0 135.0 252.0
ship 37.0 243.0 70.0 259.0
ship 84.0 385.0 149.0 407.0
ship 74.0 136.0 123.0 157.0
ship 200.0 99.0 261.0 119.0
ship 202.0 122.0 263.0 142.0
ship 203.0 144.0 264.0 164.0
ship 209.0 190.0 266.0 211.0
ship 215.0 236.0 272.0 257.0
ship 213.0 257.0 270.0 278.0
ship 210.0 281.0 267.0 302.0
ship 219.0 303.0 271.0 324.0
ship 219.0 329.0 271.0 350.0
ship 223.0 350.0 275.0 371.0
ship 227.0 373.0 279.0 394.0
ship 222.0 395.0 274.0 416.0
ship 221.0 416.0 273.0 437.0
ship 225.0 440.0 277.0 461.0
ship 227.0 486.0 279.0 507.0
ship 227.0 510.0 285.0 531.0
ship 215.0 172.0 261.0 186.0
ship 222.0 215.0 266.0 232.0
ship 229.0 463.0 273.0 480.0
ship 269.0 96.0 315.0 118.0
ship 274.0 117.0 320.0 139.0
ship 268.0 142.0 321.0 160.0
ship 272.0 164.0 325.0 182.0
ship 271.0 187.0 324.0 205.0
ship 274.0 211.0 327.0 229.0
ship 274.0 235.0 327.0 253.0
ship 276.0 259.0 329.0 277.0
ship 275.0 279.0 328.0 297.0
ship 279.0 302.0 332.0 320.0
ship 280.0 343.0 342.0 365.0
ship 279.0 368.0 341.0 390.0
ship 392.0 89.0 442.0 106.0
ship 284.0 393.0 337.0 411.0
ship 279.0 416.0 332.0 434.0
ship 290.0 439.0 343.0 457.0
ship 288.0 459.0 341.0 477.0
ship 288.0 485.0 341.0 503.0
ship 297.0 506.0 350.0 524.0
ship 388.0 111.0 441.0 129.0
ship 393.0 132.0 446.0 150.0
ship 393.0 177.0 446.0 195.0
ship 399.0 199.0 452.0 217.0
ship 398.0 224.0 451.0 242.0
ship 448.0 88.0 497.0 105.0
ship 448.0 111.0 497.0 128.0
ship 450.0 133.0 499.0 150.0
ship 451.0 153.0 500.0 170.0
ship 450.0 175.0 499.0 192.0
ship 459.0 196.0 508.0 213.0
ship 405.0 287.0 454.0 304.0
ship 403.0 315.0 452.0 332.0
ship 402.0 331.0 451.0 348.0
ship 408.0 355.0 457.0 372.0
ship 411.0 378.0 460.0 395.0
ship 411.0 398.0 460.0 415.0
ship 412.0 467.0 461.0 484.0
ship 417.0 488.0 466.0 505.0
ship 416.0 509.0 465.0 526.0
ship 418.0 532.0 467.0 549.0
ship 422.0 556.0 471.0 573.0
ship 429.0 576.0 468.0 595.0
ship 419.0 419.0 458.0 438.0
ship 420.0 441.0 459.0 460.0
ship 404.0 266.0 443.0 285.0
ship 404.0 243.0 443.0 262.0
ship 454.0 215.0 493.0 234.0
ship 461.0 238.0 500.0 257.0
ship 458.0 261.0 505.0 282.0
ship 460.0 597.0 522.0 615.0
ship 595.0 622.0 666.0 643.0
ship 700.0 100.0 711.0 124.0
ship 557.0 78.0 592.0 92.0
ship 556.0 100.0 600.0 119.0
ship 562.0 119.0 602.0 136.0
ship 610.0 117.0 650.0 133.0
ship 562.0 139.0 601.0 155.0
ship 615.0 154.0 647.0 166.0
ship 565.0 159.0 603.0 174.0
ship 567.0 176.0 604.0 193.0
ship 613.0 174.0 649.0 188.0
ship 618.0 193.0 652.0 207.0
ship 570.0 198.0 602.0 212.0
ship 623.0 212.0 651.0 225.0
ship 568.0 234.0 609.0 251.0
ship 570.0 254.0 610.0 270.0
ship 565.0 273.0 608.0 289.0
ship 621.0 290.0 658.0 306.0
ship 625.0 310.0 660.0 324.0
ship 574.0 313.0 612.0 329.0
ship 579.0 332.0 612.0 344.0
ship 626.0 330.0 659.0 343.0
ship 571.0 369.0 614.0 386.0
ship 626.0 347.0 660.0 364.0
ship 626.0 367.0 670.0 382.0
ship 579.0 390.0 616.0 403.0
ship 626.0 385.0 661.0 399.0
ship 632.0 405.0 667.0 418.0
ship 579.0 407.0 621.0 424.0
ship 465.0 309.0 504.0 326.0
ship 461.0 285.0 505.0 303.0
ship 464.0 330.0 515.0 348.0
ship 465.0 350.0 505.0 371.0
ship 468.0 374.0 512.0 391.0
ship 470.0 399.0 512.0 414.0
ship 471.0 421.0 515.0 435.0
ship 470.0 440.0 518.0 459.0
ship 472.0 463.0 509.0 479.0
ship 479.0 485.0 522.0 500.0
ship 477.0 505.0 525.0 527.0
ship 632.0 423.0 663.0 436.0
ship 580.0 429.0 617.0 440.0
ship 582.0 446.0 621.0 461.0
ship 631.0 445.0 672.0 461.0
ship 579.0 469.0 619.0 481.0
ship 631.0 463.0 670.0 478.0
ship 643.0 481.0 672.0 492.0
ship 588.0 488.0 621.0 501.0
ship 583.0 504.0 626.0 521.0
ship 633.0 498.0 672.0 513.0
ship 587.0 522.0 626.0 537.0
ship 632.0 519.0 674.0 537.0
ship 586.0 545.0 627.0 559.0
ship 636.0 539.0 672.0 552.0
ship 585.0 562.0 624.0 577.0
ship 638.0 557.0 683.0 575.0
ship 589.0 582.0 626.0 597.0
ship 640.0 577.0 678.0 594.0
ship 590.0 600.0 633.0 617.0
ship 638.0 596.0 680.0 612.0
ship 475.0 528.0 519.0 546.0
ship 478.0 551.0 524.0 568.0
ship 482.0 572.0 524.0 589.0
ship 432.0 601.0 457.0 612.0
