ship 115.0 211.0 135.0 249.0
ship 110.0 215.0 129.0 253.0
ship 102.0 219.0 121.0 253.0
ship 95.0 220.0 115.0 255.0
ship 95.0 234.0 110.0 260.0
ship 90.0 240.0 106.0 273.0
ship 181.0 503.0 193.0 540.0
ship 250.0 535.0 270.0 585.0
ship 248.0 547.0 259.0 581.0
ship 193.0 523.0 202.0 543.0
ship 456.0 437.0 464.0 464.0
ship 274.0 639.0 291.0 681.0
ship 267.0 643.0 281.0 674.0
ship 262.0 647.0 276.0 681.0
ship 254.0 648.0 272.0 691.0
ship 250.0 657.0 265.0 688.0
ship 300.0 737.0 308.0 767.0
harbor 465.0 497.0 504.0 519.0
harbor 483.0 583.0 522.0 615.0
storagetank 607.0 578.0 617.0 586.0
storagetank 594.0 589.0 605.0 602.0
storagetank 612.0 586.0 623.0 600.0
storagetank 618.0 603.0 628.0 614.0
storagetank 624.0 615.0 634.0 626.0
storagetank 629.0 626.0 639.0 637.0
storagetank 607.0 623.0 615.0 634.0
storagetank 610.0 642.0 619.0 653.0
