harbor 117.0 198.0 181.0 286.0
harbor 113.0 52.0 168.0 157.0
harbor 128.0 299.0 188.0 364.0
harbor 127.0 377.0 188.0 392.0
harbor 153.0 479.0 399.0 612.0
harbor 224.0 31.0 363.0 473.0
ship 181.0 80.0 221.0 101.0
ship 353.0 557.0 390.0 598.0
ship 158.0 378.0 187.0 386.0
ship 169.0 337.0 187.0 359.0
ship 138.0 268.0 180.0 284.0
ship 144.0 254.0 178.0 267.0
ship 133.0 209.0 176.0 220.0
ship 151.0 198.0 164.0 204.0
ship 114.0 62.0 123.0 92.0
ship 118.0 95.0 127.0 119.0
ship 131.0 75.0 139.0 101.0
ship 146.0 69.0 151.0 84.0
ship 158.0 56.0 168.0 85.0
ship 252.0 44.0 313.0 64.0
ship 4.0 689.0 17.0 732.0
ship 31.0 688.0 45.0 730.0
ship 47.0 688.0 59.0 732.0
ship 72.0 688.0 86.0 729.0
ship 99.0 688.0 112.0 730.0
ship 4.0 759.0 18.0 799.0
ship 30.0 766.0 42.0 800.0
ship 44.0 759.0 59.0 800.0
ship 71.0 763.0 83.0 799.0
ship 85.0 771.0 95.0 800.0
ship 198.0 507.0 206.0 524.0
ship 3.0 437.0 20.0 464.0
ship 17.0 440.0 40.0 466.0
ship 1.0 174.0 11.0 212.0
ship 1.0 232.0 28.0 245.0
ship 1.0 253.0 23.0 266.0
ship 1.0 272.0 9.0 300.0
ship 10.0 270.0 30.0 304.0
