harbor 562.0 93.0 671.0 800.0
harbor 93.0 20.0 494.0 207.0
harbor 129.0 284.0 340.0 429.0
harbor 335.0 204.0 496.0 327.0
harbor 347.0 365.0 520.0 478.0
harbor 368.0 503.0 534.0 622.0
harbor 382.0 651.0 546.0 760.0
harbor 160.0 630.0 380.0 774.0
harbor 158.0 466.0 360.0 607.0
ship 100.0 63.0 124.0 132.0
ship 126.0 61.0 151.0 120.0
ship 173.0 55.0 195.0 115.0
ship 198.0 44.0 221.0 115.0
ship 225.0 51.0 246.0 111.0
ship 272.0 39.0 295.0 103.0
ship 295.0 41.0 318.0 105.0
ship 322.0 39.0 344.0 96.0
ship 342.0 38.0 366.0 97.0
ship 363.0 22.0 392.0 93.0
ship 393.0 21.0 416.0 95.0
ship 448.0 97.0 469.0 150.0
ship 409.0 104.0 430.0 157.0
ship 367.0 108.0 384.0 156.0
ship 344.0 112.0 361.0 160.0
ship 326.0 120.0 343.0 168.0
ship 283.0 118.0 308.0 187.0
ship 259.0 120.0 284.0 182.0
ship 231.0 122.0 259.0 194.0
ship 207.0 125.0 232.0 190.0
ship 185.0 131.0 211.0 190.0
ship 156.0 131.0 186.0 203.0
ship 138.0 134.0 158.0 200.0
ship 107.0 140.0 137.0 203.0
ship 353.0 212.0 376.0 269.0
ship 445.0 207.0 466.0 251.0
ship 469.0 205.0 490.0 249.0
ship 476.0 265.0 494.0 315.0
ship 431.0 271.0 449.0 321.0
ship 370.0 277.0 385.0 322.0
ship 343.0 281.0 363.0 328.0
ship 277.0 285.0 302.0 344.0
ship 309.0 354.0 332.0 412.0
ship 287.0 355.0 310.0 413.0
ship 234.0 290.0 257.0 348.0
ship 204.0 286.0 231.0 352.0
ship 188.0 302.0 208.0 353.0
ship 138.0 303.0 163.0 364.0
ship 143.0 381.0 166.0 427.0
ship 164.0 378.0 187.0 424.0
ship 190.0 374.0 211.0 422.0
ship 162.0 486.0 184.0 548.0
ship 187.0 497.0 203.0 543.0
ship 206.0 487.0 226.0 542.0
ship 248.0 484.0 270.0 534.0
ship 270.0 484.0 289.0 532.0
ship 326.0 471.0 345.0 519.0
ship 175.0 562.0 194.0 610.0
ship 196.0 560.0 215.0 608.0
ship 253.0 548.0 272.0 596.0
ship 294.0 543.0 313.0 591.0
ship 315.0 536.0 334.0 584.0
ship 336.0 534.0 355.0 573.0
ship 175.0 655.0 194.0 694.0
ship 205.0 652.0 226.0 701.0
ship 230.0 649.0 249.0 695.0
ship 246.0 647.0 265.0 693.0
ship 269.0 646.0 288.0 692.0
ship 305.0 638.0 324.0 684.0
ship 348.0 632.0 367.0 678.0
ship 347.0 696.0 368.0 751.0
ship 252.0 708.0 273.0 763.0
ship 228.0 708.0 249.0 763.0
ship 183.0 718.0 205.0 770.0
ship 521.0 704.0 541.0 749.0
ship 518.0 653.0 532.0 693.0
ship 479.0 569.0 494.0 602.0
ship 461.0 566.0 477.0 610.0
ship 394.0 579.0 411.0 616.0
ship 407.0 527.0 421.0 563.0
ship 421.0 515.0 442.0 560.0
ship 506.0 506.0 526.0 545.0
ship 490.0 433.0 510.0 472.0
ship 450.0 438.0 470.0 477.0
ship 457.0 369.0 479.0 420.0
ship 414.0 374.0 436.0 425.0
ship 353.0 380.0 375.0 431.0
ship 571.0 150.0 643.0 174.0
ship 568.0 202.0 640.0 224.0
ship 563.0 230.0 642.0 253.0
ship 578.0 256.0 643.0 274.0
ship 578.0 298.0 643.0 316.0
ship 589.0 340.0 640.0 360.0
ship 589.0 358.0 640.0 378.0
ship 588.0 385.0 639.0 405.0
ship 593.0 466.0 644.0 486.0
ship 594.0 488.0 644.0 503.0
ship 595.0 566.0 642.0 582.0
ship 593.0 601.0 640.0 617.0
ship 593.0 640.0 642.0 659.0
ship 592.0 697.0 641.0 716.0
ship 594.0 716.0 643.0 735.0
