vehicle 572.0 314.0 584.0 323.0
vehicle 496.0 276.0 503.0 283.0
vehicle 524.0 276.0 534.0 284.0
vehicle 524.0 290.0 534.0 297.0
vehicle 522.0 308.0 533.0 318.0
vehicle 541.0 293.0 552.0 301.0
vehicle 544.0 308.0 553.0 316.0
vehicle 544.0 316.0 554.0 324.0
vehicle 475.0 251.0 486.0 260.0
vehicle 435.0 237.0 447.0 245.0
vehicle 423.0 249.0 434.0 255.0
vehicle 418.0 254.0 430.0 261.0
tenniscourt 63.0 681.0 119.0 736.0
tenniscourt 89.0 655.0 145.0 711.0
tenniscourt 114.0 629.0 172.0 684.0
tenniscourt 141.0 602.0 200.0 658.0
tenniscourt 316.0 703.0 341.0 759.0
tenniscourt 175.0 568.0 232.0 624.0
tenniscourt 200.0 542.0 258.0 598.0
tenniscourt 225.0 514.0 285.0 573.0
tenniscourt 292.0 441.0 320.0 498.0
tenniscourt 328.0 442.0 355.0 498.0
tenniscourt 363.0 442.0 390.0 497.0
tenniscourt 379.0 360.0 405.0 416.0
tenniscourt 411.0 358.0 441.0 419.0
tenniscourt 446.0 359.0 475.0 418.0
tenniscourt 617.0 120.0 646.0 182.0
tenniscourt 650.0 122.0 679.0 180.0
tenniscourt 683.0 118.0 714.0 176.0
tenniscourt 621.0 202.0 648.0 262.0
tenniscourt 653.0 202.0 683.0 261.0
tenniscourt 686.0 198.0 716.0 259.0
tenniscourt 624.0 285.0 653.0 342.0
tenniscourt 658.0 283.0 689.0 341.0
tenniscourt 691.0 282.0 721.0 339.0
tenniscourt 675.0 618.0 705.0 678.0
