vehicle 153.0 136.0 166.0 150.0
tenniscourt 229.0 72.0 318.0 152.0
vehicle 169.0 147.0 183.0 163.0
vehicle 178.0 153.0 195.0 168.0
vehicle 186.0 159.0 198.0 172.0
vehicle 198.0 166.0 211.0 183.0
vehicle 203.0 171.0 217.0 186.0
vehicle 225.0 185.0 238.0 198.0
vehicle 239.0 192.0 253.0 206.0
vehicle 253.0 202.0 265.0 216.0
vehicle 263.0 209.0 276.0 222.0
vehicle 268.0 212.0 281.0 225.0
vehicle 282.0 220.0 296.0 236.0
vehicle 288.0 225.0 305.0 241.0
vehicle 294.0 229.0 311.0 244.0
vehicle 135.0 169.0 149.0 183.0
vehicle 143.0 173.0 157.0 188.0
vehicle 149.0 176.0 164.0 193.0
vehicle 157.0 181.0 172.0 198.0
vehicle 171.0 190.0 185.0 206.0
vehicle 178.0 195.0 195.0 212.0
vehicle 186.0 200.0 200.0 216.0
vehicle 198.0 210.0 211.0 224.0
vehicle 205.0 212.0 217.0 227.0
vehicle 233.0 231.0 245.0 246.0
vehicle 240.0 235.0 254.0 253.0
vehicle 248.0 241.0 260.0 255.0
vehicle 258.0 249.0 273.0 264.0
vehicle 128.0 183.0 139.0 198.0
vehicle 133.0 187.0 147.0 202.0
vehicle 143.0 191.0 155.0 207.0
vehicle 149.0 197.0 161.0 211.0
vehicle 154.0 200.0 168.0 215.0
vehicle 169.0 210.0 185.0 225.0
vehicle 177.0 215.0 190.0 229.0
vehicle 183.0 219.0 196.0 234.0
vehicle 196.0 226.0 209.0 241.0
vehicle 210.0 236.0 222.0 250.0
vehicle 224.0 248.0 235.0 260.0
vehicle 259.0 268.0 270.0 283.0
vehicle 130.0 229.0 142.0 241.0
vehicle 152.0 240.0 163.0 254.0
vehicle 163.0 248.0 176.0 263.0
vehicle 185.0 264.0 196.0 277.0
vehicle 205.0 277.0 217.0 292.0
vehicle 254.0 226.0 269.0 238.0
vehicle 109.0 236.0 120.0 249.0
vehicle 118.0 241.0 128.0 253.0
vehicle 123.0 245.0 134.0 258.0
vehicle 133.0 253.0 147.0 268.0
vehicle 149.0 264.0 161.0 277.0
vehicle 168.0 278.0 181.0 293.0
vehicle 174.0 283.0 186.0 297.0
vehicle 182.0 287.0 192.0 300.0
vehicle 196.0 297.0 206.0 311.0
vehicle 203.0 302.0 215.0 315.0
vehicle 211.0 305.0 222.0 320.0
vehicle 217.0 311.0 230.0 325.0
vehicle 231.0 318.0 241.0 332.0
vehicle 236.0 322.0 248.0 336.0
vehicle 224.0 316.0 235.0 330.0
vehicle 87.0 264.0 100.0 278.0
vehicle 92.0 268.0 106.0 282.0
vehicle 106.0 276.0 119.0 292.0
vehicle 121.0 286.0 134.0 300.0
vehicle 134.0 296.0 145.0 310.0
vehicle 140.0 300.0 153.0 315.0
vehicle 147.0 303.0 161.0 320.0
vehicle 155.0 308.0 167.0 324.0
vehicle 163.0 313.0 173.0 326.0
vehicle 169.0 316.0 181.0 331.0
vehicle 49.0 282.0 61.0 297.0
vehicle 85.0 310.0 100.0 324.0
vehicle 135.0 342.0 149.0 354.0
vehicle 154.0 355.0 168.0 367.0
vehicle 224.0 396.0 239.0 404.0
vehicle 142.0 363.0 157.0 374.0
vehicle 124.0 350.0 136.0 360.0
vehicle 105.0 337.0 119.0 349.0
vehicle 81.0 321.0 99.0 335.0
vehicle 64.0 310.0 78.0 321.0
vehicle 48.0 298.0 64.0 311.0
vehicle 33.0 288.0 47.0 301.0
vehicle 131.0 423.0 144.0 437.0
vehicle 35.0 528.0 47.0 540.0
vehicle 20.0 518.0 32.0 532.0
vehicle 9.0 504.0 21.0 519.0
vehicle 21.0 540.0 35.0 552.0
vehicle 29.0 543.0 44.0 557.0
vehicle 283.0 440.0 300.0 455.0
vehicle 387.0 508.0 403.0 522.0
vehicle 420.0 360.0 433.0 373.0
vehicle 513.0 326.0 524.0 340.0
vehicle 169.0 528.0 183.0 538.0
vehicle 166.0 536.0 179.0 547.0
vehicle 272.0 521.0 284.0 536.0
vehicle 464.0 427.0 476.0 440.0
vehicle 469.0 561.0 480.0 573.0
vehicle 483.0 571.0 497.0 584.0
vehicle 570.0 628.0 583.0 639.0
vehicle 449.0 548.0 463.0 561.0
vehicle 499.0 584.0 514.0 597.0
vehicle 586.0 638.0 600.0 650.0
vehicle 548.0 615.0 564.0 628.0
vehicle 636.0 670.0 648.0 681.0
vehicle 516.0 474.0 531.0 483.0
vehicle 729.0 727.0 749.0 742.0
vehicle 651.0 679.0 665.0 691.0
vehicle 665.0 688.0 680.0 700.0
vehicle 712.0 717.0 725.0 729.0
vehicle 752.0 732.0 770.0 742.0
vehicle 542.0 344.0 554.0 356.0
vehicle 550.0 303.0 560.0 316.0
vehicle 513.0 264.0 524.0 278.0
vehicle 484.0 263.0 498.0 273.0
vehicle 463.0 293.0 478.0 305.0
vehicle 512.0 215.0 528.0 229.0
vehicle 508.0 222.0 524.0 234.0
vehicle 499.0 234.0 516.0 245.0
tenniscourt 105.0 21.0 201.0 100.0
vehicle 201.0 111.0 293.0 188.0
vehicle 308.0 136.0 385.0 225.0
vehicle 518.0 4.0 531.0 20.0
vehicle 536.0 11.0 548.0 29.0
