tenniscourt 219.0 152.0 287.0 202.0
tenniscourt 201.0 193.0 267.0 245.0
tenniscourt 182.0 235.0 253.0 288.0
vehicle 412.0 13.0 420.0 27.0
vehicle 332.0 143.0 342.0 155.0
vehicle 268.0 301.0 277.0 313.0
vehicle 255.0 342.0 274.0 377.0
vehicle 187.0 478.0 205.0 507.0
vehicle 777.0 34.0 791.0 44.0
vehicle 524.0 617.0 531.0 628.0
vehicle 514.0 599.0 528.0 610.0
vehicle 499.0 593.0 513.0 604.0
vehicle 482.0 586.0 493.0 594.0
vehicle 469.0 580.0 482.0 589.0
vehicle 412.0 557.0 422.0 565.0
vehicle 401.0 551.0 413.0 561.0
vehicle 388.0 546.0 401.0 556.0
vehicle 99.0 730.0 107.0 742.0
vehicle 81.0 767.0 88.0 781.0
vehicle 97.0 638.0 109.0 647.0
vehicle 3.0 608.0 15.0 617.0
