trainstation 459.0 294.0 747.0 707.0
vehicle 298.0 314.0 310.0 328.0
vehicle 295.0 309.0 305.0 319.0
vehicle 302.0 321.0 313.0 334.0
vehicle 319.0 337.0 329.0 351.0
vehicle 305.0 336.0 318.0 346.0
vehicle 711.0 473.0 725.0 483.0
vehicle 731.0 460.0 742.0 470.0
vehicle 656.0 561.0 674.0 587.0
vehicle 680.0 551.0 695.0 571.0
vehicle 668.0 572.0 683.0 592.0
vehicle 738.0 518.0 745.0 529.0
vehicle 754.0 537.0 765.0 548.0
vehicle 754.0 479.0 765.0 486.0
vehicle 751.0 496.0 758.0 506.0
vehicle 119.0 412.0 130.0 419.0
vehicle 181.0 360.0 186.0 371.0
vehicle 148.0 405.0 159.0 415.0
vehicle 253.0 413.0 264.0 420.0
vehicle 265.0 418.0 276.0 428.0
vehicle 143.0 417.0 154.0 423.0
vehicle 181.0 525.0 187.0 536.0
vehicle 185.0 528.0 191.0 538.0
vehicle 193.0 533.0 199.0 544.0
vehicle 197.0 536.0 203.0 546.0
vehicle 202.0 538.0 208.0 548.0
vehicle 208.0 541.0 214.0 551.0
vehicle 213.0 543.0 218.0 554.0
vehicle 330.0 488.0 336.0 499.0
vehicle 357.0 440.0 364.0 450.0
vehicle 391.0 415.0 398.0 425.0
vehicle 360.0 471.0 366.0 482.0
vehicle 340.0 503.0 347.0 514.0
vehicle 335.0 513.0 342.0 523.0
vehicle 330.0 523.0 337.0 533.0
vehicle 367.0 458.0 373.0 468.0
vehicle 338.0 470.0 348.0 481.0
vehicle 224.0 752.0 241.0 762.0
vehicle 213.0 764.0 227.0 770.0
vehicle 243.0 737.0 258.0 744.0
