harbor 77.0 591.0 782.0 768.0
harbor 36.0 327.0 779.0 504.0
ship 751.0 515.0 774.0 574.0
harbor 50.0 58.0 777.0 239.0
ship 34.0 335.0 86.0 408.0
ship 45.0 426.0 88.0 500.0
ship 97.0 345.0 123.0 411.0
ship 96.0 431.0 122.0 497.0
ship 131.0 341.0 157.0 407.0
ship 200.0 335.0 226.0 401.0
ship 237.0 336.0 263.0 402.0
ship 273.0 341.0 299.0 407.0
ship 341.0 340.0 367.0 406.0
ship 381.0 336.0 407.0 402.0
ship 413.0 335.0 439.0 401.0
ship 451.0 336.0 477.0 402.0
ship 485.0 336.0 511.0 402.0
ship 520.0 339.0 546.0 405.0
ship 560.0 338.0 586.0 404.0
ship 626.0 330.0 652.0 396.0
ship 664.0 333.0 690.0 399.0
ship 732.0 419.0 758.0 485.0
ship 697.0 423.0 712.0 476.0
ship 665.0 417.0 691.0 483.0
ship 632.0 423.0 658.0 489.0
ship 594.0 428.0 620.0 494.0
ship 519.0 428.0 545.0 494.0
ship 484.0 427.0 510.0 493.0
ship 414.0 425.0 440.0 491.0
ship 380.0 429.0 406.0 495.0
ship 342.0 428.0 368.0 494.0
ship 308.0 427.0 334.0 493.0
ship 276.0 431.0 302.0 497.0
ship 236.0 433.0 262.0 499.0
ship 200.0 435.0 223.0 489.0
ship 166.0 433.0 192.0 499.0
ship 79.0 599.0 113.0 679.0
ship 121.0 604.0 146.0 674.0
ship 188.0 601.0 213.0 671.0
ship 255.0 603.0 280.0 673.0
ship 321.0 598.0 346.0 668.0
ship 387.0 599.0 412.0 669.0
ship 418.0 600.0 443.0 670.0
ship 451.0 594.0 477.0 671.0
ship 488.0 603.0 514.0 675.0
ship 526.0 598.0 552.0 670.0
ship 596.0 596.0 622.0 668.0
ship 737.0 687.0 779.0 759.0
ship 666.0 687.0 696.0 762.0
ship 593.0 687.0 623.0 762.0
ship 484.0 686.0 514.0 761.0
ship 419.0 696.0 445.0 763.0
ship 385.0 691.0 411.0 759.0
ship 352.0 693.0 378.0 761.0
ship 287.0 694.0 313.0 762.0
ship 255.0 696.0 281.0 764.0
ship 222.0 693.0 248.0 761.0
ship 189.0 696.0 215.0 764.0
ship 155.0 699.0 181.0 767.0
ship 119.0 697.0 145.0 765.0
ship 63.0 67.0 81.0 135.0
ship 51.0 173.0 86.0 232.0
ship 94.0 77.0 117.0 151.0
ship 98.0 173.0 118.0 229.0
ship 130.0 165.0 155.0 229.0
ship 127.0 75.0 153.0 144.0
ship 162.0 74.0 186.0 151.0
ship 195.0 68.0 219.0 145.0
ship 230.0 93.0 252.0 152.0
ship 264.0 66.0 288.0 148.0
ship 299.0 75.0 324.0 149.0
ship 334.0 69.0 361.0 148.0
ship 365.0 80.0 393.0 148.0
ship 402.0 80.0 430.0 148.0
ship 438.0 63.0 465.0 143.0
ship 509.0 63.0 533.0 140.0
ship 546.0 73.0 571.0 141.0
ship 581.0 69.0 609.0 143.0
ship 616.0 68.0 641.0 139.0
ship 653.0 69.0 686.0 151.0
ship 725.0 85.0 751.0 100.0
ship 724.0 74.0 750.0 89.0
ship 726.0 103.0 752.0 118.0
ship 724.0 116.0 750.0 131.0
ship 724.0 120.0 750.0 135.0
ship 729.0 159.0 755.0 174.0
ship 726.0 175.0 752.0 190.0
ship 726.0 187.0 752.0 202.0
ship 728.0 203.0 754.0 218.0
ship 729.0 187.0 755.0 202.0
ship 625.0 163.0 645.0 231.0
ship 583.0 164.0 608.0 222.0
ship 548.0 164.0 576.0 228.0
ship 510.0 163.0 536.0 224.0
ship 474.0 163.0 500.0 224.0
ship 445.0 163.0 471.0 224.0
ship 374.0 172.0 397.0 232.0
ship 339.0 173.0 362.0 233.0
ship 303.0 167.0 326.0 227.0
ship 267.0 168.0 293.0 217.0
ship 229.0 170.0 257.0 231.0
ship 197.0 170.0 225.0 231.0
ship 162.0 169.0 190.0 230.0
