ship 43.0 516.0 54.0 526.0
ship 37.0 561.0 82.0 573.0
ship 188.0 541.0 198.0 548.0
ship 344.0 506.0 431.0 523.0
ship 436.0 588.0 475.0 610.0
ship 350.0 609.0 388.0 623.0
ship 427.0 624.0 456.0 637.0
ship 411.0 650.0 425.0 657.0
ship 552.0 674.0 566.0 681.0
ship 370.0 417.0 391.0 430.0
ship 259.0 361.0 300.0 378.0
ship 313.0 382.0 359.0 403.0
ship 401.0 396.0 440.0 412.0
ship 402.0 403.0 432.0 416.0
ship 614.0 499.0 650.0 512.0
ship 723.0 482.0 741.0 487.0
ship 703.0 685.0 715.0 691.0
ship 752.0 679.0 789.0 690.0
storagetank 292.0 28.0 311.0 49.0
storagetank 270.0 35.0 278.0 42.0
storagetank 259.0 35.0 267.0 44.0
storagetank 248.0 37.0 257.0 45.0
storagetank 238.0 37.0 245.0 45.0
storagetank 229.0 38.0 236.0 44.0
storagetank 230.0 54.0 240.0 66.0
storagetank 231.0 68.0 240.0 78.0
storagetank 241.0 56.0 253.0 66.0
storagetank 241.0 68.0 250.0 77.0
storagetank 254.0 54.0 267.0 64.0
storagetank 253.0 68.0 260.0 77.0
storagetank 262.0 68.0 270.0 76.0
storagetank 273.0 66.0 281.0 76.0
storagetank 269.0 53.0 279.0 64.0
storagetank 293.0 76.0 312.0 95.0
storagetank 294.0 97.0 313.0 115.0
storagetank 294.0 116.0 313.0 135.0
storagetank 269.0 82.0 278.0 92.0
storagetank 245.0 88.0 254.0 96.0
storagetank 238.0 86.0 243.0 94.0
storagetank 229.0 87.0 235.0 95.0
storagetank 268.0 129.0 282.0 143.0
storagetank 254.0 129.0 268.0 143.0
storagetank 239.0 131.0 254.0 144.0
storagetank 229.0 118.0 238.0 128.0
storagetank 239.0 118.0 248.0 128.0
storagetank 248.0 116.0 257.0 128.0
storagetank 259.0 116.0 270.0 128.0
storagetank 269.0 115.0 281.0 126.0
storagetank 227.0 29.0 233.0 35.0
storagetank 235.0 27.0 240.0 34.0
storagetank 241.0 27.0 248.0 34.0
storagetank 250.0 28.0 254.0 35.0
storagetank 258.0 27.0 262.0 34.0
storagetank 264.0 25.0 270.0 32.0
storagetank 270.0 27.0 279.0 32.0
