tenniscourt 297.0 332.0 331.0 388.0
tenniscourt 725.0 530.0 758.0 585.0
tenniscourt 690.0 530.0 723.0 586.0
tenniscourt 656.0 531.0 689.0 588.0
vehicle 206.0 37.0 214.0 51.0
vehicle 217.0 37.0 225.0 49.0
vehicle 260.0 38.0 267.0 49.0
vehicle 401.0 18.0 408.0 30.0
vehicle 437.0 136.0 449.0 140.0
vehicle 452.0 135.0 466.0 142.0
vehicle 717.0 37.0 730.0 43.0
vehicle 717.0 110.0 732.0 116.0
vehicle 705.0 149.0 719.0 155.0
vehicle 667.0 212.0 679.0 219.0
vehicle 734.0 241.0 751.0 250.0
vehicle 785.0 193.0 799.0 200.0
vehicle 785.0 201.0 797.0 206.0
vehicle 579.0 401.0 595.0 407.0
vehicle 580.0 408.0 594.0 413.0
vehicle 437.0 454.0 449.0 460.0
vehicle 559.0 511.0 571.0 517.0
vehicle 786.0 607.0 792.0 618.0
vehicle 80.0 388.0 91.0 396.0
vehicle 8.0 433.0 25.0 441.0
vehicle 128.0 451.0 140.0 459.0
vehicle 6.0 661.0 13.0 672.0
vehicle 205.0 665.0 214.0 675.0
vehicle 211.0 667.0 219.0 677.0
vehicle 217.0 671.0 225.0 680.0
vehicle 367.0 482.0 374.0 494.0
vehicle 4.0 747.0 10.0 760.0
vehicle 15.0 748.0 21.0 762.0
