vehicle 501.0 250.0 514.0 256.0
vehicle 432.0 166.0 444.0 177.0
vehicle 639.0 254.0 655.0 262.0
vehicle 481.0 163.0 485.0 173.0
vehicle 417.0 203.0 429.0 209.0
vehicle 441.0 160.0 450.0 173.0
vehicle 508.0 777.0 522.0 785.0
vehicle 631.0 779.0 646.0 789.0
vehicle 458.0 788.0 465.0 800.0
vehicle 175.0 765.0 191.0 773.0
vehicle 25.0 566.0 32.0 579.0
vehicle 128.0 572.0 135.0 587.0
vehicle 274.0 456.0 284.0 462.0
vehicle 1.0 480.0 8.0 486.0
vehicle 236.0 413.0 242.0 427.0
vehicle 345.0 542.0 361.0 549.0
vehicle 377.0 564.0 392.0 571.0
vehicle 394.0 580.0 400.0 597.0
vehicle 400.0 580.0 410.0 596.0
vehicle 474.0 567.0 491.0 574.0
vehicle 484.0 457.0 504.0 468.0
vehicle 428.0 397.0 440.0 405.0
vehicle 662.0 505.0 671.0 523.0
vehicle 727.0 201.0 744.0 212.0
vehicle 669.0 284.0 676.0 303.0
vehicle 706.0 289.0 718.0 294.0
vehicle 706.0 297.0 719.0 302.0
vehicle 705.0 305.0 719.0 310.0
vehicle 646.0 306.0 658.0 313.0
vehicle 647.0 337.0 659.0 342.0
vehicle 644.0 352.0 656.0 358.0
vehicle 218.0 240.0 230.0 245.0
vehicle 220.0 169.0 236.0 176.0
vehicle 276.0 199.0 291.0 208.0
vehicle 276.0 219.0 293.0 226.0
vehicle 279.0 210.0 292.0 218.0
vehicle 24.0 150.0 30.0 160.0
vehicle 1.0 235.0 9.0 240.0
vehicle 1.0 244.0 9.0 249.0
vehicle 2.0 262.0 15.0 269.0
vehicle 59.0 383.0 73.0 390.0
vehicle 20.0 392.0 26.0 404.0
vehicle 1.0 437.0 13.0 443.0
vehicle 777.0 85.0 791.0 92.0
vehicle 720.0 86.0 734.0 91.0
vehicle 768.0 101.0 775.0 116.0
vehicle 776.0 102.0 782.0 117.0
vehicle 784.0 103.0 790.0 116.0
vehicle 730.0 12.0 736.0 28.0
vehicle 648.0 68.0 655.0 83.0
vehicle 637.0 68.0 643.0 80.0
vehicle 703.0 108.0 721.0 116.0
vehicle 683.0 107.0 700.0 115.0
vehicle 661.0 107.0 677.0 113.0
vehicle 652.0 99.0 659.0 113.0
vehicle 643.0 99.0 649.0 112.0
vehicle 635.0 100.0 642.0 112.0
vehicle 627.0 99.0 633.0 111.0
vehicle 620.0 98.0 628.0 113.0
vehicle 613.0 99.0 621.0 112.0
vehicle 605.0 99.0 612.0 111.0
vehicle 598.0 98.0 604.0 111.0
vehicle 591.0 98.0 596.0 112.0
vehicle 583.0 96.0 591.0 110.0
vehicle 482.0 87.0 489.0 106.0
vehicle 493.0 95.0 499.0 107.0
vehicle 513.0 95.0 520.0 108.0
vehicle 521.0 96.0 529.0 108.0
vehicle 529.0 95.0 535.0 110.0
vehicle 536.0 97.0 543.0 110.0
vehicle 547.0 94.0 552.0 109.0
vehicle 552.0 95.0 558.0 109.0
vehicle 559.0 95.0 565.0 109.0
vehicle 565.0 96.0 571.0 107.0
vehicle 573.0 99.0 580.0 110.0
tenniscourt 295.0 6.0 363.0 40.0
tenniscourt 294.0 57.0 363.0 91.0
tenniscourt 397.0 9.0 464.0 42.0
tenniscourt 395.0 60.0 463.0 94.0
vehicle 154.0 12.0 160.0 26.0
vehicle 163.0 12.0 169.0 27.0
