vehicle 328.0 782.0 340.0 800.0
vehicle 332.0 729.0 341.0 757.0
vehicle 331.0 649.0 341.0 679.0
vehicle 356.0 611.0 364.0 644.0
vehicle 355.0 534.0 365.0 566.0
vehicle 355.0 407.0 364.0 433.0
vehicle 353.0 325.0 362.0 352.0
vehicle 328.0 223.0 337.0 251.0
vehicle 353.0 171.0 363.0 206.0
vehicle 326.0 86.0 336.0 114.0
vehicle 336.0 33.0 353.0 67.0
vehicle 198.0 82.0 235.0 97.0
ship 38.0 1.0 62.0 46.0
ship 133.0 157.0 184.0 177.0
ship 659.0 659.0 742.0 680.0
ship 680.0 742.0 732.0 756.0
harbor 621.0 203.0 762.0 299.0
harbor 523.0 599.0 786.0 765.0
harbor 26.0 1.0 58.0 145.0
harbor 572.0 218.0 595.0 284.0
bridge 309.0 170.0 474.0 758.0
