ship 59.0 461.0 94.0 479.0
ship 393.0 396.0 413.0 413.0
ship 120.0 507.0 142.0 526.0
ship 193.0 542.0 212.0 556.0
ship 252.0 527.0 278.0 545.0
ship 260.0 540.0 283.0 552.0
ship 253.0 578.0 277.0 594.0
ship 437.0 423.0 468.0 444.0
ship 326.0 598.0 359.0 612.0
ship 383.0 605.0 413.0 623.0
ship 350.0 634.0 372.0 645.0
ship 349.0 642.0 367.0 651.0
ship 398.0 670.0 416.0 684.0
ship 394.0 676.0 411.0 688.0
ship 464.0 694.0 488.0 710.0
ship 528.0 723.0 552.0 739.0
ship 528.0 746.0 550.0 757.0
ship 583.0 749.0 603.0 761.0
ship 578.0 753.0 604.0 766.0
ship 670.0 719.0 710.0 743.0
ship 641.0 493.0 651.0 509.0
ship 648.0 494.0 656.0 514.0
ship 655.0 499.0 664.0 514.0
ship 665.0 499.0 675.0 514.0
ship 758.0 541.0 773.0 567.0
