tenniscourt 691.0 446.0 725.0 506.0
tenniscourt 727.0 447.0 765.0 503.0
vehicle 408.0 35.0 415.0 45.0
vehicle 172.0 171.0 179.0 181.0
vehicle 259.0 220.0 274.0 227.0
vehicle 436.0 224.0 451.0 230.0
vehicle 517.0 209.0 532.0 214.0
vehicle 565.0 219.0 576.0 224.0
vehicle 368.0 39.0 380.0 44.0
vehicle 369.0 44.0 382.0 49.0
vehicle 201.0 97.0 215.0 102.0
vehicle 661.0 120.0 672.0 130.0
vehicle 415.0 154.0 418.0 164.0
vehicle 612.0 216.0 624.0 221.0
vehicle 627.0 202.0 641.0 209.0
vehicle 770.0 624.0 782.0 632.0
vehicle 766.0 614.0 781.0 619.0
vehicle 789.0 580.0 795.0 591.0
vehicle 521.0 470.0 527.0 482.0
vehicle 367.0 446.0 373.0 458.0
vehicle 523.0 488.0 530.0 502.0
vehicle 602.0 732.0 613.0 737.0
vehicle 623.0 746.0 629.0 756.0
vehicle 631.0 746.0 638.0 756.0
vehicle 689.0 717.0 701.0 723.0
vehicle 725.0 725.0 739.0 733.0
vehicle 1.0 618.0 9.0 631.0
vehicle 49.0 746.0 63.0 752.0
vehicle 172.0 696.0 178.0 706.0
vehicle 202.0 379.0 215.0 385.0
