harbor 479.0 613.0 587.0 638.0
harbor 463.0 503.0 579.0 543.0
harbor 323.0 421.0 581.0 481.0
harbor 397.0 363.0 580.0 400.0
harbor 478.0 258.0 588.0 282.0
harbor 500.0 121.0 619.0 160.0
ship 321.0 434.0 376.0 453.0
ship 335.0 463.0 382.0 480.0
ship 495.0 258.0 525.0 274.0
ship 499.0 120.0 536.0 137.0
ship 503.0 147.0 534.0 159.0
ship 485.0 615.0 521.0 631.0
ship 473.0 385.0 505.0 401.0
ship 435.0 364.0 470.0 383.0
ship 401.0 371.0 426.0 388.0
ship 392.0 449.0 438.0 469.0
ship 450.0 442.0 484.0 459.0
ship 489.0 437.0 523.0 456.0
ship 480.0 420.0 508.0 432.0
ship 462.0 501.0 503.0 519.0
ship 465.0 531.0 492.0 542.0
ship 545.0 126.0 570.0 138.0
ship 393.0 432.0 416.0 445.0
ship 428.0 427.0 452.0 440.0
