vehicle 35.0 303.0 76.0 323.0
vehicle 183.0 306.0 220.0 325.0
vehicle 261.0 356.0 303.0 371.0
vehicle 536.0 316.0 573.0 329.0
vehicle 736.0 374.0 776.0 397.0
vehicle 250.0 436.0 289.0 454.0
vehicle 370.0 469.0 414.0 490.0
vehicle 395.0 568.0 414.0 601.0
vehicle 426.0 539.0 448.0 577.0
vehicle 299.0 704.0 318.0 740.0
vehicle 170.0 743.0 206.0 759.0
vehicle 229.0 698.0 271.0 713.0
vehicle 232.0 769.0 268.0 799.0
vehicle 723.0 757.0 758.0 781.0
overpass 125.0 256.0 643.0 537.0
vehicle 261.0 215.0 273.0 243.0
vehicle 137.0 7.0 188.0 32.0
