baseballfield 83.0 623.0 106.0 638.0
baseballfield 80.0 709.0 102.0 725.0
ship 426.0 276.0 435.0 279.0
ship 473.0 272.0 480.0 274.0
ship 436.0 311.0 442.0 315.0
ship 452.0 341.0 460.0 345.0
harbor 283.0 121.0 325.0 150.0
harbor 292.0 112.0 324.0 133.0
harbor 305.0 109.0 330.0 126.0
harbor 307.0 106.0 335.0 123.0
harbor 320.0 100.0 342.0 115.0
harbor 325.0 94.0 348.0 111.0
harbor 331.0 86.0 368.0 109.0
harbor 346.0 78.0 389.0 107.0
harbor 354.0 76.0 397.0 101.0
harbor 369.0 66.0 409.0 92.0
harbor 379.0 62.0 416.0 86.0
harbor 406.0 44.0 437.0 66.0
harbor 432.0 42.0 454.0 61.0
harbor 445.0 35.0 470.0 57.0
harbor 458.0 34.0 487.0 58.0
harbor 493.0 24.0 502.0 54.0
harbor 518.0 29.0 528.0 54.0
harbor 536.0 30.0 541.0 52.0
harbor 546.0 30.0 554.0 51.0
harbor 559.0 30.0 564.0 51.0
harbor 569.0 30.0 576.0 53.0
harbor 581.0 20.0 594.0 54.0
harbor 599.0 16.0 609.0 45.0
harbor 624.0 1.0 631.0 25.0
harbor 639.0 1.0 645.0 30.0
harbor 657.0 1.0 662.0 19.0
harbor 669.0 1.0 675.0 10.0
harbor 679.0 1.0 682.0 9.0
harbor 779.0 13.0 799.0 42.0
harbor 760.0 1.0 799.0 13.0
harbor 279.0 209.0 428.0 281.0
harbor 297.0 289.0 375.0 297.0
harbor 728.0 320.0 747.0 340.0
harbor 698.0 322.0 704.0 331.0
harbor 680.0 322.0 690.0 327.0
harbor 633.0 321.0 643.0 326.0
harbor 610.0 316.0 624.0 326.0
harbor 591.0 311.0 598.0 317.0
harbor 524.0 325.0 538.0 334.0
ship 504.0 326.0 511.0 330.0
ship 488.0 293.0 497.0 298.0
ship 387.0 296.0 392.0 302.0
ship 530.0 330.0 530.0 330.0
