storagetank 321.0 664.0 334.0 674.0
storagetank 336.0 677.0 346.0 689.0
storagetank 317.0 694.0 330.0 704.0
storagetank 368.0 618.0 377.0 627.0
storagetank 340.0 593.0 355.0 607.0
storagetank 354.0 580.0 367.0 594.0
storagetank 356.0 607.0 365.0 614.0
storagetank 365.0 593.0 379.0 608.0
storagetank 377.0 607.0 389.0 619.0
storagetank 310.0 583.0 329.0 602.0
storagetank 294.0 565.0 313.0 584.0
storagetank 315.0 546.0 332.0 566.0
storagetank 330.0 564.0 348.0 584.0
storagetank 249.0 637.0 264.0 652.0
storagetank 201.0 639.0 222.0 661.0
storagetank 153.0 623.0 178.0 646.0
storagetank 225.0 580.0 241.0 598.0
storagetank 241.0 562.0 258.0 579.0
storagetank 219.0 555.0 225.0 562.0
storagetank 220.0 547.0 229.0 554.0
storagetank 224.0 538.0 233.0 546.0
storagetank 229.0 530.0 236.0 537.0
storagetank 384.0 531.0 389.0 536.0
storagetank 391.0 527.0 396.0 533.0
storagetank 394.0 523.0 401.0 530.0
storagetank 353.0 519.0 360.0 527.0
storagetank 361.0 517.0 368.0 524.0
storagetank 372.0 512.0 379.0 519.0
storagetank 380.0 509.0 387.0 516.0
storagetank 387.0 506.0 394.0 512.0
storagetank 350.0 498.0 359.0 506.0
storagetank 375.0 497.0 383.0 504.0
storagetank 344.0 478.0 353.0 488.0
storagetank 367.0 476.0 374.0 484.0
storagetank 336.0 461.0 344.0 469.0
storagetank 353.0 445.0 361.0 454.0
storagetank 359.0 460.0 367.0 468.0
harbor 264.0 310.0 320.0 368.0
harbor 396.0 315.0 412.0 356.0
harbor 509.0 222.0 547.0 257.0
harbor 530.0 140.0 608.0 181.0
harbor 609.0 71.0 647.0 112.0
ship 597.0 57.0 627.0 115.0
ship 528.0 124.0 552.0 168.0
ship 516.0 209.0 537.0 240.0
ship 250.0 294.0 322.0 310.0
ship 382.0 291.0 439.0 320.0
