harbor 592.0 6.0 685.0 314.0
harbor 676.0 8.0 738.0 177.0
harbor 93.0 194.0 583.0 780.0
harbor 637.0 493.0 668.0 627.0
ship 598.0 13.0 621.0 25.0
ship 594.0 26.0 623.0 35.0
ship 603.0 38.0 624.0 45.0
ship 595.0 46.0 627.0 58.0
ship 600.0 59.0 627.0 68.0
ship 604.0 68.0 628.0 79.0
ship 604.0 80.0 629.0 89.0
ship 625.0 10.0 649.0 22.0
ship 628.0 21.0 649.0 28.0
ship 629.0 31.0 650.0 39.0
ship 632.0 50.0 655.0 57.0
ship 633.0 59.0 653.0 66.0
ship 633.0 66.0 654.0 76.0
ship 633.0 77.0 656.0 85.0
ship 636.0 86.0 656.0 93.0
ship 638.0 102.0 663.0 112.0
ship 604.0 112.0 633.0 125.0
ship 637.0 114.0 658.0 121.0
ship 681.0 11.0 717.0 23.0
ship 677.0 26.0 699.0 35.0
ship 680.0 36.0 699.0 43.0
ship 706.0 24.0 726.0 33.0
ship 708.0 33.0 726.0 41.0
ship 708.0 43.0 728.0 50.0
ship 708.0 51.0 731.0 59.0
ship 681.0 54.0 700.0 62.0
ship 683.0 72.0 703.0 80.0
ship 682.0 81.0 704.0 91.0
ship 712.0 87.0 733.0 95.0
ship 639.0 122.0 663.0 131.0
ship 609.0 125.0 629.0 133.0
ship 608.0 134.0 631.0 144.0
ship 640.0 132.0 661.0 139.0
ship 641.0 140.0 661.0 149.0
ship 608.0 145.0 634.0 156.0
ship 642.0 161.0 663.0 168.0
ship 685.0 99.0 706.0 107.0
ship 714.0 105.0 734.0 114.0
ship 718.0 124.0 736.0 132.0
ship 717.0 133.0 737.0 142.0
ship 689.0 126.0 709.0 134.0
ship 614.0 157.0 635.0 165.0
ship 642.0 168.0 663.0 179.0
ship 611.0 168.0 635.0 177.0
ship 611.0 178.0 638.0 188.0
ship 615.0 190.0 638.0 199.0
ship 613.0 200.0 637.0 211.0
ship 611.0 211.0 642.0 219.0
ship 617.0 222.0 641.0 231.0
ship 618.0 243.0 643.0 253.0
ship 620.0 254.0 644.0 263.0
ship 618.0 265.0 646.0 278.0
ship 622.0 286.0 649.0 296.0
ship 625.0 298.0 650.0 308.0
ship 655.0 296.0 674.0 304.0
ship 421.0 104.0 429.0 130.0
ship 269.0 212.0 307.0 224.0
ship 313.0 210.0 349.0 221.0
ship 394.0 204.0 423.0 215.0
ship 432.0 198.0 474.0 211.0
ship 441.0 219.0 471.0 230.0
ship 444.0 231.0 476.0 243.0
ship 441.0 245.0 481.0 256.0
ship 448.0 257.0 479.0 269.0
ship 446.0 270.0 482.0 281.0
ship 446.0 282.0 478.0 293.0
ship 449.0 294.0 482.0 305.0
ship 451.0 318.0 485.0 330.0
ship 455.0 330.0 486.0 341.0
ship 453.0 343.0 485.0 354.0
ship 454.0 354.0 486.0 366.0
ship 457.0 368.0 494.0 380.0
ship 455.0 380.0 485.0 392.0
ship 457.0 393.0 487.0 403.0
ship 458.0 404.0 493.0 414.0
ship 459.0 417.0 499.0 430.0
ship 469.0 430.0 495.0 441.0
ship 335.0 456.0 347.0 487.0
ship 359.0 456.0 369.0 485.0
ship 372.0 459.0 381.0 488.0
ship 383.0 457.0 393.0 485.0
ship 415.0 450.0 427.0 482.0
ship 439.0 448.0 449.0 473.0
ship 461.0 452.0 472.0 483.0
ship 475.0 445.0 484.0 476.0
ship 485.0 444.0 495.0 476.0
ship 497.0 440.0 509.0 478.0
ship 558.0 499.0 572.0 540.0
ship 561.0 548.0 577.0 600.0
ship 643.0 561.0 655.0 593.0
ship 648.0 597.0 657.0 620.0
ship 640.0 656.0 647.0 673.0
ship 592.0 763.0 603.0 800.0
ship 573.0 671.0 582.0 693.0
ship 559.0 673.0 571.0 703.0
ship 548.0 671.0 558.0 700.0
ship 571.0 640.0 580.0 664.0
ship 559.0 638.0 567.0 664.0
ship 547.0 639.0 556.0 666.0
ship 525.0 641.0 532.0 666.0
ship 512.0 673.0 523.0 707.0
ship 514.0 643.0 522.0 667.0
ship 500.0 643.0 509.0 666.0
ship 502.0 672.0 511.0 701.0
ship 488.0 675.0 501.0 709.0
ship 490.0 643.0 498.0 668.0
ship 478.0 643.0 487.0 669.0
ship 480.0 677.0 488.0 707.0
ship 467.0 646.0 475.0 671.0
ship 468.0 678.0 476.0 704.0
ship 455.0 643.0 464.0 670.0
ship 457.0 677.0 465.0 706.0
ship 443.0 644.0 451.0 670.0
ship 445.0 678.0 454.0 706.0
ship 419.0 646.0 428.0 672.0
ship 407.0 649.0 416.0 673.0
ship 397.0 649.0 405.0 673.0
ship 385.0 648.0 394.0 673.0
ship 399.0 682.0 407.0 711.0
ship 386.0 681.0 396.0 709.0
ship 374.0 649.0 382.0 672.0
ship 350.0 649.0 359.0 675.0
ship 338.0 653.0 346.0 675.0
ship 363.0 681.0 374.0 711.0
ship 351.0 683.0 360.0 708.0
ship 327.0 652.0 336.0 677.0
ship 327.0 683.0 337.0 710.0
ship 315.0 684.0 327.0 722.0
ship 336.0 749.0 377.0 765.0
ship 314.0 655.0 321.0 673.0
ship 252.0 654.0 262.0 681.0
ship 243.0 660.0 250.0 679.0
ship 127.0 601.0 137.0 632.0
ship 98.0 664.0 109.0 698.0
ship 112.0 670.0 120.0 693.0
ship 121.0 669.0 129.0 692.0
ship 132.0 666.0 141.0 692.0
ship 142.0 668.0 150.0 689.0
ship 153.0 665.0 163.0 691.0
ship 162.0 663.0 170.0 689.0
ship 173.0 666.0 181.0 688.0
ship 182.0 664.0 190.0 688.0
ship 192.0 660.0 202.0 687.0
ship 203.0 667.0 210.0 686.0
ship 103.0 700.0 113.0 727.0
ship 114.0 701.0 124.0 729.0
ship 146.0 700.0 152.0 720.0
ship 162.0 696.0 173.0 727.0
ship 182.0 694.0 193.0 723.0
ship 196.0 696.0 203.0 719.0
ship 205.0 696.0 213.0 719.0
