vehicle 86.0 38.0 100.0 43.0
vehicle 142.0 35.0 153.0 40.0
vehicle 227.0 30.0 241.0 35.0
vehicle 248.0 30.0 258.0 34.0
vehicle 383.0 25.0 393.0 29.0
vehicle 401.0 45.0 412.0 49.0
vehicle 460.0 1.0 464.0 8.0
vehicle 538.0 18.0 550.0 21.0
vehicle 339.0 97.0 351.0 102.0
vehicle 367.0 121.0 373.0 131.0
vehicle 370.0 162.0 375.0 172.0
vehicle 713.0 248.0 718.0 258.0
vehicle 686.0 219.0 693.0 229.0
vehicle 738.0 559.0 743.0 567.0
vehicle 752.0 591.0 756.0 600.0
vehicle 489.0 655.0 500.0 660.0
vehicle 470.0 458.0 482.0 463.0
vehicle 561.0 454.0 570.0 458.0
vehicle 636.0 439.0 645.0 442.0
vehicle 56.0 466.0 70.0 471.0
vehicle 121.0 475.0 133.0 479.0
vehicle 202.0 490.0 209.0 500.0
vehicle 306.0 483.0 316.0 488.0
vehicle 327.0 479.0 332.0 487.0
vehicle 167.0 171.0 181.0 178.0
vehicle 167.0 178.0 179.0 183.0
vehicle 135.0 222.0 140.0 231.0
vehicle 149.0 276.0 154.0 286.0
vehicle 119.0 296.0 131.0 302.0
vehicle 142.0 303.0 147.0 313.0
vehicle 403.0 214.0 415.0 219.0
vehicle 531.0 696.0 536.0 706.0
vehicle 518.0 727.0 524.0 736.0
vehicle 212.0 706.0 222.0 713.0
vehicle 143.0 679.0 157.0 685.0
vehicle 123.0 675.0 135.0 680.0
vehicle 107.0 670.0 120.0 676.0
vehicle 97.0 650.0 109.0 655.0
vehicle 82.0 677.0 92.0 682.0
vehicle 58.0 674.0 70.0 679.0
vehicle 72.0 674.0 81.0 679.0
vehicle 66.0 682.0 78.0 688.0
vehicle 24.0 675.0 38.0 680.0
vehicle 15.0 689.0 28.0 693.0
vehicle 30.0 736.0 38.0 744.0
vehicle 521.0 767.0 527.0 777.0
tenniscourt 621.0 685.0 653.0 739.0
tenniscourt 388.0 698.0 418.0 749.0
