airplane 7.0 414.0 57.0 475.0
airplane 76.0 453.0 135.0 536.0
airplane 224.0 527.0 262.0 557.0
airplane 255.0 644.0 319.0 698.0
airplane 209.0 682.0 275.0 763.0
airplane 1.0 742.0 30.0 775.0
airplane 83.0 178.0 180.0 266.0
airplane 185.0 88.0 265.0 185.0
airplane 280.0 127.0 372.0 236.0
airplane 381.0 183.0 471.0 293.0
airplane 465.0 272.0 563.0 383.0
airplane 507.0 20.0 593.0 114.0
airplane 608.0 81.0 692.0 170.0
airplane 686.0 130.0 800.0 238.0
vehicle 32.0 380.0 42.0 389.0
vehicle 63.0 444.0 72.0 455.0
