baseballfield 322.0 136.0 506.0 322.0
tenniscourt 130.0 476.0 185.0 571.0
tenniscourt 184.0 484.0 236.0 578.0
tenniscourt 247.0 493.0 300.0 588.0
tenniscourt 298.0 499.0 352.0 593.0
tenniscourt 364.0 509.0 415.0 605.0
tenniscourt 416.0 520.0 468.0 611.0
tenniscourt 477.0 526.0 533.0 621.0
tenniscourt 531.0 536.0 585.0 627.0
vehicle 14.0 15.0 33.0 25.0
vehicle 63.0 542.0 83.0 560.0
vehicle 30.0 651.0 52.0 661.0
vehicle 199.0 637.0 209.0 653.0
vehicle 226.0 641.0 239.0 660.0
vehicle 289.0 649.0 306.0 666.0
vehicle 305.0 651.0 325.0 665.0
vehicle 601.0 626.0 612.0 646.0
