ship 48.0 21.0 57.0 53.0
ship 143.0 150.0 161.0 192.0
ship 364.0 187.0 384.0 225.0
ship 322.0 120.0 336.0 144.0
ship 143.0 274.0 168.0 311.0
ship 133.0 277.0 163.0 317.0
ship 154.0 365.0 174.0 385.0
ship 182.0 364.0 197.0 393.0
ship 198.0 403.0 222.0 432.0
ship 168.0 423.0 178.0 445.0
ship 312.0 370.0 344.0 418.0
ship 282.0 303.0 310.0 340.0
ship 276.0 307.0 301.0 342.0
ship 270.0 313.0 293.0 342.0
ship 260.0 311.0 288.0 345.0
ship 254.0 317.0 278.0 349.0
ship 246.0 317.0 272.0 351.0
ship 240.0 324.0 268.0 359.0
ship 236.0 330.0 263.0 364.0
ship 233.0 337.0 253.0 367.0
ship 229.0 341.0 246.0 369.0
ship 221.0 342.0 246.0 383.0
ship 211.0 346.0 239.0 385.0
ship 235.0 490.0 258.0 513.0
ship 244.0 488.0 263.0 511.0
ship 296.0 460.0 318.0 485.0
ship 355.0 427.0 379.0 463.0
ship 359.0 444.0 373.0 463.0
ship 325.0 446.0 355.0 483.0
ship 321.0 456.0 351.0 489.0
ship 318.0 504.0 330.0 518.0
ship 307.0 500.0 327.0 522.0
ship 303.0 504.0 322.0 526.0
ship 297.0 508.0 318.0 530.0
ship 258.0 537.0 278.0 565.0
ship 303.0 559.0 324.0 585.0
ship 387.0 513.0 409.0 541.0
ship 379.0 513.0 404.0 546.0
ship 379.0 561.0 396.0 583.0
ship 374.0 565.0 393.0 589.0
ship 369.0 567.0 388.0 591.0
ship 318.0 653.0 335.0 670.0
ship 312.0 652.0 332.0 674.0
ship 307.0 657.0 329.0 680.0
ship 389.0 739.0 407.0 761.0
ship 598.0 609.0 628.0 653.0
ship 637.0 672.0 665.0 713.0
harbor 643.0 657.0 696.0 698.0
harbor 580.0 538.0 686.0 648.0
harbor 557.0 489.0 598.0 522.0
harbor 286.0 1.0 345.0 35.0
harbor 303.0 40.0 388.0 99.0
harbor 330.0 83.0 466.0 177.0
harbor 377.0 188.0 435.0 270.0
