airplane 410.0 474.0 475.0 563.0
airplane 363.0 571.0 487.0 682.0
airplane 644.0 368.0 733.0 437.0
airplane 637.0 457.0 776.0 564.0
airplane 124.0 377.0 214.0 475.0
airplane 57.0 404.0 137.0 489.0
airplane 77.0 270.0 211.0 408.0
airplane 59.0 228.0 118.0 291.0
airplane 132.0 207.0 250.0 328.0
airplane 92.0 164.0 225.0 241.0
airplane 185.0 63.0 279.0 157.0
airplane 228.0 121.0 320.0 203.0
airplane 261.0 52.0 394.0 189.0
airplane 397.0 28.0 529.0 172.0
airplane 496.0 86.0 568.0 159.0
airplane 536.0 8.0 661.0 150.0
airplane 646.0 50.0 742.0 157.0
vehicle 436.0 638.0 482.0 679.0
vehicle 21.0 125.0 51.0 139.0
vehicle 29.0 178.0 59.0 192.0
vehicle 31.0 191.0 54.0 202.0
vehicle 26.0 206.0 57.0 218.0
vehicle 662.0 711.0 669.0 730.0
