harbor 1.0 255.0 38.0 343.0
harbor 51.0 231.0 198.0 611.0
harbor 257.0 190.0 392.0 240.0
harbor 192.0 217.0 340.0 593.0
harbor 336.0 256.0 444.0 507.0
harbor 425.0 210.0 503.0 317.0
harbor 502.0 213.0 630.0 509.0
harbor 680.0 252.0 767.0 425.0
ship 1.0 311.0 25.0 343.0
ship 17.0 257.0 40.0 303.0
ship 108.0 229.0 149.0 250.0
ship 52.0 281.0 97.0 308.0
ship 59.0 299.0 99.0 324.0
ship 58.0 320.0 104.0 349.0
ship 60.0 351.0 103.0 371.0
ship 58.0 375.0 105.0 404.0
ship 54.0 399.0 113.0 430.0
ship 61.0 432.0 122.0 458.0
ship 58.0 461.0 120.0 482.0
ship 66.0 489.0 124.0 511.0
ship 68.0 515.0 125.0 539.0
ship 71.0 540.0 130.0 567.0
ship 71.0 563.0 137.0 585.0
ship 76.0 590.0 139.0 611.0
ship 110.0 260.0 149.0 281.0
ship 112.0 278.0 151.0 299.0
ship 113.0 301.0 152.0 322.0
ship 114.0 321.0 153.0 342.0
ship 116.0 342.0 155.0 363.0
ship 121.0 362.0 160.0 383.0
ship 128.0 386.0 167.0 407.0
ship 128.0 405.0 175.0 429.0
ship 130.0 430.0 169.0 451.0
ship 134.0 451.0 173.0 472.0
ship 144.0 494.0 183.0 515.0
ship 148.0 534.0 187.0 555.0
ship 154.0 560.0 193.0 581.0
ship 154.0 581.0 197.0 605.0
ship 139.0 471.0 184.0 497.0
ship 145.0 511.0 190.0 537.0
ship 241.0 529.0 286.0 555.0
ship 238.0 509.0 283.0 535.0
ship 232.0 468.0 277.0 494.0
ship 226.0 425.0 271.0 451.0
ship 219.0 363.0 257.0 384.0
ship 219.0 381.0 257.0 402.0
ship 232.0 450.0 270.0 471.0
ship 240.0 492.0 277.0 508.0
ship 249.0 553.0 310.0 594.0
ship 210.0 342.0 256.0 362.0
ship 209.0 321.0 253.0 339.0
ship 207.0 297.0 249.0 323.0
ship 198.0 275.0 244.0 295.0
ship 195.0 256.0 241.0 276.0
ship 190.0 238.0 236.0 258.0
ship 190.0 215.0 236.0 235.0
ship 254.0 262.0 295.0 278.0
ship 253.0 279.0 294.0 295.0
ship 258.0 313.0 299.0 329.0
ship 284.0 441.0 325.0 457.0
ship 284.0 420.0 325.0 436.0
ship 284.0 461.0 325.0 477.0
ship 291.0 483.0 332.0 499.0
ship 301.0 534.0 339.0 550.0
ship 293.0 504.0 338.0 524.0
ship 275.0 390.0 320.0 416.0
ship 254.0 245.0 288.0 259.0
ship 264.0 299.0 298.0 313.0
ship 270.0 334.0 304.0 348.0
ship 273.0 354.0 307.0 368.0
ship 270.0 370.0 304.0 384.0
ship 249.0 232.0 274.0 240.0
ship 335.0 260.0 369.0 274.0
ship 338.0 279.0 372.0 293.0
ship 336.0 296.0 366.0 317.0
ship 336.0 314.0 368.0 335.0
ship 338.0 333.0 367.0 355.0
ship 343.0 353.0 372.0 375.0
ship 394.0 325.0 427.0 347.0
ship 258.0 206.0 272.0 227.0
ship 268.0 202.0 283.0 224.0
ship 283.0 205.0 297.0 239.0
ship 297.0 198.0 312.0 231.0
ship 316.0 193.0 331.0 227.0
ship 332.0 198.0 346.0 226.0
ship 346.0 189.0 378.0 212.0
ship 381.0 190.0 393.0 215.0
ship 425.0 229.0 441.0 274.0
ship 434.0 280.0 445.0 317.0
ship 441.0 232.0 457.0 259.0
ship 454.0 256.0 472.0 298.0
ship 472.0 259.0 494.0 312.0
ship 483.0 210.0 504.0 242.0
ship 522.0 211.0 557.0 225.0
ship 530.0 228.0 565.0 242.0
ship 529.0 244.0 564.0 258.0
ship 526.0 277.0 561.0 291.0
ship 523.0 298.0 558.0 312.0
ship 521.0 335.0 556.0 349.0
ship 517.0 351.0 552.0 365.0
ship 520.0 369.0 555.0 383.0
ship 518.0 387.0 553.0 401.0
ship 513.0 404.0 548.0 418.0
ship 504.0 435.0 548.0 454.0
ship 519.0 417.0 554.0 431.0
ship 525.0 316.0 556.0 330.0
ship 532.0 261.0 559.0 272.0
ship 504.0 458.0 555.0 470.0
ship 505.0 475.0 563.0 511.0
ship 577.0 217.0 631.0 248.0
ship 573.0 248.0 627.0 272.0
ship 574.0 277.0 617.0 298.0
ship 571.0 324.0 617.0 352.0
ship 566.0 351.0 612.0 379.0
ship 564.0 381.0 610.0 409.0
ship 568.0 415.0 615.0 436.0
ship 562.0 442.0 609.0 463.0
ship 562.0 466.0 616.0 484.0
ship 687.0 337.0 741.0 355.0
ship 688.0 362.0 742.0 380.0
ship 684.0 313.0 738.0 331.0
ship 681.0 252.0 725.0 276.0
ship 696.0 384.0 737.0 402.0
ship 696.0 407.0 739.0 426.0
ship 576.0 301.0 612.0 320.0
ship 694.0 277.0 731.0 294.0
ship 699.0 293.0 737.0 312.0
ship 748.0 303.0 768.0 350.0
ship 748.0 356.0 766.0 397.0
ship 388.0 404.0 433.0 439.0
ship 388.0 443.0 428.0 460.0
ship 400.0 459.0 435.0 473.0
ship 376.0 486.0 382.0 503.0
ship 357.0 416.0 376.0 429.0
ship 353.0 370.0 371.0 384.0
