vehicle 685.0 71.0 704.0 91.0
vehicle 679.0 6.0 697.0 19.0
vehicle 683.0 18.0 699.0 30.0
vehicle 686.0 26.0 704.0 39.0
vehicle 687.0 35.0 707.0 48.0
vehicle 690.0 43.0 711.0 57.0
vehicle 696.0 53.0 715.0 65.0
vehicle 703.0 64.0 720.0 77.0
vehicle 561.0 116.0 582.0 127.0
vehicle 541.0 121.0 560.0 133.0
vehicle 519.0 128.0 539.0 138.0
vehicle 501.0 133.0 517.0 143.0
vehicle 479.0 137.0 499.0 148.0
vehicle 465.0 145.0 478.0 163.0
vehicle 455.0 148.0 466.0 167.0
vehicle 445.0 153.0 457.0 172.0
vehicle 431.0 154.0 445.0 174.0
vehicle 412.0 159.0 423.0 176.0
vehicle 397.0 163.0 410.0 182.0
vehicle 387.0 166.0 399.0 186.0
vehicle 376.0 170.0 390.0 190.0
vehicle 353.0 177.0 365.0 197.0
vehicle 340.0 183.0 355.0 203.0
vehicle 330.0 186.0 342.0 206.0
vehicle 318.0 186.0 332.0 207.0
vehicle 307.0 189.0 320.0 209.0
vehicle 297.0 193.0 310.0 213.0
vehicle 263.0 209.0 274.0 223.0
vehicle 248.0 211.0 261.0 232.0
vehicle 235.0 215.0 248.0 235.0
vehicle 229.0 223.0 240.0 242.0
vehicle 214.0 221.0 230.0 245.0
vehicle 204.0 227.0 216.0 247.0
vehicle 191.0 229.0 205.0 247.0
vehicle 178.0 230.0 194.0 252.0
vehicle 217.0 280.0 234.0 299.0
vehicle 224.0 304.0 244.0 319.0
vehicle 230.0 325.0 252.0 341.0
vehicle 240.0 340.0 256.0 354.0
vehicle 351.0 450.0 368.0 461.0
vehicle 405.0 460.0 425.0 474.0
vehicle 245.0 376.0 270.0 395.0
vehicle 351.0 464.0 371.0 472.0
vehicle 355.0 473.0 374.0 484.0
vehicle 359.0 485.0 376.0 495.0
vehicle 364.0 495.0 377.0 502.0
vehicle 366.0 505.0 383.0 514.0
vehicle 366.0 516.0 387.0 527.0
vehicle 409.0 474.0 431.0 487.0
vehicle 414.0 488.0 434.0 502.0
vehicle 382.0 544.0 399.0 556.0
vehicle 386.0 565.0 407.0 579.0
vehicle 439.0 565.0 460.0 577.0
vehicle 393.0 581.0 411.0 591.0
vehicle 457.0 589.0 476.0 599.0
vehicle 416.0 600.0 434.0 611.0
vehicle 504.0 588.0 522.0 601.0
vehicle 530.0 567.0 548.0 578.0
vehicle 593.0 564.0 608.0 571.0
vehicle 584.0 575.0 600.0 586.0
vehicle 596.0 548.0 616.0 559.0
vehicle 573.0 553.0 596.0 565.0
vehicle 727.0 472.0 740.0 486.0
vehicle 647.0 531.0 661.0 544.0
vehicle 707.0 546.0 726.0 555.0
vehicle 634.0 565.0 659.0 577.0
vehicle 721.0 490.0 740.0 505.0
vehicle 671.0 617.0 693.0 632.0
vehicle 350.0 650.0 369.0 661.0
vehicle 377.0 640.0 394.0 652.0
vehicle 482.0 644.0 495.0 663.0
vehicle 514.0 653.0 525.0 672.0
vehicle 489.0 662.0 501.0 678.0
vehicle 522.0 676.0 534.0 693.0
vehicle 528.0 699.0 546.0 722.0
vehicle 550.0 733.0 563.0 753.0
vehicle 532.0 758.0 546.0 778.0
vehicle 570.0 779.0 585.0 800.0
vehicle 540.0 778.0 555.0 799.0
vehicle 110.0 725.0 129.0 736.0
vehicle 84.0 732.0 103.0 743.0
vehicle 45.0 715.0 64.0 725.0
vehicle 21.0 721.0 40.0 732.0
vehicle 3.0 728.0 19.0 737.0
tenniscourt 116.0 94.0 190.0 206.0
tenniscourt 183.0 75.0 257.0 187.0
vehicle 221.0 266.0 236.0 287.0
vehicle 232.0 261.0 243.0 282.0
vehicle 242.0 259.0 257.0 282.0
vehicle 253.0 253.0 268.0 277.0
vehicle 267.0 253.0 281.0 272.0
vehicle 281.0 247.0 295.0 266.0
vehicle 291.0 241.0 305.0 265.0
vehicle 307.0 235.0 324.0 258.0
vehicle 321.0 231.0 333.0 251.0
vehicle 332.0 226.0 343.0 248.0
vehicle 350.0 223.0 360.0 245.0
vehicle 357.0 221.0 369.0 240.0
vehicle 368.0 215.0 382.0 240.0
vehicle 393.0 202.0 411.0 220.0
vehicle 465.0 170.0 482.0 186.0
vehicle 410.0 192.0 431.0 208.0
vehicle 431.0 185.0 456.0 203.0
tenniscourt 259.0 293.0 338.0 404.0
tenniscourt 332.0 267.0 413.0 380.0
tenniscourt 414.0 221.0 503.0 333.0
tenniscourt 489.0 188.0 574.0 300.0
tenniscourt 563.0 157.0 648.0 268.0
tenniscourt 636.0 124.0 720.0 237.0
tenniscourt 225.0 501.0 301.0 612.0
tenniscourt 294.0 478.0 371.0 588.0
tenniscourt 366.0 456.0 442.0 566.0
vehicle 754.0 733.0 773.0 745.0
vehicle 287.0 789.0 298.0 800.0
