ship 54.0 259.0 115.0 304.0
ship 61.0 270.0 121.0 314.0
ship 67.0 279.0 130.0 325.0
ship 166.0 203.0 188.0 221.0
ship 171.0 211.0 191.0 227.0
ship 187.0 191.0 206.0 204.0
ship 191.0 199.0 211.0 215.0
ship 222.0 202.0 252.0 223.0
ship 217.0 208.0 248.0 235.0
ship 213.0 217.0 240.0 243.0
ship 257.0 225.0 295.0 258.0
ship 253.0 236.0 290.0 266.0
ship 242.0 242.0 288.0 278.0
ship 17.0 514.0 63.0 542.0
ship 22.0 523.0 68.0 551.0
ship 66.0 465.0 149.0 515.0
ship 158.0 423.0 229.0 468.0
ship 138.0 541.0 190.0 575.0
ship 151.0 556.0 186.0 578.0
ship 20.0 614.0 70.0 658.0
ship 383.0 544.0 396.0 551.0
ship 526.0 157.0 607.0 210.0
ship 465.0 316.0 503.0 347.0
ship 504.0 281.0 560.0 327.0
ship 516.0 1.0 555.0 20.0
ship 572.0 28.0 615.0 59.0
ship 751.0 45.0 798.0 118.0
storagetank 447.0 715.0 474.0 739.0
storagetank 421.0 728.0 449.0 753.0
storagetank 393.0 757.0 413.0 777.0
storagetank 376.0 766.0 396.0 784.0
vehicle 586.0 749.0 598.0 758.0
vehicle 591.0 750.0 602.0 760.0
vehicle 607.0 738.0 622.0 748.0
vehicle 616.0 744.0 624.0 752.0
vehicle 662.0 718.0 678.0 725.0
vehicle 683.0 727.0 693.0 741.0
vehicle 720.0 695.0 732.0 705.0
vehicle 717.0 615.0 729.0 624.0
