harbor 60.0 236.0 747.0 395.0
harbor 121.0 32.0 604.0 205.0
harbor 2.0 421.0 668.0 570.0
ship 143.0 122.0 167.0 201.0
ship 169.0 120.0 190.0 171.0
ship 219.0 134.0 236.0 178.0
ship 241.0 116.0 262.0 187.0
ship 264.0 120.0 282.0 171.0
ship 288.0 114.0 309.0 182.0
ship 312.0 120.0 333.0 188.0
ship 335.0 113.0 356.0 174.0
ship 380.0 112.0 404.0 189.0
ship 404.0 118.0 422.0 164.0
ship 428.0 111.0 451.0 188.0
ship 450.0 125.0 463.0 159.0
ship 480.0 116.0 494.0 161.0
ship 501.0 116.0 515.0 161.0
ship 524.0 115.0 543.0 168.0
ship 544.0 115.0 562.0 162.0
ship 569.0 38.0 589.0 104.0
ship 546.0 43.0 567.0 101.0
ship 521.0 42.0 542.0 100.0
ship 499.0 42.0 520.0 100.0
ship 450.0 33.0 469.0 103.0
ship 433.0 57.0 447.0 97.0
ship 415.0 86.0 425.0 106.0
ship 403.0 79.0 414.0 106.0
ship 383.0 50.0 401.0 105.0
ship 357.0 43.0 375.0 103.0
ship 337.0 54.0 355.0 106.0
ship 311.0 76.0 321.0 103.0
ship 287.0 35.0 306.0 110.0
ship 241.0 49.0 260.0 110.0
ship 262.0 59.0 272.0 86.0
ship 214.0 42.0 234.0 110.0
ship 197.0 66.0 212.0 104.0
ship 171.0 40.0 188.0 105.0
ship 154.0 45.0 165.0 78.0
ship 724.0 237.0 746.0 312.0
ship 700.0 257.0 721.0 310.0
ship 651.0 252.0 673.0 314.0
ship 630.0 260.0 647.0 313.0
ship 612.0 268.0 627.0 310.0
ship 555.0 270.0 570.0 315.0
ship 704.0 320.0 723.0 383.0
ship 679.0 326.0 695.0 376.0
ship 522.0 272.0 536.0 314.0
ship 501.0 266.0 519.0 315.0
ship 574.0 280.0 586.0 312.0
ship 488.0 277.0 500.0 317.0
ship 472.0 283.0 483.0 315.0
ship 402.0 272.0 415.0 314.0
ship 385.0 276.0 398.0 318.0
ship 656.0 327.0 675.0 391.0
ship 611.0 322.0 628.0 378.0
ship 590.0 325.0 605.0 366.0
ship 554.0 326.0 568.0 361.0
ship 523.0 324.0 541.0 379.0
ship 508.0 325.0 519.0 357.0
ship 488.0 327.0 505.0 375.0
ship 455.0 327.0 472.0 375.0
ship 439.0 330.0 451.0 363.0
ship 421.0 329.0 436.0 368.0
ship 404.0 327.0 416.0 363.0
ship 386.0 329.0 402.0 379.0
ship 352.0 328.0 368.0 378.0
ship 336.0 330.0 348.0 365.0
ship 351.0 276.0 365.0 318.0
ship 334.0 276.0 348.0 318.0
ship 318.0 279.0 329.0 317.0
ship 300.0 283.0 315.0 320.0
ship 265.0 281.0 280.0 317.0
ship 215.0 289.0 226.0 320.0
ship 181.0 290.0 192.0 321.0
ship 198.0 283.0 209.0 314.0
ship 164.0 273.0 175.0 322.0
ship 146.0 269.0 163.0 320.0
ship 127.0 289.0 142.0 317.0
ship 131.0 334.0 143.0 376.0
ship 230.0 331.0 247.0 374.0
ship 246.0 329.0 263.0 372.0
ship 268.0 334.0 278.0 360.0
ship 283.0 331.0 298.0 372.0
ship 93.0 334.0 105.0 370.0
ship 115.0 332.0 128.0 361.0
ship 148.0 331.0 159.0 366.0
ship 165.0 330.0 176.0 365.0
ship 182.0 336.0 194.0 362.0
ship 40.0 447.0 54.0 480.0
ship 58.0 449.0 72.0 482.0
ship 66.0 492.0 88.0 569.0
ship 79.0 447.0 89.0 479.0
ship 106.0 496.0 120.0 546.0
ship 128.0 451.0 137.0 475.0
ship 140.0 437.0 157.0 483.0
ship 178.0 437.0 193.0 482.0
ship 138.0 488.0 160.0 567.0
ship 161.0 492.0 180.0 545.0
ship 195.0 493.0 215.0 548.0
ship 231.0 494.0 247.0 540.0
ship 248.0 451.0 260.0 482.0
ship 264.0 433.0 281.0 481.0
ship 287.0 442.0 301.0 480.0
ship 319.0 431.0 333.0 478.0
ship 263.0 493.0 282.0 548.0
ship 287.0 493.0 303.0 533.0
ship 306.0 491.0 318.0 525.0
ship 319.0 490.0 335.0 537.0
ship 339.0 489.0 353.0 532.0
ship 358.0 490.0 370.0 524.0
ship 337.0 448.0 349.0 474.0
ship 357.0 444.0 369.0 476.0
ship 417.0 432.0 435.0 477.0
ship 387.0 487.0 405.0 532.0
ship 423.0 489.0 437.0 532.0
ship 442.0 440.0 455.0 478.0
ship 456.0 427.0 472.0 478.0
ship 443.0 489.0 458.0 522.0
ship 458.0 489.0 472.0 528.0
ship 477.0 487.0 491.0 526.0
ship 477.0 448.0 487.0 478.0
ship 492.0 441.0 506.0 479.0
ship 512.0 422.0 530.0 476.0
ship 510.0 486.0 528.0 540.0
ship 536.0 490.0 554.0 544.0
ship 541.0 438.0 552.0 475.0
ship 556.0 440.0 572.0 476.0
ship 585.0 437.0 600.0 477.0
ship 604.0 423.0 620.0 478.0
ship 632.0 425.0 648.0 476.0
ship 606.0 487.0 622.0 538.0
ship 651.0 487.0 667.0 538.0
ship 651.0 443.0 664.0 473.0
