baseballfield 82.0 118.0 142.0 157.0
baseballfield 155.0 90.0 198.0 124.0
baseballfield 105.0 168.0 198.0 225.0
baseballfield 196.0 124.0 279.0 191.0
airplane 738.0 670.0 770.0 691.0
airplane 605.0 495.0 632.0 519.0
airplane 385.0 532.0 411.0 554.0
airplane 420.0 542.0 444.0 565.0
airplane 540.0 590.0 566.0 617.0
airplane 571.0 602.0 597.0 628.0
airplane 725.0 380.0 752.0 411.0
airplane 770.0 370.0 799.0 403.0
airplane 739.0 546.0 766.0 567.0
airplane 779.0 540.0 800.0 562.0
airplane 642.0 631.0 671.0 653.0
airplane 708.0 653.0 736.0 680.0
