ship 138.0 170.0 179.0 264.0
ship 158.0 159.0 186.0 226.0
ship 215.0 252.0 257.0 349.0
ship 47.0 289.0 126.0 328.0
ship 146.0 300.0 199.0 431.0
ship 107.0 316.0 164.0 453.0
ship 28.0 342.0 80.0 467.0
ship 267.0 355.0 306.0 452.0
ship 253.0 361.0 292.0 456.0
ship 288.0 464.0 317.0 542.0
ship 86.0 525.0 143.0 662.0
ship 345.0 490.0 477.0 551.0
ship 353.0 515.0 485.0 574.0
ship 498.0 455.0 619.0 507.0
ship 507.0 472.0 625.0 523.0
ship 695.0 593.0 744.0 718.0
ship 677.0 600.0 725.0 723.0
ship 743.0 355.0 773.0 433.0
