airplane 234.0 15.0 285.0 65.0
airplane 197.0 64.0 244.0 113.0
airplane 113.0 160.0 163.0 210.0
airplane 33.0 262.0 82.0 310.0
airplane 216.0 244.0 260.0 294.0
airplane 277.0 258.0 320.0 301.0
airplane 194.0 355.0 237.0 401.0
airplane 93.0 393.0 140.0 441.0
airplane 153.0 407.0 195.0 450.0
airplane 394.0 400.0 441.0 451.0
airplane 269.0 544.0 323.0 601.0
airplane 585.0 505.0 625.0 558.0
airplane 582.0 565.0 628.0 619.0
airplane 701.0 500.0 746.0 558.0
airplane 697.0 565.0 741.0 624.0
airplane 696.0 630.0 744.0 689.0
airplane 587.0 694.0 626.0 752.0
vehicle 171.0 509.0 198.0 532.0
vehicle 643.0 328.0 655.0 359.0
airplane 695.0 691.0 740.0 753.0
airplane 338.0 92.0 384.0 143.0
