airplane 626.0 500.0 667.0 533.0
airplane 623.0 554.0 665.0 589.0
airplane 346.0 421.0 378.0 451.0
airplane 82.0 420.0 104.0 437.0
airplane 76.0 475.0 87.0 489.0
airplane 76.0 493.0 87.0 506.0
airplane 76.0 506.0 87.0 519.0
airplane 58.0 506.0 72.0 517.0
airplane 143.0 482.0 162.0 499.0
airplane 131.0 517.0 143.0 528.0
airplane 129.0 533.0 139.0 546.0
airplane 123.0 548.0 144.0 567.0
airplane 135.0 408.0 150.0 425.0
airplane 96.0 408.0 106.0 418.0
airplane 99.0 396.0 109.0 407.0
airplane 111.0 379.0 124.0 392.0
airplane 178.0 413.0 198.0 430.0
airplane 178.0 431.0 192.0 445.0
airplane 230.0 411.0 240.0 421.0
airplane 225.0 422.0 240.0 436.0
airplane 220.0 437.0 234.0 450.0
airplane 142.0 385.0 154.0 399.0
