bridge 128.0 131.0 520.0 368.0
harbor 602.0 395.0 793.0 506.0
harbor 556.0 304.0 745.0 424.0
ship 577.0 399.0 590.0 420.0
ship 570.0 365.0 585.0 389.0
ship 583.0 367.0 594.0 384.0
ship 587.0 354.0 604.0 380.0
ship 597.0 351.0 612.0 376.0
ship 605.0 346.0 621.0 371.0
ship 614.0 339.0 631.0 367.0
ship 627.0 343.0 637.0 359.0
ship 635.0 341.0 646.0 356.0
ship 642.0 333.0 654.0 354.0
ship 651.0 330.0 662.0 351.0
ship 659.0 327.0 672.0 346.0
ship 684.0 313.0 696.0 334.0
ship 703.0 308.0 712.0 325.0
ship 734.0 321.0 741.0 334.0
ship 728.0 324.0 736.0 337.0
ship 712.0 331.0 722.0 346.0
ship 703.0 335.0 715.0 352.0
ship 688.0 343.0 698.0 359.0
ship 678.0 349.0 690.0 366.0
ship 662.0 356.0 675.0 374.0
ship 654.0 360.0 665.0 376.0
ship 645.0 363.0 658.0 382.0
ship 635.0 368.0 652.0 392.0
ship 603.0 472.0 622.0 505.0
ship 624.0 480.0 641.0 506.0
ship 635.0 475.0 650.0 499.0
ship 646.0 469.0 663.0 496.0
ship 610.0 456.0 622.0 474.0
ship 622.0 455.0 631.0 470.0
ship 628.0 445.0 641.0 467.0
ship 635.0 443.0 650.0 463.0
ship 644.0 436.0 658.0 459.0
ship 651.0 431.0 666.0 455.0
ship 661.0 427.0 674.0 450.0
ship 671.0 429.0 683.0 447.0
ship 676.0 416.0 692.0 441.0
ship 687.0 418.0 700.0 439.0
ship 696.0 414.0 708.0 433.0
ship 712.0 404.0 725.0 425.0
ship 723.0 404.0 731.0 418.0
ship 729.0 399.0 740.0 415.0
ship 695.0 443.0 712.0 471.0
ship 704.0 438.0 721.0 462.0
ship 716.0 435.0 729.0 456.0
ship 734.0 425.0 749.0 445.0
ship 744.0 419.0 757.0 438.0
