tenniscourt 200.0 612.0 231.0 662.0
tenniscourt 240.0 610.0 272.0 661.0
vehicle 118.0 781.0 131.0 786.0
vehicle 675.0 752.0 688.0 757.0
vehicle 704.0 749.0 714.0 755.0
vehicle 564.0 744.0 578.0 749.0
vehicle 550.0 755.0 562.0 760.0
vehicle 536.0 522.0 541.0 532.0
vehicle 638.0 487.0 647.0 500.0
vehicle 787.0 507.0 794.0 518.0
vehicle 546.0 331.0 554.0 341.0
vehicle 633.0 102.0 642.0 111.0
vehicle 633.0 118.0 646.0 126.0
vehicle 468.0 173.0 478.0 182.0
vehicle 476.0 179.0 487.0 191.0
vehicle 565.0 154.0 575.0 163.0
vehicle 586.0 138.0 598.0 147.0
vehicle 599.0 128.0 609.0 138.0
vehicle 696.0 23.0 706.0 33.0
