harbor 363.0 252.0 776.0 425.0
harbor 391.0 16.0 768.0 203.0
ship 760.0 202.0 772.0 238.0
ship 179.0 8.0 218.0 29.0
harbor 172.0 134.0 276.0 182.0
ship 182.0 270.0 282.0 294.0
ship 183.0 476.0 298.0 505.0
ship 179.0 599.0 189.0 627.0
ship 181.0 639.0 279.0 661.0
vehicle 44.0 232.0 51.0 251.0
vehicle 90.0 232.0 98.0 248.0
harbor 361.0 497.0 783.0 728.0
harbor 180.0 332.0 227.0 473.0
vehicle 22.0 558.0 28.0 566.0
vehicle 2.0 606.0 7.0 616.0
harbor 30.0 694.0 90.0 723.0
vehicle 88.0 671.0 97.0 679.0
vehicle 143.0 664.0 149.0 672.0
ship 183.0 258.0 216.0 270.0
vehicle 778.0 56.0 784.0 67.0
harbor 169.0 56.0 295.0 109.0
ship 181.0 13.0 215.0 25.0
ship 167.0 53.0 294.0 81.0
ship 169.0 139.0 279.0 165.0
ship 186.0 88.0 262.0 108.0
ship 177.0 174.0 202.0 182.0
ship 233.0 171.0 253.0 182.0
ship 183.0 330.0 214.0 345.0
ship 180.0 348.0 221.0 364.0
ship 180.0 369.0 227.0 386.0
ship 180.0 387.0 222.0 402.0
ship 180.0 408.0 221.0 422.0
ship 185.0 426.0 218.0 436.0
ship 179.0 462.0 212.0 471.0
ship 81.0 697.0 91.0 717.0
ship 34.0 703.0 43.0 723.0
ship 360.0 522.0 371.0 557.0
ship 370.0 520.0 395.0 622.0
ship 371.0 633.0 395.0 711.0
ship 404.0 543.0 428.0 615.0
ship 427.0 528.0 450.0 614.0
ship 456.0 528.0 477.0 613.0
ship 406.0 629.0 426.0 712.0
ship 431.0 635.0 452.0 707.0
ship 457.0 623.0 480.0 717.0
ship 483.0 624.0 504.0 698.0
ship 506.0 630.0 531.0 728.0
ship 489.0 565.0 501.0 597.0
ship 505.0 527.0 529.0 612.0
ship 530.0 535.0 551.0 611.0
ship 557.0 618.0 578.0 701.0
ship 579.0 529.0 600.0 609.0
ship 580.0 623.0 604.0 706.0
ship 608.0 622.0 629.0 700.0
ship 606.0 514.0 629.0 602.0
ship 633.0 539.0 652.0 602.0
ship 629.0 618.0 656.0 712.0
ship 658.0 627.0 679.0 695.0
ship 656.0 525.0 678.0 607.0
ship 681.0 526.0 701.0 605.0
ship 683.0 621.0 705.0 695.0
ship 706.0 546.0 726.0 602.0
ship 709.0 629.0 729.0 698.0
ship 733.0 618.0 757.0 691.0
ship 758.0 626.0 776.0 687.0
ship 758.0 496.0 785.0 595.0
ship 732.0 522.0 751.0 603.0
ship 746.0 265.0 761.0 313.0
ship 648.0 255.0 667.0 322.0
ship 700.0 340.0 718.0 402.0
ship 675.0 347.0 695.0 409.0
ship 651.0 339.0 671.0 407.0
ship 625.0 342.0 646.0 410.0
ship 603.0 350.0 619.0 407.0
ship 600.0 250.0 622.0 325.0
ship 624.0 253.0 645.0 332.0
ship 697.0 308.0 710.0 326.0
ship 551.0 270.0 567.0 328.0
ship 530.0 269.0 547.0 326.0
ship 553.0 348.0 573.0 413.0
ship 529.0 347.0 548.0 399.0
ship 501.0 269.0 521.0 328.0
ship 504.0 349.0 528.0 423.0
ship 485.0 350.0 499.0 391.0
ship 453.0 261.0 474.0 328.0
ship 453.0 356.0 470.0 400.0
ship 429.0 270.0 450.0 335.0
ship 402.0 251.0 424.0 329.0
ship 369.0 259.0 394.0 362.0
ship 402.0 351.0 420.0 417.0
ship 382.0 385.0 394.0 415.0
ship 427.0 346.0 450.0 413.0
ship 422.0 415.0 453.0 425.0
ship 401.0 46.0 419.0 105.0
ship 424.0 123.0 441.0 172.0
ship 445.0 123.0 463.0 178.0
ship 463.0 123.0 483.0 185.0
ship 443.0 39.0 464.0 103.0
ship 463.0 40.0 481.0 108.0
ship 487.0 56.0 503.0 101.0
ship 505.0 43.0 525.0 108.0
ship 486.0 128.0 503.0 187.0
ship 508.0 121.0 526.0 175.0
ship 529.0 50.0 545.0 101.0
ship 548.0 42.0 567.0 100.0
ship 571.0 40.0 589.0 101.0
ship 592.0 44.0 608.0 97.0
ship 530.0 125.0 545.0 174.0
ship 551.0 122.0 567.0 179.0
ship 572.0 123.0 593.0 184.0
ship 597.0 119.0 611.0 160.0
ship 614.0 118.0 629.0 169.0
ship 635.0 120.0 653.0 177.0
ship 633.0 48.0 652.0 99.0
ship 655.0 48.0 671.0 101.0
ship 657.0 120.0 675.0 178.0
ship 681.0 122.0 697.0 170.0
ship 697.0 53.0 711.0 94.0
ship 700.0 113.0 720.0 177.0
ship 717.0 39.0 736.0 101.0
ship 743.0 15.0 765.0 98.0
ship 721.0 113.0 736.0 151.0
ship 727.0 151.0 737.0 177.0
ship 747.0 116.0 770.0 202.0
ship 533.0 621.0 550.0 631.0
ship 531.0 629.0 546.0 638.0
