chimney 370.0 30.0 654.0 266.0
chimney 256.0 356.0 444.0 511.0
chimney 222.0 560.0 395.0 720.0
chimney 392.0 369.0 544.0 420.0
chimney 582.0 1.0 761.0 42.0
storagetank 629.0 689.0 644.0 702.0
storagetank 624.0 705.0 639.0 719.0
storagetank 645.0 692.0 661.0 708.0
storagetank 641.0 709.0 658.0 725.0
storagetank 664.0 698.0 678.0 710.0
storagetank 679.0 701.0 694.0 716.0
storagetank 659.0 715.0 671.0 728.0
storagetank 672.0 718.0 689.0 732.0
storagetank 691.0 714.0 712.0 736.0
storagetank 716.0 720.0 738.0 742.0
