harbor 37.0 278.0 162.0 788.0
harbor 234.0 257.0 361.0 789.0
harbor 435.0 263.0 572.0 791.0
harbor 678.0 285.0 785.0 767.0
ship 59.0 276.0 79.0 339.0
ship 80.0 274.0 105.0 342.0
ship 107.0 274.0 128.0 337.0
ship 132.0 278.0 156.0 342.0
ship 243.0 266.0 267.0 330.0
ship 541.0 267.0 565.0 331.0
ship 725.0 287.0 749.0 351.0
ship 702.0 286.0 726.0 350.0
ship 677.0 285.0 701.0 349.0
ship 453.0 270.0 477.0 334.0
ship 511.0 275.0 535.0 339.0
ship 299.0 270.0 323.0 334.0
ship 271.0 265.0 295.0 329.0
ship 331.0 272.0 355.0 336.0
ship 48.0 350.0 100.0 367.0
ship 45.0 495.0 94.0 513.0
ship 40.0 683.0 94.0 698.0
ship 40.0 740.0 92.0 756.0
ship 110.0 349.0 160.0 363.0
ship 107.0 493.0 157.0 523.0
ship 109.0 527.0 158.0 547.0
ship 110.0 550.0 159.0 570.0
ship 109.0 574.0 158.0 594.0
ship 108.0 596.0 157.0 616.0
ship 104.0 621.0 153.0 641.0
ship 103.0 644.0 152.0 664.0
ship 101.0 666.0 158.0 687.0
ship 103.0 693.0 157.0 713.0
ship 102.0 712.0 156.0 732.0
ship 241.0 340.0 295.0 360.0
ship 303.0 341.0 357.0 361.0
ship 303.0 370.0 357.0 390.0
ship 302.0 395.0 356.0 415.0
ship 239.0 395.0 293.0 415.0
ship 302.0 440.0 356.0 460.0
ship 235.0 468.0 289.0 488.0
ship 234.0 489.0 288.0 509.0
ship 238.0 509.0 292.0 529.0
ship 232.0 534.0 286.0 554.0
ship 302.0 467.0 356.0 487.0
ship 299.0 487.0 353.0 507.0
ship 302.0 505.0 356.0 525.0
ship 302.0 527.0 356.0 547.0
ship 301.0 546.0 355.0 566.0
ship 234.0 561.0 288.0 581.0
ship 234.0 586.0 284.0 607.0
ship 44.0 515.0 93.0 533.0
ship 44.0 534.0 93.0 552.0
ship 44.0 556.0 93.0 574.0
ship 42.0 577.0 91.0 595.0
ship 41.0 600.0 90.0 618.0
ship 42.0 621.0 91.0 639.0
ship 42.0 637.0 91.0 655.0
ship 237.0 624.0 286.0 642.0
ship 49.0 372.0 101.0 389.0
ship 48.0 394.0 100.0 411.0
ship 46.0 409.0 98.0 426.0
ship 45.0 431.0 97.0 448.0
ship 45.0 454.0 97.0 471.0
ship 108.0 370.0 158.0 384.0
ship 110.0 391.0 160.0 405.0
ship 108.0 413.0 162.0 432.0
ship 105.0 438.0 159.0 457.0
ship 105.0 463.0 159.0 482.0
ship 237.0 666.0 287.0 687.0
ship 235.0 704.0 286.0 734.0
ship 235.0 736.0 285.0 757.0
ship 297.0 636.0 347.0 657.0
ship 296.0 689.0 346.0 710.0
ship 293.0 714.0 354.0 738.0
ship 297.0 741.0 347.0 762.0
ship 302.0 575.0 352.0 596.0
ship 446.0 364.0 496.0 385.0
ship 448.0 388.0 498.0 409.0
ship 449.0 452.0 506.0 472.0
ship 446.0 475.0 503.0 495.0
ship 444.0 504.0 501.0 524.0
ship 445.0 529.0 500.0 548.0
ship 444.0 554.0 501.0 574.0
ship 439.0 615.0 496.0 635.0
ship 441.0 641.0 498.0 661.0
ship 437.0 684.0 494.0 704.0
ship 439.0 715.0 496.0 735.0
ship 437.0 741.0 494.0 761.0
ship 506.0 741.0 563.0 761.0
ship 506.0 720.0 563.0 740.0
ship 509.0 642.0 566.0 662.0
ship 508.0 619.0 570.0 638.0
ship 508.0 593.0 566.0 612.0
ship 507.0 494.0 564.0 514.0
ship 508.0 343.0 565.0 363.0
ship 512.0 360.0 569.0 380.0
ship 510.0 385.0 567.0 405.0
ship 513.0 405.0 570.0 425.0
ship 511.0 428.0 568.0 448.0
ship 512.0 450.0 569.0 470.0
ship 509.0 470.0 566.0 490.0
ship 510.0 519.0 567.0 539.0
ship 509.0 547.0 566.0 567.0
ship 510.0 568.0 567.0 588.0
ship 462.0 576.0 501.0 592.0
ship 508.0 691.0 565.0 711.0
ship 683.0 359.0 740.0 379.0
ship 684.0 439.0 741.0 459.0
ship 682.0 496.0 739.0 516.0
ship 676.0 543.0 733.0 563.0
ship 689.0 568.0 741.0 589.0
ship 687.0 591.0 741.0 611.0
ship 677.0 616.0 739.0 638.0
ship 677.0 391.0 743.0 410.0
ship 679.0 415.0 745.0 434.0
ship 675.0 520.0 741.0 539.0
ship 678.0 643.0 734.0 662.0
ship 676.0 692.0 737.0 709.0
ship 751.0 684.0 768.0 723.0
