tenniscourt 598.0 229.0 662.0 370.0
tenniscourt 595.0 443.0 659.0 584.0
harbor 410.0 241.0 462.0 738.0
harbor 381.0 98.0 438.0 161.0
harbor 383.0 38.0 446.0 73.0
harbor 515.0 26.0 564.0 68.0
ship 130.0 75.0 152.0 132.0
ship 501.0 224.0 523.0 269.0
vehicle 586.0 1.0 600.0 17.0
vehicle 604.0 1.0 617.0 22.0
ship 417.0 566.0 455.0 587.0
ship 424.0 525.0 454.0 541.0
ship 411.0 479.0 455.0 501.0
ship 417.0 397.0 455.0 414.0
ship 419.0 376.0 453.0 389.0
ship 414.0 353.0 462.0 375.0
ship 415.0 309.0 462.0 331.0
ship 416.0 288.0 455.0 305.0
ship 416.0 242.0 455.0 263.0
ship 402.0 141.0 437.0 159.0
ship 404.0 110.0 436.0 123.0
ship 514.0 52.0 557.0 69.0
ship 517.0 26.0 558.0 43.0
vehicle 215.0 358.0 232.0 394.0
