harbor 77.0 56.0 199.0 191.0
harbor 205.0 2.0 374.0 435.0
vehicle 173.0 10.0 186.0 38.0
harbor 431.0 1.0 633.0 769.0
ship 402.0 15.0 419.0 51.0
ship 427.0 13.0 443.0 45.0
ship 679.0 160.0 721.0 274.0
ship 679.0 299.0 720.0 413.0
ship 86.0 76.0 113.0 152.0
ship 128.0 72.0 158.0 186.0
ship 169.0 74.0 195.0 151.0
ship 302.0 77.0 337.0 99.0
ship 300.0 121.0 352.0 142.0
ship 299.0 147.0 370.0 174.0
ship 292.0 179.0 346.0 203.0
ship 303.0 214.0 353.0 235.0
ship 227.0 213.0 269.0 230.0
ship 220.0 243.0 262.0 260.0
ship 209.0 294.0 251.0 311.0
ship 290.0 318.0 365.0 349.0
ship 289.0 376.0 348.0 406.0
ship 529.0 35.0 569.0 53.0
ship 521.0 65.0 567.0 84.0
ship 526.0 159.0 576.0 180.0
ship 496.0 190.0 574.0 216.0
ship 508.0 222.0 565.0 243.0
ship 524.0 258.0 579.0 278.0
ship 513.0 317.0 579.0 341.0
ship 518.0 348.0 577.0 372.0
ship 504.0 381.0 572.0 407.0
ship 485.0 463.0 572.0 499.0
ship 483.0 505.0 582.0 539.0
ship 450.0 552.0 537.0 580.0
ship 554.0 551.0 614.0 575.0
ship 434.0 616.0 534.0 647.0
ship 466.0 659.0 533.0 684.0
ship 554.0 664.0 611.0 685.0
ship 448.0 700.0 534.0 729.0
ship 556.0 698.0 621.0 724.0
ship 564.0 742.0 621.0 762.0
