ship 327.0 197.0 393.0 239.0
harbor 45.0 121.0 287.0 460.0
harbor 265.0 265.0 548.0 585.0
ship 483.0 203.0 558.0 250.0
ship 563.0 157.0 653.0 220.0
harbor 494.0 176.0 777.0 708.0
ship 195.0 128.0 283.0 196.0
ship 227.0 230.0 282.0 259.0
ship 103.0 295.0 158.0 324.0
ship 157.0 401.0 204.0 428.0
ship 189.0 331.0 244.0 360.0
ship 195.0 305.0 250.0 334.0
ship 197.0 275.0 252.0 304.0
ship 64.0 350.0 143.0 395.0
ship 213.0 254.0 261.0 280.0
ship 57.0 376.0 127.0 423.0
ship 360.0 268.0 432.0 302.0
ship 369.0 299.0 413.0 324.0
ship 359.0 321.0 411.0 350.0
ship 348.0 346.0 400.0 373.0
ship 335.0 365.0 397.0 391.0
ship 322.0 417.0 367.0 444.0
ship 304.0 437.0 360.0 470.0
ship 293.0 487.0 340.0 518.0
ship 280.0 507.0 326.0 537.0
ship 380.0 459.0 435.0 490.0
ship 390.0 431.0 458.0 469.0
ship 427.0 359.0 485.0 393.0
ship 432.0 321.0 506.0 374.0
ship 466.0 262.0 546.0 300.0
ship 688.0 183.0 761.0 226.0
ship 668.0 243.0 726.0 278.0
ship 644.0 266.0 718.0 304.0
ship 633.0 322.0 696.0 354.0
ship 611.0 346.0 686.0 384.0
ship 617.0 382.0 669.0 411.0
ship 582.0 457.0 634.0 487.0
ship 554.0 537.0 606.0 568.0
ship 510.0 613.0 568.0 644.0
ship 664.0 399.0 721.0 487.0
ship 713.0 290.0 763.0 370.0
ship 606.0 543.0 660.0 654.0
ship 496.0 650.0 609.0 709.0
