harbor 355.0 310.0 575.0 490.0
harbor 489.0 156.0 653.0 362.0
harbor 247.0 466.0 468.0 589.0
ship 248.0 399.0 275.0 432.0
ship 200.0 458.0 234.0 492.0
ship 1.0 338.0 27.0 359.0
vehicle 275.0 692.0 310.0 729.0
vehicle 346.0 745.0 384.0 779.0
ship 302.0 477.0 328.0 513.0
ship 444.0 542.0 468.0 574.0
ship 567.0 259.0 596.0 288.0
ship 541.0 404.0 574.0 444.0
ship 537.0 156.0 561.0 179.0
ship 597.0 227.0 620.0 250.0
ship 512.0 200.0 553.0 236.0
ship 581.0 280.0 620.0 312.0
ship 592.0 299.0 632.0 332.0
ship 607.0 327.0 638.0 363.0
ship 422.0 320.0 447.0 381.0
ship 446.0 341.0 467.0 398.0
ship 367.0 369.0 396.0 408.0
ship 384.0 386.0 414.0 421.0
ship 400.0 403.0 426.0 436.0
ship 420.0 414.0 450.0 451.0
ship 433.0 430.0 462.0 468.0
ship 450.0 446.0 483.0 484.0
ship 475.0 460.0 500.0 489.0
ship 492.0 474.0 523.0 511.0
ship 522.0 393.0 538.0 438.0
ship 492.0 379.0 512.0 436.0
ship 470.0 362.0 488.0 406.0
harbor 141.0 193.0 409.0 552.0
harbor 1.0 315.0 157.0 442.0
