vehicle 241.0 476.0 269.0 502.0
vehicle 292.0 350.0 316.0 375.0
vehicle 432.0 214.0 452.0 241.0
vehicle 609.0 31.0 633.0 60.0
vehicle 664.0 41.0 692.0 65.0
baseballfield 14.0 177.0 74.0 233.0
baseballfield 86.0 102.0 147.0 166.0
baseballfield 13.0 31.0 76.0 92.0
airplane 761.0 364.0 795.0 398.0
airplane 708.0 424.0 747.0 460.0
airplane 689.0 400.0 718.0 425.0
airplane 646.0 444.0 677.0 476.0
airplane 673.0 477.0 709.0 517.0
airplane 676.0 629.0 703.0 654.0
airplane 629.0 564.0 648.0 584.0
airplane 501.0 501.0 522.0 519.0
airplane 466.0 532.0 491.0 554.0
airplane 452.0 552.0 472.0 570.0
airplane 439.0 565.0 458.0 586.0
airplane 418.0 580.0 444.0 607.0
airplane 537.0 422.0 549.0 440.0
airplane 563.0 425.0 577.0 433.0
airplane 578.0 455.0 591.0 466.0
airplane 589.0 444.0 600.0 455.0
airplane 577.0 629.0 589.0 639.0
airplane 585.0 650.0 597.0 662.0
airplane 573.0 661.0 586.0 675.0
airplane 560.0 672.0 574.0 686.0
airplane 617.0 709.0 631.0 723.0
airplane 538.0 697.0 549.0 709.0
airplane 317.0 755.0 332.0 770.0
airplane 340.0 780.0 355.0 794.0
airplane 286.0 769.0 299.0 782.0
airplane 297.0 780.0 312.0 792.0
vehicle 298.0 731.0 304.0 738.0
airplane 262.0 792.0 273.0 800.0
airplane 286.0 782.0 297.0 791.0
airplane 311.0 792.0 322.0 800.0
airplane 298.0 793.0 311.0 800.0
vehicle 662.0 394.0 674.0 407.0
vehicle 676.0 377.0 689.0 389.0
vehicle 681.0 383.0 693.0 395.0
vehicle 674.0 405.0 685.0 416.0
vehicle 463.0 245.0 475.0 255.0
vehicle 425.0 274.0 436.0 282.0
vehicle 723.0 76.0 736.0 92.0
vehicle 627.0 92.0 637.0 102.0
vehicle 587.0 131.0 595.0 140.0
