tenniscourt 182.0 224.0 220.0 302.0
tenniscourt 242.0 223.0 279.0 300.0
tenniscourt 303.0 222.0 340.0 299.0
tenniscourt 182.0 345.0 218.0 424.0
tenniscourt 242.0 343.0 279.0 423.0
tenniscourt 303.0 342.0 340.0 422.0
tenniscourt 415.0 219.0 452.0 297.0
tenniscourt 474.0 218.0 512.0 296.0
tenniscourt 535.0 216.0 571.0 297.0
tenniscourt 416.0 339.0 454.0 419.0
tenniscourt 476.0 338.0 514.0 418.0
tenniscourt 536.0 338.0 574.0 418.0
vehicle 676.0 438.0 693.0 448.0
vehicle 485.0 659.0 492.0 675.0
vehicle 441.0 657.0 449.0 674.0
vehicle 288.0 746.0 295.0 764.0
vehicle 301.0 788.0 316.0 795.0
vehicle 324.0 784.0 341.0 791.0
vehicle 380.0 765.0 388.0 780.0
vehicle 394.0 765.0 401.0 780.0
vehicle 404.0 766.0 411.0 782.0
vehicle 537.0 752.0 543.0 767.0
vehicle 774.0 471.0 782.0 489.0
vehicle 786.0 472.0 794.0 488.0
vehicle 693.0 749.0 699.0 765.0
vehicle 755.0 741.0 761.0 757.0
vehicle 5.0 742.0 20.0 750.0
vehicle 211.0 749.0 220.0 768.0
vehicle 602.0 749.0 612.0 769.0
