airplane 279.0 722.0 303.0 744.0
airplane 318.0 533.0 345.0 561.0
airplane 369.0 412.0 413.0 452.0
airplane 431.0 401.0 474.0 442.0
airplane 554.0 494.0 590.0 535.0
airplane 621.0 478.0 651.0 514.0
airplane 658.0 480.0 680.0 506.0
airplane 631.0 385.0 655.0 413.0
airplane 562.0 277.0 583.0 293.0
airplane 612.0 287.0 638.0 308.0
airplane 617.0 313.0 641.0 331.0
airplane 483.0 255.0 511.0 273.0
airplane 482.0 281.0 519.0 311.0
airplane 489.0 311.0 527.0 340.0
airplane 494.0 341.0 530.0 372.0
airplane 219.0 313.0 238.0 327.0
airplane 220.0 335.0 241.0 353.0
airplane 201.0 225.0 225.0 248.0
airplane 126.0 193.0 154.0 220.0
airplane 128.0 219.0 159.0 244.0
airplane 178.0 111.0 202.0 133.0
airplane 181.0 133.0 206.0 157.0
airplane 185.0 155.0 211.0 181.0
airplane 191.0 181.0 215.0 205.0
airplane 133.0 19.0 163.0 47.0
storagetank 483.0 542.0 495.0 555.0
storagetank 485.0 559.0 498.0 573.0
storagetank 489.0 576.0 502.0 589.0
