baseballfield 294.0 646.0 452.0 797.0
groundtrackfield 321.0 126.0 723.0 576.0
tenniscourt 297.0 87.0 355.0 163.0
tenniscourt 332.0 70.0 390.0 146.0
tenniscourt 367.0 54.0 425.0 130.0
tenniscourt 401.0 36.0 459.0 112.0
tenniscourt 446.0 34.0 504.0 110.0
tenniscourt 481.0 18.0 539.0 94.0
vehicle 263.0 779.0 270.0 795.0
vehicle 229.0 769.0 242.0 780.0
vehicle 213.0 787.0 225.0 799.0
vehicle 779.0 224.0 790.0 238.0
vehicle 774.0 229.0 786.0 243.0
vehicle 758.0 276.0 767.0 283.0
vehicle 735.0 249.0 748.0 259.0
vehicle 5.0 133.0 15.0 148.0
vehicle 7.0 179.0 18.0 193.0
vehicle 15.0 175.0 27.0 189.0
vehicle 29.0 169.0 39.0 182.0
vehicle 41.0 160.0 53.0 174.0
vehicle 52.0 176.0 62.0 187.0
vehicle 44.0 177.0 55.0 191.0
vehicle 37.0 181.0 45.0 193.0
vehicle 30.0 185.0 40.0 198.0
vehicle 24.0 189.0 34.0 203.0
vehicle 17.0 193.0 26.0 204.0
vehicle 5.0 199.0 16.0 214.0
vehicle 61.0 164.0 73.0 178.0
vehicle 74.0 154.0 86.0 170.0
vehicle 81.0 151.0 92.0 165.0
vehicle 95.0 143.0 107.0 157.0
vehicle 128.0 121.0 137.0 134.0
vehicle 137.0 112.0 150.0 127.0
vehicle 145.0 108.0 156.0 123.0
vehicle 149.0 103.0 162.0 117.0
vehicle 149.0 152.0 160.0 165.0
vehicle 136.0 158.0 147.0 172.0
vehicle 61.0 212.0 70.0 225.0
vehicle 49.0 221.0 60.0 233.0
vehicle 42.0 226.0 52.0 238.0
vehicle 37.0 230.0 47.0 243.0
vehicle 29.0 234.0 40.0 247.0
vehicle 23.0 238.0 33.0 250.0
vehicle 16.0 243.0 26.0 255.0
vehicle 9.0 246.0 21.0 260.0
vehicle 4.0 251.0 14.0 265.0
vehicle 1.0 254.0 9.0 270.0
vehicle 771.0 650.0 783.0 662.0
vehicle 710.0 685.0 721.0 699.0
vehicle 710.0 660.0 724.0 669.0
