harbor 137.0 397.0 522.0 515.0
harbor 150.0 521.0 662.0 665.0
harbor 1.0 246.0 483.0 327.0
harbor 150.0 68.0 625.0 180.0
ship 356.0 109.0 369.0 156.0
ship 376.0 103.0 399.0 165.0
ship 435.0 111.0 448.0 141.0
ship 481.0 71.0 526.0 83.0
ship 436.0 243.0 456.0 311.0
ship 324.0 259.0 339.0 303.0
ship 290.0 271.0 302.0 307.0
ship 429.0 400.0 453.0 454.0
ship 236.0 440.0 246.0 463.0
ship 367.0 469.0 386.0 516.0
ship 457.0 466.0 470.0 498.0
ship 477.0 467.0 490.0 496.0
ship 500.0 464.0 512.0 489.0
ship 636.0 525.0 663.0 599.0
ship 593.0 551.0 618.0 632.0
ship 561.0 555.0 586.0 637.0
ship 535.0 569.0 555.0 634.0
ship 507.0 571.0 528.0 638.0
ship 452.0 587.0 468.0 636.0
ship 372.0 598.0 390.0 639.0
ship 488.0 608.0 497.0 630.0
