harbor 296.0 62.0 649.0 184.0
harbor 309.0 273.0 652.0 426.0
harbor 274.0 517.0 602.0 704.0
ship 303.0 91.0 322.0 148.0
ship 352.0 138.0 373.0 182.0
ship 418.0 132.0 434.0 181.0
ship 413.0 78.0 429.0 110.0
ship 471.0 134.0 489.0 172.0
ship 496.0 61.0 514.0 109.0
ship 359.0 289.0 381.0 328.0
ship 362.0 359.0 381.0 392.0
ship 423.0 366.0 444.0 413.0
ship 423.0 278.0 445.0 333.0
ship 494.0 283.0 516.0 322.0
ship 522.0 275.0 544.0 332.0
ship 491.0 367.0 513.0 416.0
ship 276.0 539.0 324.0 688.0
ship 364.0 585.0 403.0 659.0
ship 487.0 587.0 507.0 632.0
ship 510.0 578.0 559.0 705.0
ship 389.0 528.0 403.0 556.0
ship 413.0 583.0 425.0 612.0
ship 524.0 130.0 548.0 175.0
