tenniscourt 324.0 407.0 419.0 571.0
vehicle 277.0 727.0 293.0 757.0
vehicle 154.0 744.0 169.0 775.0
vehicle 124.0 657.0 139.0 688.0
vehicle 73.0 325.0 91.0 361.0
vehicle 92.0 188.0 108.0 220.0
vehicle 293.0 194.0 307.0 226.0
vehicle 257.0 198.0 273.0 231.0
vehicle 185.0 206.0 200.0 241.0
vehicle 151.0 212.0 164.0 242.0
vehicle 98.0 223.0 111.0 251.0
vehicle 252.0 299.0 271.0 332.0
vehicle 415.0 274.0 429.0 305.0
vehicle 357.0 279.0 377.0 316.0
vehicle 321.0 282.0 339.0 320.0
vehicle 286.0 288.0 306.0 325.0
vehicle 216.0 303.0 233.0 333.0
vehicle 181.0 308.0 199.0 341.0
vehicle 146.0 311.0 163.0 347.0
vehicle 109.0 315.0 126.0 348.0
vehicle 603.0 526.0 638.0 544.0
vehicle 606.0 507.0 643.0 525.0
airplane 650.0 76.0 749.0 187.0
