airplane 200.0 66.0 246.0 116.0
airplane 197.0 198.0 230.0 226.0
airplane 138.0 281.0 163.0 313.0
airplane 196.0 253.0 217.0 268.0
airplane 227.0 250.0 246.0 269.0
airplane 196.0 269.0 217.0 294.0
airplane 227.0 272.0 253.0 293.0
airplane 200.0 303.0 231.0 325.0
airplane 201.0 449.0 225.0 483.0
airplane 198.0 523.0 235.0 545.0
airplane 203.0 624.0 227.0 639.0
airplane 217.0 660.0 244.0 677.0
airplane 243.0 699.0 277.0 739.0
airplane 353.0 339.0 391.0 384.0
airplane 339.0 465.0 364.0 488.0
airplane 341.0 502.0 368.0 518.0
airplane 334.0 562.0 363.0 580.0
airplane 342.0 605.0 365.0 624.0
airplane 363.0 42.0 380.0 61.0
