harbor 179.0 220.0 768.0 347.0
harbor 16.0 417.0 798.0 584.0
ship 14.0 605.0 38.0 656.0
harbor 9.0 689.0 800.0 800.0
ship 1.0 163.0 28.0 214.0
ship 641.0 358.0 660.0 364.0
ship 100.0 314.0 150.0 364.0
ship 42.0 371.0 92.0 420.0
ship 558.0 261.0 580.0 333.0
ship 617.0 264.0 641.0 325.0
ship 648.0 266.0 668.0 322.0
ship 182.0 266.0 208.0 282.0
ship 282.0 267.0 303.0 341.0
ship 312.0 274.0 337.0 338.0
ship 344.0 275.0 366.0 345.0
ship 377.0 276.0 400.0 331.0
ship 404.0 275.0 427.0 342.0
ship 431.0 266.0 459.0 341.0
ship 463.0 269.0 486.0 336.0
ship 680.0 258.0 701.0 327.0
ship 735.0 259.0 760.0 315.0
ship 179.0 227.0 239.0 248.0
ship 276.0 220.0 331.0 243.0
ship 360.0 227.0 401.0 243.0
ship 407.0 226.0 451.0 243.0
ship 469.0 223.0 518.0 241.0
ship 547.0 224.0 585.0 239.0
ship 616.0 222.0 654.0 237.0
ship 673.0 219.0 712.0 233.0
ship 723.0 218.0 755.0 232.0
ship 500.0 264.0 522.0 321.0
ship 576.0 463.0 661.0 485.0
ship 670.0 461.0 725.0 485.0
ship 700.0 504.0 717.0 562.0
ship 753.0 501.0 774.0 569.0
ship 781.0 493.0 800.0 541.0
ship 709.0 693.0 734.0 770.0
ship 776.0 699.0 798.0 773.0
ship 11.0 693.0 46.0 779.0
ship 52.0 702.0 78.0 780.0
ship 88.0 710.0 117.0 788.0
ship 134.0 712.0 162.0 783.0
ship 166.0 700.0 195.0 778.0
ship 255.0 709.0 281.0 781.0
ship 287.0 695.0 312.0 775.0
ship 376.0 701.0 402.0 779.0
ship 640.0 504.0 662.0 555.0
ship 586.0 510.0 605.0 561.0
ship 526.0 513.0 549.0 569.0
ship 477.0 508.0 496.0 572.0
ship 421.0 510.0 438.0 559.0
ship 305.0 515.0 329.0 565.0
ship 363.0 514.0 384.0 562.0
ship 258.0 517.0 275.0 564.0
ship 192.0 516.0 217.0 577.0
ship 144.0 516.0 165.0 568.0
ship 95.0 519.0 112.0 569.0
ship 45.0 524.0 62.0 571.0
ship 16.0 522.0 39.0 584.0
ship 450.0 462.0 544.0 489.0
ship 374.0 469.0 439.0 493.0
ship 59.0 478.0 106.0 499.0
ship 112.0 474.0 166.0 498.0
ship 194.0 474.0 253.0 499.0
ship 264.0 476.0 315.0 495.0
ship 321.0 477.0 372.0 495.0
ship 188.0 281.0 214.0 343.0
ship 216.0 272.0 245.0 346.0
ship 585.0 262.0 609.0 330.0
ship 704.0 256.0 730.0 336.0
ship 71.0 521.0 89.0 573.0
ship 119.0 521.0 137.0 568.0
ship 168.0 513.0 192.0 575.0
ship 157.0 572.0 168.0 587.0
ship 223.0 516.0 247.0 581.0
ship 184.0 478.0 194.0 496.0
ship 282.0 519.0 296.0 558.0
ship 335.0 515.0 357.0 576.0
ship 375.0 567.0 386.0 577.0
ship 395.0 513.0 410.0 562.0
ship 445.0 512.0 467.0 565.0
ship 502.0 510.0 520.0 564.0
ship 559.0 509.0 577.0 560.0
ship 613.0 507.0 632.0 558.0
ship 644.0 555.0 657.0 563.0
ship 669.0 508.0 690.0 565.0
ship 725.0 505.0 741.0 557.0
ship 195.0 704.0 222.0 783.0
ship 316.0 688.0 346.0 780.0
ship 350.0 720.0 368.0 775.0
ship 409.0 720.0 431.0 779.0
ship 442.0 713.0 465.0 777.0
ship 497.0 701.0 526.0 775.0
ship 528.0 714.0 552.0 772.0
ship 561.0 712.0 582.0 773.0
ship 591.0 710.0 609.0 769.0
ship 621.0 702.0 647.0 766.0
ship 652.0 711.0 671.0 762.0
