airplane 118.0 575.0 138.0 598.0
airplane 129.0 565.0 154.0 590.0
airplane 114.0 544.0 146.0 567.0
airplane 144.0 539.0 168.0 561.0
airplane 114.0 521.0 142.0 549.0
airplane 133.0 500.0 154.0 522.0
airplane 147.0 512.0 177.0 536.0
airplane 145.0 487.0 179.0 516.0
airplane 130.0 471.0 156.0 493.0
airplane 152.0 469.0 175.0 491.0
airplane 160.0 456.0 194.0 488.0
airplane 163.0 442.0 189.0 465.0
airplane 178.0 408.0 223.0 443.0
airplane 202.0 377.0 231.0 403.0
airplane 200.0 358.0 232.0 384.0
airplane 210.0 303.0 259.0 353.0
airplane 8.0 352.0 47.0 386.0
airplane 26.0 305.0 65.0 338.0
airplane 59.0 314.0 80.0 333.0
airplane 329.0 540.0 350.0 573.0
airplane 354.0 536.0 379.0 570.0
airplane 384.0 536.0 417.0 581.0
airplane 500.0 579.0 544.0 638.0
airplane 547.0 602.0 578.0 637.0
airplane 723.0 706.0 763.0 767.0
airplane 481.0 443.0 525.0 499.0
airplane 530.0 481.0 561.0 519.0
airplane 578.0 497.0 613.0 529.0
airplane 594.0 275.0 646.0 318.0
airplane 336.0 119.0 381.0 171.0
airplane 380.0 109.0 423.0 166.0
airplane 380.0 76.0 425.0 129.0
airplane 135.0 112.0 155.0 141.0
airplane 154.0 107.0 176.0 133.0
airplane 134.0 87.0 155.0 114.0
airplane 153.0 85.0 175.0 112.0
airplane 159.0 49.0 194.0 83.0
airplane 582.0 612.0 615.0 646.0
airplane 682.0 380.0 705.0 408.0
airplane 685.0 477.0 708.0 501.0
airplane 765.0 478.0 789.0 502.0
airplane 775.0 451.0 797.0 472.0
airplane 708.0 420.0 731.0 447.0
airplane 679.0 415.0 701.0 434.0
airplane 658.0 372.0 679.0 398.0
airplane 643.0 641.0 667.0 665.0
