harbor 657.0 290.0 736.0 583.0
harbor 47.0 447.0 160.0 615.0
harbor 577.0 105.0 731.0 289.0
harbor 161.0 66.0 410.0 293.0
harbor 227.0 128.0 482.0 368.0
harbor 295.0 205.0 544.0 424.0
harbor 336.0 357.0 472.0 481.0
harbor 393.0 307.0 576.0 529.0
harbor 385.0 583.0 615.0 685.0
harbor 442.0 505.0 585.0 586.0
harbor 486.0 719.0 516.0 786.0
ship 27.0 117.0 43.0 123.0
ship 190.0 116.0 202.0 126.0
ship 65.0 449.0 74.0 466.0
ship 103.0 490.0 112.0 507.0
ship 148.0 497.0 156.0 512.0
ship 52.0 473.0 59.0 488.0
ship 291.0 400.0 317.0 429.0
ship 242.0 308.0 261.0 331.0
ship 250.0 303.0 268.0 325.0
ship 272.0 328.0 290.0 349.0
ship 276.0 285.0 294.0 305.0
ship 291.0 271.0 306.0 290.0
ship 310.0 295.0 326.0 313.0
ship 320.0 290.0 335.0 307.0
ship 315.0 254.0 331.0 271.0
ship 319.0 243.0 340.0 265.0
ship 284.0 280.0 300.0 299.0
ship 342.0 270.0 360.0 288.0
ship 348.0 224.0 366.0 242.0
ship 358.0 258.0 374.0 272.0
ship 368.0 190.0 387.0 213.0
ship 375.0 229.0 393.0 249.0
ship 412.0 276.0 439.0 304.0
ship 434.0 279.0 449.0 296.0
ship 440.0 268.0 458.0 287.0
ship 391.0 214.0 412.0 238.0
ship 398.0 208.0 415.0 226.0
ship 404.0 202.0 427.0 223.0
ship 415.0 193.0 432.0 214.0
ship 430.0 180.0 448.0 201.0
ship 462.0 248.0 480.0 267.0
ship 471.0 235.0 496.0 259.0
ship 493.0 220.0 513.0 241.0
ship 384.0 509.0 404.0 530.0
ship 394.0 504.0 408.0 518.0
ship 401.0 497.0 417.0 512.0
ship 416.0 483.0 434.0 502.0
ship 425.0 477.0 439.0 493.0
ship 434.0 471.0 446.0 487.0
ship 545.0 313.0 568.0 336.0
ship 503.0 347.0 526.0 373.0
ship 515.0 342.0 535.0 364.0
ship 530.0 328.0 551.0 349.0
ship 526.0 338.0 542.0 358.0
ship 679.0 306.0 710.0 323.0
ship 685.0 343.0 703.0 354.0
ship 680.0 351.0 695.0 363.0
ship 684.0 388.0 701.0 398.0
ship 657.0 403.0 673.0 416.0
ship 677.0 503.0 684.0 520.0
ship 437.0 550.0 450.0 572.0
ship 341.0 442.0 355.0 458.0
ship 448.0 351.0 463.0 366.0
ship 425.0 405.0 437.0 419.0
ship 416.0 410.0 430.0 424.0
ship 404.0 421.0 419.0 438.0
ship 378.0 445.0 391.0 460.0
ship 371.0 452.0 384.0 464.0
ship 305.0 298.0 437.0 407.0
ship 289.0 319.0 302.0 333.0
ship 398.0 161.0 419.0 185.0
ship 407.0 154.0 423.0 171.0
ship 415.0 147.0 436.0 170.0
ship 424.0 141.0 444.0 163.0
ship 505.0 251.0 528.0 275.0
ship 498.0 258.0 509.0 270.0
ship 513.0 243.0 534.0 266.0
ship 520.0 236.0 544.0 261.0
ship 482.0 270.0 500.0 290.0
ship 477.0 279.0 495.0 300.0
ship 468.0 285.0 490.0 309.0
ship 461.0 293.0 478.0 313.0
ship 451.0 297.0 472.0 320.0
ship 439.0 309.0 461.0 333.0
ship 427.0 367.0 441.0 384.0
ship 419.0 371.0 436.0 389.0
ship 411.0 377.0 429.0 395.0
ship 393.0 395.0 410.0 412.0
ship 388.0 402.0 403.0 419.0
ship 380.0 408.0 395.0 423.0
ship 375.0 414.0 388.0 429.0
ship 368.0 421.0 382.0 435.0
ship 359.0 423.0 375.0 441.0
ship 437.0 391.0 451.0 408.0
ship 444.0 386.0 456.0 400.0
ship 450.0 380.0 465.0 397.0
ship 458.0 375.0 470.0 387.0
ship 464.0 371.0 476.0 385.0
ship 405.0 300.0 416.0 314.0
ship 413.0 296.0 424.0 308.0
ship 427.0 312.0 436.0 323.0
ship 418.0 318.0 432.0 331.0
ship 392.0 313.0 403.0 324.0
ship 408.0 329.0 418.0 341.0
ship 401.0 335.0 412.0 346.0
ship 393.0 340.0 407.0 353.0
ship 387.0 346.0 400.0 357.0
ship 382.0 350.0 393.0 361.0
ship 375.0 356.0 388.0 369.0
ship 363.0 365.0 376.0 380.0
ship 356.0 371.0 368.0 385.0
ship 351.0 378.0 362.0 389.0
ship 348.0 386.0 357.0 394.0
ship 339.0 389.0 351.0 402.0
ship 332.0 394.0 345.0 406.0
ship 315.0 411.0 324.0 424.0
ship 381.0 324.0 392.0 335.0
ship 376.0 329.0 383.0 339.0
ship 369.0 337.0 379.0 346.0
ship 349.0 350.0 360.0 362.0
ship 341.0 354.0 356.0 369.0
ship 330.0 366.0 342.0 378.0
ship 318.0 379.0 329.0 390.0
ship 312.0 384.0 320.0 392.0
ship 305.0 389.0 316.0 400.0
ship 561.0 345.0 589.0 376.0
ship 553.0 354.0 578.0 384.0
ship 543.0 360.0 568.0 387.0
ship 534.0 367.0 563.0 398.0
ship 526.0 374.0 557.0 407.0
ship 517.0 382.0 543.0 411.0
ship 509.0 388.0 537.0 419.0
ship 495.0 392.0 504.0 401.0
ship 505.0 404.0 521.0 422.0
ship 505.0 420.0 512.0 430.0
ship 497.0 422.0 505.0 433.0
ship 482.0 423.0 497.0 442.0
ship 474.0 429.0 492.0 448.0
ship 467.0 438.0 483.0 455.0
ship 460.0 442.0 475.0 461.0
ship 450.0 448.0 467.0 468.0
ship 445.0 455.0 460.0 474.0
ship 468.0 459.0 495.0 482.0
ship 493.0 444.0 511.0 460.0
ship 533.0 513.0 545.0 535.0
ship 517.0 523.0 526.0 539.0
ship 502.0 530.0 512.0 549.0
ship 486.0 534.0 496.0 551.0
ship 479.0 539.0 487.0 556.0
ship 473.0 542.0 480.0 557.0
ship 464.0 568.0 471.0 582.0
ship 487.0 561.0 497.0 580.0
ship 542.0 546.0 550.0 561.0
ship 533.0 545.0 539.0 558.0
ship 564.0 531.0 572.0 546.0
ship 109.0 465.0 117.0 479.0
ship 137.0 469.0 145.0 484.0
ship 122.0 490.0 128.0 505.0
ship 47.0 452.0 56.0 468.0
ship 702.0 455.0 719.0 461.0
ship 698.0 482.0 711.0 488.0
ship 576.0 463.0 589.0 473.0
