vehicle 154.0 707.0 166.0 726.0
vehicle 164.0 709.0 178.0 729.0
harbor 1.0 39.0 71.0 186.0
harbor 1.0 118.0 224.0 386.0
harbor 129.0 211.0 342.0 490.0
harbor 234.0 261.0 439.0 531.0
harbor 329.0 327.0 538.0 594.0
harbor 458.0 391.0 636.0 661.0
harbor 533.0 465.0 737.0 720.0
harbor 640.0 541.0 800.0 800.0
ship 18.0 41.0 72.0 78.0
ship 19.0 67.0 61.0 98.0
ship 12.0 88.0 50.0 116.0
ship 1.0 103.0 36.0 129.0
ship 126.0 131.0 162.0 157.0
ship 164.0 157.0 201.0 185.0
ship 185.0 134.0 221.0 170.0
ship 119.0 147.0 150.0 170.0
ship 107.0 155.0 139.0 181.0
ship 101.0 170.0 131.0 196.0
ship 87.0 181.0 123.0 209.0
ship 81.0 199.0 115.0 222.0
ship 75.0 215.0 105.0 237.0
ship 62.0 226.0 94.0 248.0
ship 59.0 243.0 88.0 264.0
ship 45.0 251.0 78.0 277.0
ship 39.0 266.0 71.0 291.0
ship 24.0 279.0 60.0 302.0
ship 18.0 294.0 51.0 317.0
ship 9.0 306.0 44.0 330.0
ship 1.0 319.0 33.0 345.0
ship 1.0 335.0 24.0 357.0
ship 160.0 176.0 192.0 203.0
ship 146.0 193.0 180.0 217.0
ship 129.0 205.0 177.0 235.0
ship 120.0 222.0 159.0 250.0
ship 98.0 252.0 141.0 280.0
ship 92.0 273.0 130.0 299.0
ship 71.0 305.0 111.0 333.0
ship 59.0 321.0 101.0 348.0
ship 49.0 337.0 85.0 364.0
ship 37.0 352.0 78.0 384.0
ship 261.0 220.0 294.0 263.0
ship 299.0 242.0 329.0 286.0
ship 234.0 261.0 269.0 287.0
ship 267.0 304.0 290.0 320.0
ship 260.0 315.0 285.0 333.0
ship 251.0 326.0 277.0 344.0
ship 212.0 290.0 249.0 318.0
ship 203.0 309.0 239.0 336.0
ship 188.0 321.0 232.0 351.0
ship 185.0 343.0 218.0 369.0
ship 174.0 360.0 207.0 384.0
ship 163.0 374.0 198.0 398.0
ship 134.0 426.0 166.0 450.0
ship 237.0 347.0 266.0 368.0
ship 221.0 374.0 249.0 393.0
ship 211.0 388.0 238.0 406.0
ship 205.0 401.0 230.0 419.0
ship 198.0 414.0 224.0 432.0
ship 189.0 427.0 216.0 447.0
ship 174.0 452.0 197.0 470.0
ship 234.0 486.0 268.0 508.0
ship 248.0 474.0 273.0 494.0
ship 255.0 462.0 284.0 482.0
ship 278.0 422.0 308.0 443.0
ship 285.0 408.0 316.0 428.0
ship 294.0 394.0 325.0 415.0
ship 301.0 379.0 335.0 402.0
ship 315.0 370.0 343.0 390.0
ship 330.0 344.0 354.0 360.0
ship 274.0 513.0 299.0 533.0
ship 282.0 502.0 305.0 518.0
ship 289.0 490.0 312.0 507.0
ship 297.0 476.0 324.0 496.0
ship 304.0 464.0 325.0 479.0
ship 313.0 452.0 334.0 469.0
ship 320.0 439.0 347.0 459.0
ship 328.0 426.0 356.0 445.0
ship 335.0 412.0 364.0 432.0
ship 343.0 398.0 373.0 417.0
ship 356.0 388.0 374.0 399.0
ship 368.0 359.0 396.0 379.0
ship 381.0 335.0 406.0 351.0
ship 357.0 262.0 392.0 312.0
ship 401.0 292.0 432.0 335.0
ship 470.0 331.0 497.0 374.0
ship 485.0 348.0 515.0 386.0
ship 502.0 359.0 533.0 399.0
ship 482.0 398.0 514.0 423.0
ship 445.0 377.0 475.0 396.0
ship 431.0 389.0 466.0 410.0
ship 475.0 415.0 505.0 436.0
ship 464.0 428.0 495.0 451.0
ship 419.0 418.0 448.0 438.0
ship 411.0 431.0 440.0 452.0
ship 403.0 443.0 429.0 464.0
ship 453.0 444.0 485.0 470.0
ship 441.0 460.0 474.0 486.0
ship 432.0 476.0 462.0 500.0
ship 424.0 492.0 457.0 517.0
ship 414.0 509.0 445.0 534.0
ship 373.0 501.0 398.0 518.0
ship 402.0 525.0 434.0 550.0
ship 392.0 538.0 427.0 567.0
ship 384.0 557.0 415.0 582.0
ship 370.0 571.0 403.0 593.0
ship 597.0 423.0 627.0 465.0
ship 531.0 454.0 567.0 501.0
ship 490.0 526.0 516.0 570.0
ship 460.0 577.0 488.0 617.0
ship 561.0 490.0 587.0 513.0
ship 578.0 463.0 607.0 484.0
ship 554.0 507.0 577.0 523.0
ship 542.0 518.0 570.0 539.0
ship 536.0 532.0 563.0 548.0
ship 527.0 543.0 556.0 564.0
ship 511.0 568.0 531.0 586.0
ship 501.0 584.0 525.0 603.0
ship 486.0 609.0 515.0 630.0
ship 550.0 649.0 578.0 668.0
ship 532.0 674.0 561.0 695.0
ship 568.0 696.0 601.0 719.0
ship 577.0 681.0 610.0 705.0
ship 588.0 667.0 620.0 694.0
ship 570.0 625.0 593.0 644.0
ship 602.0 642.0 630.0 662.0
ship 611.0 628.0 644.0 653.0
ship 585.0 599.0 611.0 616.0
ship 590.0 581.0 617.0 602.0
ship 637.0 588.0 664.0 611.0
ship 630.0 602.0 652.0 617.0
ship 620.0 615.0 649.0 635.0
ship 618.0 545.0 641.0 561.0
ship 651.0 564.0 682.0 584.0
ship 658.0 551.0 688.0 568.0
ship 623.0 530.0 653.0 550.0
ship 633.0 516.0 661.0 536.0
ship 668.0 536.0 696.0 557.0
ship 678.0 526.0 701.0 542.0
ship 651.0 491.0 678.0 509.0
ship 693.0 496.0 727.0 521.0
ship 688.0 513.0 710.0 530.0
ship 683.0 467.0 729.0 500.0
ship 732.0 542.0 765.0 593.0
ship 770.0 566.0 793.0 585.0
ship 706.0 598.0 736.0 636.0
ship 676.0 642.0 708.0 685.0
ship 646.0 703.0 672.0 741.0
ship 772.0 697.0 791.0 725.0
ship 742.0 729.0 769.0 773.0
