ship 157.0 372.0 493.0 434.0
ship 57.0 435.0 241.0 475.0
ship 247.0 435.0 356.0 471.0
ship 559.0 441.0 614.0 461.0
storagetank 25.0 561.0 139.0 690.0
storagetank 336.0 521.0 405.0 591.0
storagetank 447.0 588.0 516.0 662.0
storagetank 519.0 609.0 575.0 673.0
storagetank 555.0 595.0 569.0 609.0
storagetank 573.0 597.0 583.0 607.0
storagetank 648.0 526.0 667.0 545.0
storagetank 700.0 497.0 720.0 519.0
storagetank 703.0 544.0 721.0 568.0
storagetank 741.0 595.0 788.0 646.0
storagetank 689.0 608.0 727.0 647.0
storagetank 632.0 609.0 669.0 649.0
storagetank 580.0 612.0 621.0 652.0
storagetank 714.0 697.0 779.0 761.0
storagetank 629.0 700.0 701.0 772.0
storagetank 542.0 702.0 595.0 752.0
storagetank 493.0 731.0 541.0 776.0
storagetank 445.0 699.0 492.0 746.0
