harbor 269.0 146.0 376.0 190.0
harbor 226.0 209.0 355.0 270.0
harbor 190.0 265.0 273.0 348.0
harbor 84.0 439.0 176.0 512.0
vehicle 335.0 665.0 347.0 682.0
vehicle 261.0 686.0 274.0 694.0
vehicle 261.0 703.0 278.0 709.0
vehicle 258.0 718.0 275.0 726.0
vehicle 592.0 555.0 611.0 565.0
vehicle 591.0 569.0 611.0 579.0
vehicle 474.0 401.0 491.0 418.0
vehicle 485.0 394.0 501.0 415.0
vehicle 583.0 396.0 601.0 405.0
vehicle 491.0 106.0 507.0 112.0
vehicle 489.0 117.0 497.0 129.0
harbor 100.0 627.0 177.0 655.0
harbor 273.0 87.0 356.0 126.0
vehicle 474.0 467.0 485.0 484.0
ship 276.0 148.0 322.0 163.0
ship 268.0 167.0 321.0 195.0
ship 250.0 206.0 288.0 233.0
ship 223.0 220.0 276.0 250.0
ship 185.0 279.0 220.0 317.0
ship 204.0 295.0 241.0 338.0
ship 95.0 440.0 130.0 489.0
