harbor 156.0 339.0 647.0 528.0
harbor 125.0 585.0 651.0 788.0
ship 664.0 528.0 713.0 708.0
harbor 23.0 152.0 571.0 245.0
ship 145.0 596.0 165.0 643.0
ship 175.0 597.0 193.0 643.0
ship 225.0 603.0 242.0 653.0
ship 246.0 611.0 260.0 652.0
ship 187.0 664.0 205.0 708.0
ship 288.0 680.0 309.0 736.0
ship 298.0 616.0 317.0 667.0
ship 328.0 616.0 347.0 666.0
ship 350.0 622.0 367.0 669.0
ship 402.0 632.0 415.0 678.0
ship 392.0 699.0 410.0 735.0
ship 423.0 700.0 444.0 746.0
ship 428.0 637.0 450.0 682.0
ship 453.0 639.0 469.0 680.0
ship 444.0 701.0 466.0 742.0
ship 484.0 643.0 500.0 684.0
ship 507.0 645.0 519.0 686.0
ship 555.0 652.0 572.0 695.0
ship 583.0 651.0 602.0 701.0
ship 523.0 713.0 546.0 765.0
ship 547.0 717.0 564.0 760.0
ship 579.0 722.0 593.0 764.0
ship 626.0 721.0 648.0 779.0
ship 190.0 418.0 213.0 470.0
ship 175.0 349.0 196.0 395.0
ship 205.0 365.0 221.0 400.0
ship 227.0 358.0 243.0 396.0
ship 255.0 354.0 277.0 409.0
ship 282.0 360.0 297.0 406.0
ship 306.0 366.0 328.0 416.0
ship 331.0 371.0 350.0 415.0
ship 384.0 374.0 399.0 422.0
ship 409.0 379.0 433.0 431.0
ship 433.0 390.0 451.0 427.0
ship 482.0 389.0 503.0 439.0
ship 515.0 407.0 531.0 445.0
ship 535.0 392.0 556.0 445.0
ship 566.0 404.0 584.0 446.0
ship 589.0 405.0 605.0 450.0
ship 619.0 408.0 636.0 455.0
