airplane 316.0 105.0 384.0 172.0
airplane 485.0 142.0 567.0 209.0
airplane 607.0 161.0 681.0 225.0
airplane 380.0 286.0 413.0 325.0
airplane 432.0 294.0 469.0 335.0
airplane 482.0 310.0 526.0 351.0
airplane 542.0 337.0 585.0 368.0
airplane 288.0 412.0 321.0 454.0
airplane 341.0 423.0 378.0 466.0
airplane 470.0 458.0 511.0 492.0
airplane 215.0 461.0 257.0 503.0
airplane 267.0 474.0 308.0 521.0
airplane 339.0 603.0 372.0 648.0
airplane 152.0 672.0 188.0 712.0
airplane 205.0 680.0 241.0 720.0
airplane 259.0 691.0 292.0 733.0
airplane 311.0 718.0 336.0 744.0
