ship 550.0 452.0 634.0 472.0
ship 265.0 642.0 297.0 653.0
ship 454.0 638.0 482.0 647.0
vehicle 224.0 773.0 234.0 788.0
vehicle 4.0 77.0 13.0 96.0
vehicle 14.0 78.0 23.0 94.0
vehicle 26.0 77.0 34.0 94.0
vehicle 38.0 79.0 46.0 94.0
vehicle 44.0 49.0 62.0 54.0
vehicle 44.0 36.0 63.0 43.0
vehicle 46.0 26.0 64.0 33.0
vehicle 722.0 324.0 729.0 340.0
vehicle 771.0 340.0 779.0 359.0
tenniscourt 567.0 317.0 613.0 404.0
tenniscourt 620.0 323.0 668.0 409.0
tenniscourt 572.0 172.0 618.0 258.0
tenniscourt 626.0 168.0 670.0 254.0
tenniscourt 555.0 41.0 603.0 126.0
tenniscourt 608.0 36.0 655.0 121.0
harbor 76.0 254.0 329.0 503.0
harbor 9.0 127.0 424.0 188.0
harbor 388.0 244.0 499.0 442.0
ship 4.0 229.0 62.0 278.0
ship 326.0 129.0 346.0 183.0
ship 163.0 132.0 183.0 186.0
ship 256.0 132.0 276.0 186.0
ship 301.0 129.0 321.0 183.0
ship 280.0 126.0 300.0 180.0
ship 70.0 133.0 89.0 183.0
ship 189.0 136.0 208.0 186.0
ship 142.0 134.0 161.0 184.0
ship 345.0 128.0 363.0 173.0
ship 210.0 132.0 228.0 177.0
ship 117.0 134.0 135.0 179.0
ship 98.0 134.0 116.0 179.0
ship 236.0 134.0 254.0 173.0
ship 391.0 127.0 409.0 166.0
ship 52.0 140.0 70.0 179.0
ship 15.0 138.0 44.0 175.0
ship 197.0 262.0 274.0 284.0
ship 211.0 323.0 293.0 347.0
ship 216.0 352.0 298.0 376.0
ship 232.0 440.0 314.0 464.0
ship 144.0 477.0 222.0 503.0
ship 113.0 401.0 200.0 425.0
ship 77.0 285.0 191.0 311.0
ship 76.0 320.0 201.0 354.0
ship 98.0 365.0 203.0 390.0
ship 41.0 506.0 60.0 530.0
ship 385.0 246.0 442.0 274.0
ship 398.0 299.0 459.0 334.0
ship 412.0 351.0 470.0 383.0
ship 262.0 472.0 328.0 494.0
ship 34.0 219.0 52.0 236.0
