airplane 90.0 286.0 125.0 317.0
airplane 19.0 436.0 37.0 454.0
airplane 23.0 456.0 40.0 475.0
airplane 28.0 484.0 44.0 502.0
airplane 225.0 509.0 240.0 524.0
airplane 249.0 516.0 267.0 533.0
airplane 273.0 522.0 289.0 536.0
airplane 296.0 522.0 317.0 540.0
airplane 296.0 451.0 317.0 476.0
airplane 326.0 451.0 346.0 474.0
airplane 378.0 475.0 397.0 487.0
airplane 431.0 441.0 445.0 458.0
airplane 235.0 322.0 268.0 354.0
airplane 293.0 372.0 310.0 391.0
airplane 260.0 231.0 291.0 262.0
airplane 497.0 332.0 521.0 359.0
airplane 526.0 353.0 540.0 373.0
airplane 547.0 351.0 583.0 391.0
airplane 576.0 341.0 591.0 360.0
airplane 523.0 282.0 543.0 302.0
airplane 407.0 291.0 430.0 308.0
airplane 172.0 212.0 187.0 226.0
airplane 185.0 200.0 200.0 215.0
airplane 239.0 209.0 253.0 221.0
airplane 292.0 211.0 322.0 250.0
airplane 326.0 211.0 345.0 234.0
airplane 402.0 168.0 421.0 188.0
airplane 258.0 140.0 274.0 155.0
airplane 219.0 81.0 239.0 101.0
airplane 240.0 102.0 257.0 121.0
airplane 263.0 21.0 283.0 38.0
airplane 423.0 765.0 447.0 790.0
airplane 724.0 652.0 746.0 677.0
airplane 771.0 719.0 786.0 736.0
