airplane 204.0 230.0 313.0 325.0
airplane 201.0 333.0 308.0 430.0
airplane 436.0 298.0 514.0 368.0
airplane 439.0 392.0 520.0 460.0
airplane 698.0 60.0 799.0 154.0
airplane 683.0 377.0 788.0 468.0
airplane 677.0 480.0 783.0 576.0
airplane 19.0 691.0 105.0 772.0
airplane 114.0 681.0 201.0 769.0
airplane 231.0 694.0 314.0 783.0
airplane 317.0 686.0 410.0 791.0
airplane 425.0 702.0 522.0 800.0
airplane 553.0 705.0 636.0 793.0
airplane 654.0 700.0 750.0 800.0
vehicle 414.0 357.0 424.0 388.0
airplane 203.0 459.0 300.0 567.0
vehicle 189.0 488.0 201.0 498.0
vehicle 134.0 665.0 139.0 677.0
vehicle 619.0 578.0 622.0 587.0
vehicle 587.0 599.0 594.0 603.0
vehicle 696.0 598.0 707.0 604.0
vehicle 719.0 598.0 727.0 602.0
vehicle 731.0 597.0 739.0 602.0
vehicle 751.0 598.0 759.0 602.0
vehicle 775.0 595.0 779.0 603.0
vehicle 726.0 692.0 743.0 700.0
vehicle 657.0 688.0 660.0 696.0
vehicle 639.0 686.0 642.0 695.0
vehicle 735.0 336.0 737.0 343.0
vehicle 742.0 335.0 746.0 343.0
vehicle 749.0 335.0 753.0 344.0
vehicle 758.0 332.0 761.0 340.0
vehicle 765.0 331.0 770.0 342.0
vehicle 672.0 330.0 677.0 339.0
vehicle 684.0 331.0 688.0 340.0
vehicle 692.0 332.0 696.0 342.0
