harbor 214.0 139.0 757.0 224.0
harbor 151.0 278.0 764.0 381.0
harbor 63.0 431.0 773.0 545.0
harbor 38.0 605.0 772.0 722.0
ship 216.0 144.0 230.0 181.0
ship 236.0 195.0 250.0 225.0
ship 260.0 142.0 271.0 177.0
ship 259.0 190.0 270.0 225.0
ship 278.0 143.0 289.0 178.0
ship 318.0 141.0 329.0 176.0
ship 380.0 139.0 391.0 174.0
ship 398.0 187.0 409.0 222.0
ship 421.0 188.0 433.0 227.0
ship 438.0 187.0 450.0 226.0
ship 459.0 144.0 471.0 180.0
ship 462.0 184.0 474.0 220.0
ship 600.0 141.0 612.0 177.0
ship 701.0 183.0 713.0 219.0
ship 720.0 184.0 732.0 220.0
ship 180.0 291.0 194.0 321.0
ship 249.0 338.0 263.0 380.0
ship 266.0 337.0 280.0 379.0
ship 292.0 287.0 305.0 321.0
ship 311.0 282.0 327.0 327.0
ship 309.0 332.0 325.0 377.0
ship 335.0 286.0 349.0 322.0
ship 352.0 287.0 366.0 323.0
ship 372.0 280.0 389.0 325.0
ship 371.0 334.0 388.0 379.0
ship 395.0 332.0 412.0 377.0
ship 421.0 340.0 434.0 379.0
ship 462.0 282.0 475.0 321.0
ship 505.0 281.0 518.0 320.0
ship 506.0 337.0 519.0 376.0
ship 542.0 333.0 560.0 379.0
ship 672.0 285.0 691.0 322.0
ship 672.0 335.0 687.0 378.0
ship 163.0 428.0 180.0 480.0
ship 141.0 439.0 155.0 483.0
ship 268.0 437.0 282.0 481.0
ship 293.0 438.0 307.0 475.0
ship 249.0 494.0 264.0 537.0
ship 292.0 493.0 307.0 536.0
ship 310.0 445.0 325.0 485.0
ship 313.0 493.0 328.0 533.0
ship 351.0 443.0 366.0 483.0
ship 355.0 493.0 370.0 533.0
ship 394.0 445.0 409.0 485.0
ship 396.0 493.0 411.0 533.0
ship 440.0 439.0 455.0 479.0
ship 461.0 440.0 476.0 480.0
ship 438.0 492.0 453.0 532.0
ship 463.0 498.0 478.0 538.0
ship 481.0 495.0 496.0 535.0
ship 546.0 440.0 561.0 480.0
ship 545.0 494.0 560.0 534.0
ship 589.0 438.0 604.0 478.0
ship 591.0 493.0 606.0 533.0
ship 611.0 495.0 626.0 535.0
ship 634.0 440.0 649.0 480.0
ship 652.0 439.0 667.0 479.0
ship 652.0 492.0 667.0 532.0
ship 674.0 491.0 689.0 531.0
ship 675.0 438.0 690.0 478.0
ship 697.0 431.0 712.0 480.0
ship 693.0 488.0 708.0 537.0
ship 734.0 443.0 750.0 480.0
ship 740.0 487.0 757.0 535.0
ship 674.0 612.0 686.0 652.0
