ship 588.0 11.0 672.0 37.0
harbor 553.0 214.0 774.0 381.0
harbor 462.0 452.0 727.0 639.0
ship 736.0 422.0 784.0 441.0
harbor 506.0 670.0 720.0 770.0
ship 705.0 214.0 734.0 310.0
ship 753.0 278.0 772.0 313.0
ship 730.0 267.0 747.0 311.0
ship 663.0 266.0 677.0 303.0
ship 623.0 289.0 659.0 305.0
ship 736.0 324.0 752.0 363.0
ship 723.0 366.0 744.0 399.0
ship 720.0 325.0 734.0 360.0
ship 695.0 325.0 711.0 364.0
ship 679.0 321.0 695.0 360.0
ship 649.0 320.0 670.0 367.0
ship 618.0 313.0 639.0 360.0
ship 560.0 317.0 581.0 364.0
ship 569.0 279.0 618.0 378.0
ship 706.0 453.0 722.0 487.0
ship 748.0 446.0 800.0 470.0
ship 748.0 510.0 800.0 533.0
ship 705.0 493.0 724.0 530.0
ship 680.0 491.0 704.0 530.0
ship 650.0 488.0 678.0 537.0
ship 625.0 468.0 657.0 541.0
ship 555.0 502.0 581.0 542.0
ship 461.0 540.0 494.0 641.0
ship 502.0 560.0 524.0 634.0
ship 535.0 563.0 554.0 617.0
ship 559.0 564.0 577.0 604.0
ship 577.0 562.0 599.0 615.0
ship 601.0 559.0 626.0 617.0
ship 639.0 551.0 667.0 602.0
ship 537.0 677.0 553.0 717.0
ship 505.0 696.0 539.0 753.0
ship 560.0 722.0 584.0 772.0
ship 631.0 712.0 652.0 757.0
