harbor 11.0 82.0 789.0 619.0
ship 23.0 332.0 55.0 417.0
ship 55.0 325.0 89.0 427.0
ship 89.0 326.0 120.0 429.0
ship 121.0 317.0 148.0 427.0
ship 165.0 318.0 200.0 416.0
ship 197.0 310.0 218.0 396.0
ship 231.0 327.0 250.0 405.0
ship 258.0 337.0 281.0 411.0
ship 284.0 314.0 318.0 416.0
ship 316.0 302.0 342.0 390.0
ship 339.0 211.0 379.0 384.0
ship 446.0 155.0 482.0 285.0
ship 483.0 167.0 508.0 275.0
ship 426.0 148.0 471.0 417.0
ship 589.0 324.0 618.0 412.0
ship 634.0 319.0 661.0 388.0
ship 694.0 295.0 720.0 399.0
ship 734.0 288.0 760.0 386.0
ship 747.0 453.0 789.0 579.0
ship 718.0 504.0 760.0 611.0
ship 677.0 467.0 708.0 585.0
ship 630.0 461.0 660.0 587.0
ship 584.0 504.0 613.0 589.0
ship 550.0 459.0 581.0 595.0
ship 504.0 467.0 544.0 553.0
ship 439.0 474.0 463.0 569.0
ship 398.0 498.0 423.0 595.0
ship 358.0 493.0 394.0 622.0
ship 268.0 516.0 287.0 585.0
ship 234.0 475.0 261.0 573.0
ship 197.0 472.0 231.0 574.0
ship 151.0 468.0 184.0 550.0
ship 84.0 455.0 123.0 552.0
ship 55.0 457.0 96.0 550.0
ship 18.0 454.0 55.0 563.0
