bridge 40.0 30.0 142.0 770.0
harbor 299.0 45.0 423.0 220.0
harbor 434.0 44.0 580.0 309.0
harbor 611.0 17.0 767.0 296.0
ship 300.0 54.0 349.0 74.0
ship 359.0 53.0 420.0 74.0
ship 310.0 102.0 345.0 115.0
ship 369.0 99.0 406.0 115.0
ship 298.0 123.0 356.0 145.0
ship 301.0 172.0 357.0 193.0
ship 435.0 45.0 501.0 69.0
ship 519.0 44.0 573.0 63.0
ship 472.0 75.0 502.0 89.0
ship 526.0 74.0 551.0 87.0
ship 529.0 90.0 560.0 104.0
ship 469.0 122.0 501.0 138.0
ship 519.0 112.0 570.0 133.0
ship 527.0 138.0 568.0 154.0
ship 473.0 169.0 505.0 184.0
ship 526.0 166.0 567.0 183.0
ship 469.0 188.0 514.0 204.0
ship 528.0 185.0 573.0 201.0
ship 469.0 214.0 521.0 232.0
ship 478.0 235.0 508.0 251.0
ship 534.0 258.0 552.0 275.0
ship 480.0 283.0 570.0 309.0
ship 457.0 257.0 518.0 281.0
ship 623.0 38.0 656.0 53.0
ship 692.0 18.0 716.0 28.0
ship 675.0 38.0 740.0 59.0
ship 676.0 65.0 747.0 88.0
ship 619.0 88.0 655.0 101.0
ship 621.0 112.0 659.0 129.0
ship 609.0 135.0 660.0 151.0
ship 677.0 151.0 746.0 174.0
ship 628.0 163.0 659.0 177.0
ship 616.0 182.0 666.0 198.0
ship 681.0 188.0 740.0 209.0
ship 630.0 210.0 659.0 223.0
ship 679.0 217.0 721.0 233.0
ship 617.0 253.0 669.0 272.0
ship 681.0 250.0 736.0 269.0
ship 690.0 276.0 763.0 297.0
ship 619.0 277.0 689.0 301.0
ship 672.0 91.0 758.0 119.0
ship 683.0 122.0 743.0 147.0
