airplane 88.0 689.0 149.0 752.0
airplane 218.0 609.0 281.0 670.0
airplane 286.0 571.0 343.0 628.0
airplane 363.0 519.0 420.0 582.0
airplane 463.0 437.0 521.0 500.0
airplane 580.0 355.0 643.0 431.0
airplane 707.0 293.0 764.0 361.0
vehicle 115.0 619.0 140.0 637.0
vehicle 72.0 581.0 99.0 594.0
vehicle 15.0 663.0 35.0 689.0
vehicle 34.0 686.0 53.0 712.0
vehicle 66.0 739.0 81.0 760.0
vehicle 71.0 395.0 97.0 413.0
vehicle 91.0 365.0 109.0 389.0
vehicle 240.0 394.0 259.0 419.0
vehicle 53.0 341.0 78.0 360.0
vehicle 155.0 218.0 174.0 231.0
vehicle 172.0 246.0 192.0 263.0
vehicle 778.0 171.0 800.0 191.0
vehicle 232.0 306.0 242.0 318.0
vehicle 163.0 233.0 176.0 243.0
vehicle 160.0 148.0 177.0 160.0
vehicle 227.0 253.0 242.0 263.0
vehicle 235.0 259.0 245.0 268.0
vehicle 237.0 266.0 249.0 274.0
vehicle 193.0 274.0 212.0 290.0
vehicle 188.0 274.0 200.0 282.0
vehicle 200.0 290.0 209.0 297.0
vehicle 202.0 296.0 210.0 304.0
vehicle 205.0 282.0 216.0 288.0
vehicle 214.0 305.0 226.0 314.0
vehicle 452.0 261.0 460.0 269.0
vehicle 751.0 713.0 763.0 728.0
vehicle 682.0 167.0 697.0 177.0
vehicle 9.0 24.0 16.0 34.0
vehicle 65.0 40.0 72.0 49.0
