vehicle 68.0 128.0 81.0 146.0
vehicle 88.0 119.0 97.0 142.0
vehicle 140.0 130.0 150.0 154.0
vehicle 223.0 47.0 257.0 61.0
vehicle 468.0 21.0 491.0 39.0
harbor 391.0 141.0 520.0 550.0
harbor 584.0 132.0 709.0 546.0
harbor 118.0 162.0 179.0 509.0
harbor 178.0 143.0 265.0 538.0
harbor 295.0 138.0 348.0 357.0
ship 116.0 320.0 160.0 338.0
ship 192.0 283.0 243.0 300.0
ship 196.0 303.0 240.0 321.0
ship 387.0 220.0 431.0 238.0
ship 387.0 240.0 431.0 258.0
ship 392.0 274.0 436.0 292.0
ship 394.0 296.0 438.0 314.0
ship 391.0 349.0 435.0 367.0
ship 390.0 368.0 434.0 386.0
ship 389.0 386.0 433.0 404.0
ship 390.0 406.0 434.0 424.0
ship 390.0 423.0 434.0 441.0
ship 390.0 441.0 434.0 459.0
ship 389.0 501.0 433.0 519.0
ship 461.0 177.0 509.0 197.0
ship 595.0 332.0 629.0 348.0
ship 599.0 350.0 633.0 366.0
ship 657.0 164.0 691.0 180.0
ship 649.0 180.0 683.0 196.0
ship 192.0 245.0 235.0 260.0
ship 316.0 199.0 350.0 215.0
ship 179.0 38.0 213.0 54.0
ship 190.0 325.0 238.0 343.0
ship 197.0 364.0 245.0 382.0
ship 191.0 390.0 239.0 408.0
ship 192.0 436.0 240.0 454.0
ship 637.0 216.0 685.0 234.0
ship 634.0 254.0 687.0 270.0
ship 578.0 277.0 631.0 293.0
ship 190.0 411.0 250.0 432.0
ship 192.0 457.0 252.0 478.0
ship 191.0 484.0 257.0 509.0
ship 193.0 510.0 259.0 535.0
ship 457.0 488.0 523.0 513.0
ship 455.0 331.0 515.0 353.0
ship 642.0 428.0 708.0 453.0
ship 641.0 454.0 707.0 479.0
ship 642.0 483.0 708.0 508.0
ship 103.0 110.0 126.0 158.0
ship 173.0 83.0 225.0 105.0
ship 332.0 80.0 384.0 102.0
ship 378.0 74.0 430.0 96.0
ship 384.0 22.0 431.0 42.0
ship 384.0 39.0 431.0 59.0
ship 321.0 38.0 365.0 55.0
ship 442.0 24.0 465.0 77.0
ship 396.0 149.0 430.0 165.0
