harbor 488.0 228.0 615.0 552.0
harbor 318.0 284.0 438.0 612.0
harbor 148.0 280.0 278.0 673.0
ship 162.0 296.0 189.0 307.0
ship 213.0 333.0 271.0 354.0
ship 152.0 397.0 205.0 419.0
ship 212.0 422.0 279.0 446.0
ship 154.0 458.0 207.0 480.0
ship 156.0 519.0 209.0 541.0
ship 218.0 530.0 252.0 541.0
ship 219.0 548.0 272.0 570.0
ship 157.0 547.0 210.0 569.0
ship 162.0 579.0 215.0 601.0
ship 150.0 610.0 203.0 632.0
ship 219.0 610.0 276.0 632.0
ship 224.0 641.0 277.0 663.0
ship 317.0 577.0 370.0 599.0
ship 378.0 552.0 437.0 584.0
ship 316.0 547.0 369.0 569.0
ship 316.0 517.0 369.0 539.0
ship 381.0 521.0 434.0 543.0
ship 377.0 486.0 440.0 513.0
ship 317.0 484.0 370.0 506.0
ship 325.0 454.0 371.0 478.0
ship 377.0 457.0 434.0 481.0
ship 380.0 397.0 426.0 421.0
ship 330.0 395.0 376.0 419.0
ship 323.0 329.0 385.0 355.0
ship 329.0 300.0 387.0 323.0
ship 392.0 298.0 437.0 321.0
ship 548.0 341.0 611.0 365.0
ship 485.0 370.0 546.0 395.0
ship 544.0 368.0 596.0 393.0
ship 500.0 403.0 543.0 422.0
ship 554.0 400.0 613.0 419.0
ship 548.0 430.0 607.0 449.0
ship 488.0 430.0 540.0 447.0
ship 485.0 461.0 543.0 484.0
ship 543.0 459.0 608.0 485.0
ship 547.0 494.0 610.0 512.0
ship 483.0 492.0 541.0 513.0
ship 491.0 522.0 543.0 545.0
ship 547.0 521.0 601.0 543.0
ship 187.0 303.0 201.0 332.0
