harbor 224.0 11.0 439.0 139.0
harbor 1.0 171.0 336.0 381.0
ship 679.0 154.0 705.0 176.0
harbor 399.0 284.0 747.0 696.0
harbor 300.0 423.0 330.0 434.0
harbor 286.0 448.0 359.0 474.0
harbor 285.0 535.0 360.0 561.0
harbor 359.0 561.0 417.0 590.0
harbor 390.0 639.0 442.0 667.0
harbor 400.0 669.0 454.0 701.0
vehicle 285.0 663.0 305.0 670.0
vehicle 249.0 639.0 270.0 648.0
vehicle 262.0 766.0 270.0 782.0
vehicle 231.0 730.0 249.0 738.0
vehicle 3.0 750.0 18.0 757.0
vehicle 77.0 538.0 92.0 546.0
vehicle 74.0 557.0 89.0 564.0
ship 599.0 626.0 744.0 696.0
ship 588.0 452.0 655.0 493.0
ship 602.0 471.0 679.0 522.0
ship 491.0 463.0 550.0 502.0
ship 506.0 488.0 565.0 522.0
ship 513.0 511.0 576.0 551.0
ship 551.0 584.0 614.0 618.0
ship 547.0 560.0 597.0 593.0
ship 554.0 606.0 627.0 654.0
ship 533.0 355.0 632.0 412.0
ship 414.0 696.0 468.0 724.0
ship 410.0 335.0 441.0 346.0
ship 415.0 319.0 481.0 341.0
ship 410.0 287.0 477.0 309.0
ship 442.0 366.0 500.0 405.0
ship 521.0 335.0 603.0 387.0
ship 528.0 301.0 598.0 343.0
harbor 355.0 559.0 388.0 576.0
harbor 293.0 476.0 357.0 502.0
harbor 304.0 510.0 357.0 533.0
harbor 334.0 417.0 354.0 425.0
ship 254.0 194.0 308.0 233.0
ship 82.0 194.0 105.0 210.0
ship 118.0 191.0 140.0 208.0
ship 214.0 212.0 242.0 232.0
ship 200.0 202.0 228.0 225.0
ship 163.0 196.0 184.0 214.0
ship 300.0 361.0 333.0 375.0
ship 287.0 316.0 322.0 333.0
ship 270.0 218.0 317.0 257.0
ship 280.0 297.0 317.0 313.0
ship 293.0 339.0 336.0 360.0
ship 272.0 253.0 302.0 268.0
ship 274.0 269.0 313.0 287.0
ship 173.0 206.0 196.0 223.0
ship 74.0 188.0 90.0 200.0
ship 52.0 187.0 75.0 203.0
ship 19.0 183.0 42.0 199.0
ship 41.0 180.0 61.0 197.0
ship 10.0 173.0 29.0 188.0
ship 381.0 22.0 393.0 51.0
