ship 139.0 12.0 161.0 53.0
ship 30.0 187.0 59.0 220.0
ship 282.0 34.0 298.0 77.0
ship 171.0 158.0 183.0 195.0
ship 276.0 199.0 292.0 231.0
ship 382.0 199.0 395.0 236.0
ship 517.0 199.0 547.0 221.0
ship 182.0 301.0 194.0 335.0
ship 108.0 338.0 125.0 373.0
ship 259.0 337.0 287.0 369.0
ship 454.0 295.0 485.0 308.0
ship 352.0 323.0 376.0 349.0
ship 186.0 411.0 207.0 443.0
ship 277.0 441.0 291.0 467.0
ship 113.0 480.0 125.0 506.0
ship 10.0 501.0 26.0 524.0
ship 248.0 535.0 262.0 559.0
ship 361.0 476.0 415.0 497.0
ship 720.0 151.0 756.0 169.0
ship 616.0 207.0 641.0 226.0
ship 583.0 290.0 610.0 306.0
ship 674.0 367.0 696.0 380.0
ship 682.0 381.0 701.0 393.0
ship 582.0 401.0 606.0 415.0
ship 547.0 419.0 568.0 430.0
ship 517.0 429.0 543.0 442.0
ship 528.0 443.0 550.0 456.0
