harbor 78.0 164.0 276.0 267.0
ship 96.0 97.0 117.0 114.0
ship 73.0 26.0 94.0 36.0
ship 26.0 300.0 40.0 322.0
harbor 95.0 274.0 290.0 374.0
harbor 104.0 381.0 302.0 471.0
harbor 116.0 491.0 341.0 659.0
ship 156.0 617.0 185.0 654.0
ship 309.0 551.0 316.0 570.0
ship 318.0 507.0 329.0 544.0
ship 325.0 559.0 334.0 582.0
ship 234.0 501.0 245.0 530.0
ship 204.0 499.0 213.0 534.0
ship 175.0 509.0 183.0 535.0
ship 127.0 509.0 138.0 541.0
ship 133.0 552.0 147.0 601.0
ship 114.0 394.0 125.0 427.0
ship 120.0 444.0 127.0 463.0
ship 138.0 409.0 144.0 426.0
ship 182.0 405.0 187.0 420.0
ship 213.0 397.0 221.0 419.0
ship 258.0 423.0 266.0 447.0
ship 224.0 397.0 229.0 412.0
ship 235.0 396.0 242.0 411.0
ship 104.0 297.0 113.0 325.0
ship 108.0 337.0 119.0 363.0
ship 125.0 338.0 133.0 356.0
ship 119.0 296.0 128.0 321.0
ship 133.0 297.0 143.0 322.0
ship 137.0 330.0 147.0 359.0
ship 148.0 290.0 159.0 320.0
ship 154.0 329.0 163.0 356.0
ship 167.0 330.0 175.0 353.0
ship 185.0 326.0 191.0 351.0
ship 198.0 327.0 206.0 348.0
ship 243.0 323.0 254.0 346.0
ship 209.0 288.0 218.0 312.0
ship 165.0 301.0 170.0 318.0
ship 81.0 234.0 90.0 256.0
ship 224.0 288.0 233.0 314.0
ship 241.0 286.0 248.0 308.0
ship 258.0 276.0 268.0 304.0
ship 265.0 350.0 276.0 373.0
ship 98.0 231.0 109.0 264.0
ship 138.0 224.0 144.0 243.0
ship 170.0 223.0 180.0 245.0
ship 182.0 223.0 190.0 244.0
ship 214.0 220.0 223.0 241.0
ship 251.0 217.0 262.0 242.0
ship 150.0 203.0 179.0 213.0
ship 127.0 230.0 133.0 246.0
ship 120.0 200.0 126.0 214.0
ship 132.0 189.0 137.0 202.0
ship 188.0 205.0 201.0 211.0
ship 208.0 192.0 225.0 208.0
ship 201.0 222.0 208.0 235.0
ship 224.0 216.0 231.0 236.0
ship 237.0 214.0 245.0 237.0
ship 273.0 216.0 279.0 228.0
ship 309.0 465.0 317.0 485.0
