storagetank 417.0 733.0 425.0 740.0
storagetank 434.0 743.0 441.0 750.0
storagetank 401.0 746.0 418.0 761.0
storagetank 418.0 756.0 432.0 771.0
storagetank 391.0 761.0 407.0 777.0
storagetank 407.0 771.0 423.0 788.0
storagetank 356.0 692.0 364.0 700.0
storagetank 367.0 699.0 374.0 706.0
storagetank 351.0 703.0 358.0 710.0
storagetank 361.0 709.0 369.0 717.0
storagetank 362.0 566.0 375.0 579.0
storagetank 375.0 574.0 387.0 586.0
storagetank 388.0 582.0 401.0 595.0
storagetank 516.0 554.0 527.0 565.0
storagetank 509.0 566.0 519.0 576.0
storagetank 527.0 561.0 539.0 572.0
storagetank 501.0 576.0 513.0 587.0
storagetank 513.0 583.0 523.0 594.0
storagetank 495.0 588.0 505.0 598.0
storagetank 506.0 593.0 518.0 605.0
storagetank 488.0 598.0 500.0 609.0
storagetank 481.0 609.0 492.0 620.0
storagetank 499.0 605.0 511.0 616.0
storagetank 492.0 616.0 503.0 627.0
storagetank 548.0 576.0 564.0 591.0
storagetank 563.0 585.0 580.0 600.0
storagetank 539.0 591.0 553.0 606.0
storagetank 554.0 600.0 569.0 615.0
storagetank 529.0 606.0 544.0 621.0
storagetank 545.0 615.0 560.0 630.0
storagetank 520.0 621.0 535.0 635.0
storagetank 536.0 629.0 550.0 645.0
storagetank 511.0 635.0 526.0 650.0
storagetank 527.0 645.0 542.0 659.0
storagetank 595.0 594.0 610.0 609.0
storagetank 610.0 603.0 625.0 618.0
storagetank 586.0 609.0 601.0 623.0
storagetank 601.0 617.0 616.0 632.0
storagetank 577.0 622.0 592.0 637.0
storagetank 591.0 631.0 607.0 646.0
storagetank 567.0 637.0 583.0 651.0
storagetank 583.0 648.0 595.0 660.0
storagetank 560.0 651.0 574.0 665.0
storagetank 574.0 661.0 586.0 674.0
storagetank 531.0 682.0 545.0 693.0
storagetank 552.0 693.0 563.0 705.0
storagetank 520.0 700.0 532.0 712.0
storagetank 539.0 713.0 551.0 725.0
storagetank 245.0 412.0 265.0 433.0
storagetank 268.0 426.0 288.0 449.0
storagetank 291.0 441.0 313.0 463.0
storagetank 314.0 456.0 336.0 478.0
storagetank 253.0 460.0 270.0 476.0
storagetank 270.0 470.0 285.0 485.0
storagetank 286.0 480.0 301.0 495.0
storagetank 301.0 492.0 316.0 506.0
storagetank 244.0 477.0 260.0 491.0
storagetank 260.0 487.0 275.0 501.0
storagetank 276.0 495.0 291.0 511.0
storagetank 292.0 507.0 305.0 521.0
storagetank 229.0 503.0 241.0 515.0
storagetank 221.0 515.0 234.0 527.0
storagetank 242.0 509.0 253.0 522.0
storagetank 254.0 518.0 266.0 530.0
storagetank 234.0 524.0 245.0 535.0
storagetank 246.0 531.0 258.0 543.0
storagetank 267.0 526.0 277.0 538.0
storagetank 279.0 534.0 292.0 545.0
storagetank 258.0 537.0 270.0 550.0
storagetank 271.0 546.0 283.0 559.0
storagetank 251.0 454.0 255.0 457.0
storagetank 246.0 461.0 251.0 464.0
storagetank 240.0 469.0 245.0 473.0
storagetank 236.0 477.0 241.0 481.0
storagetank 226.0 496.0 230.0 501.0
storagetank 217.0 509.0 222.0 515.0
storagetank 214.0 516.0 219.0 520.0
harbor 66.0 131.0 208.0 274.0
harbor 287.0 250.0 627.0 449.0
harbor 669.0 476.0 800.0 617.0
ship 684.0 480.0 712.0 497.0
ship 724.0 497.0 748.0 512.0
ship 759.0 519.0 800.0 551.0
ship 375.0 286.0 397.0 301.0
ship 563.0 387.0 595.0 408.0
