ship 30.0 612.0 53.0 627.0
ship 135.0 698.0 171.0 736.0
ship 298.0 590.0 322.0 612.0
ship 303.0 509.0 330.0 537.0
ship 320.0 513.0 354.0 547.0
ship 388.0 465.0 422.0 504.0
ship 112.0 310.0 142.0 344.0
ship 15.0 404.0 37.0 433.0
ship 34.0 407.0 61.0 437.0
ship 147.0 408.0 172.0 433.0
ship 177.0 404.0 216.0 441.0
ship 253.0 66.0 286.0 96.0
ship 262.0 81.0 283.0 100.0
ship 430.0 179.0 454.0 203.0
ship 727.0 53.0 748.0 75.0
ship 656.0 144.0 676.0 166.0
ship 555.0 263.0 583.0 300.0
ship 561.0 270.0 585.0 302.0
ship 545.0 315.0 559.0 329.0
ship 528.0 354.0 540.0 369.0
ship 671.0 164.0 695.0 192.0
