harbor 78.0 506.0 125.0 619.0
harbor 128.0 413.0 178.0 514.0
harbor 177.0 330.0 204.0 407.0
harbor 225.0 245.0 250.0 322.0
harbor 281.0 181.0 328.0 266.0
harbor 645.0 206.0 800.0 382.0
harbor 290.0 331.0 605.0 676.0
ship 78.0 547.0 103.0 621.0
ship 93.0 510.0 124.0 591.0
ship 146.0 442.0 178.0 515.0
ship 164.0 438.0 179.0 469.0
ship 192.0 354.0 203.0 371.0
ship 293.0 187.0 328.0 266.0
vehicle 46.0 511.0 62.0 533.0
ship 302.0 616.0 372.0 661.0
ship 328.0 592.0 379.0 628.0
ship 288.0 528.0 338.0 607.0
ship 349.0 414.0 402.0 494.0
ship 401.0 460.0 435.0 486.0
ship 431.0 448.0 523.0 508.0
ship 408.0 330.0 457.0 402.0
ship 435.0 349.0 486.0 425.0
ship 470.0 399.0 492.0 434.0
ship 481.0 412.0 501.0 443.0
ship 493.0 422.0 516.0 451.0
ship 506.0 421.0 528.0 456.0
ship 520.0 442.0 537.0 464.0
ship 531.0 435.0 556.0 471.0
ship 560.0 457.0 579.0 485.0
ship 571.0 479.0 583.0 495.0
ship 647.0 352.0 666.0 367.0
ship 651.0 339.0 671.0 359.0
ship 655.0 326.0 684.0 350.0
ship 676.0 328.0 689.0 340.0
ship 677.0 311.0 697.0 331.0
ship 680.0 301.0 704.0 324.0
ship 697.0 297.0 714.0 313.0
ship 703.0 289.0 719.0 305.0
ship 710.0 276.0 725.0 293.0
ship 715.0 267.0 733.0 284.0
ship 726.0 259.0 742.0 274.0
ship 734.0 254.0 753.0 272.0
ship 741.0 240.0 762.0 262.0
ship 760.0 235.0 772.0 244.0
ship 762.0 227.0 775.0 237.0
