airplane 329.0 16.0 377.0 71.0
airplane 167.0 181.0 196.0 231.0
airplane 211.0 222.0 243.0 258.0
airplane 246.0 221.0 276.0 253.0
airplane 167.0 246.0 200.0 281.0
airplane 253.0 426.0 286.0 474.0
airplane 263.0 404.0 281.0 432.0
airplane 185.0 492.0 206.0 524.0
airplane 114.0 535.0 150.0 579.0
airplane 310.0 433.0 321.0 451.0
airplane 310.0 449.0 322.0 478.0
airplane 348.0 437.0 401.0 498.0
airplane 301.0 495.0 335.0 540.0
airplane 301.0 538.0 332.0 589.0
airplane 185.0 531.0 220.0 578.0
airplane 227.0 547.0 276.0 603.0
airplane 322.0 652.0 364.0 691.0
airplane 391.0 661.0 420.0 690.0
airplane 219.0 682.0 260.0 734.0
airplane 272.0 689.0 312.0 737.0
airplane 322.0 706.0 341.0 729.0
airplane 350.0 700.0 413.0 746.0
airplane 245.0 737.0 272.0 777.0
