airplane 44.0 236.0 107.0 274.0
airplane 197.0 236.0 263.0 272.0
airplane 284.0 284.0 311.0 306.0
airplane 85.0 277.0 102.0 292.0
airplane 85.0 350.0 109.0 369.0
airplane 176.0 358.0 193.0 372.0
airplane 219.0 524.0 248.0 543.0
airplane 196.0 608.0 243.0 636.0
airplane 212.0 632.0 254.0 657.0
airplane 318.0 585.0 353.0 609.0
airplane 394.0 593.0 439.0 619.0
airplane 522.0 648.0 547.0 666.0
airplane 514.0 581.0 546.0 603.0
airplane 518.0 524.0 545.0 548.0
airplane 652.0 468.0 672.0 484.0
airplane 674.0 459.0 700.0 484.0
airplane 458.0 661.0 476.0 674.0
airplane 566.0 292.0 598.0 318.0
airplane 575.0 268.0 595.0 284.0
airplane 597.0 245.0 629.0 276.0
airplane 646.0 257.0 706.0 288.0
