stadium 110.0 35.0 176.0 123.0
groundtrackfield 172.0 52.0 200.0 104.0
bridge 322.0 1.0 425.0 128.0
bridge 116.0 163.0 131.0 214.0
ship 627.0 617.0 637.0 638.0
ship 610.0 561.0 622.0 586.0
ship 633.0 593.0 645.0 612.0
ship 656.0 471.0 670.0 507.0
ship 719.0 447.0 737.0 485.0
ship 667.0 281.0 675.0 294.0
ship 677.0 276.0 689.0 298.0
ship 688.0 300.0 699.0 329.0
ship 729.0 297.0 743.0 329.0
ship 681.0 335.0 693.0 361.0
ship 672.0 367.0 686.0 394.0
ship 656.0 363.0 666.0 383.0
ship 704.0 211.0 713.0 231.0
ship 708.0 187.0 715.0 207.0
ship 696.0 129.0 705.0 149.0
ship 712.0 62.0 718.0 81.0
