tenniscourt 86.0 710.0 126.0 743.0
tenniscourt 102.0 734.0 139.0 768.0
vehicle 607.0 495.0 615.0 502.0
vehicle 621.0 498.0 627.0 504.0
vehicle 474.0 528.0 482.0 532.0
vehicle 402.0 584.0 411.0 593.0
vehicle 178.0 609.0 185.0 617.0
vehicle 30.0 610.0 35.0 618.0
vehicle 126.0 576.0 131.0 585.0
vehicle 97.0 559.0 102.0 569.0
vehicle 138.0 565.0 145.0 570.0
vehicle 80.0 591.0 86.0 600.0
vehicle 123.0 602.0 131.0 609.0
vehicle 120.0 552.0 124.0 561.0
vehicle 82.0 567.0 88.0 576.0
vehicle 121.0 576.0 126.0 584.0
vehicle 109.0 574.0 116.0 581.0
vehicle 94.0 570.0 99.0 578.0
vehicle 104.0 573.0 109.0 579.0
vehicle 99.0 571.0 104.0 579.0
vehicle 279.0 550.0 287.0 554.0
vehicle 281.0 554.0 289.0 559.0
vehicle 288.0 571.0 297.0 576.0
vehicle 174.0 332.0 188.0 350.0
