harbor 49.0 65.0 159.0 572.0
harbor 112.0 42.0 444.0 766.0
harbor 425.0 21.0 559.0 663.0
ship 284.0 64.0 338.0 85.0
ship 284.0 95.0 346.0 119.0
ship 287.0 131.0 349.0 155.0
ship 283.0 194.0 339.0 217.0
ship 208.0 228.0 262.0 248.0
ship 206.0 259.0 260.0 279.0
ship 283.0 259.0 333.0 279.0
ship 281.0 291.0 328.0 308.0
ship 278.0 325.0 337.0 350.0
ship 204.0 323.0 258.0 342.0
ship 202.0 450.0 252.0 469.0
ship 276.0 452.0 331.0 472.0
ship 200.0 485.0 251.0 505.0
ship 248.0 523.0 299.0 543.0
ship 199.0 632.0 317.0 662.0
ship 192.0 672.0 305.0 703.0
ship 197.0 706.0 310.0 737.0
ship 439.0 406.0 525.0 437.0
ship 448.0 446.0 523.0 472.0
ship 455.0 483.0 518.0 506.0
ship 457.0 558.0 515.0 578.0
ship 427.0 619.0 515.0 648.0
