harbor 490.0 409.0 666.0 491.0
harbor 471.0 593.0 713.0 717.0
ship 390.0 531.0 405.0 585.0
vehicle 8.0 118.0 20.0 125.0
vehicle 75.0 188.0 79.0 195.0
vehicle 55.0 221.0 59.0 228.0
vehicle 54.0 232.0 59.0 240.0
vehicle 86.0 244.0 93.0 247.0
vehicle 48.0 291.0 53.0 298.0
vehicle 269.0 263.0 276.0 266.0
vehicle 277.0 258.0 284.0 261.0
vehicle 358.0 261.0 365.0 265.0
vehicle 400.0 239.0 406.0 242.0
vehicle 415.0 260.0 423.0 262.0
vehicle 421.0 255.0 428.0 258.0
vehicle 476.0 253.0 485.0 257.0
vehicle 575.0 253.0 582.0 255.0
vehicle 641.0 254.0 648.0 257.0
vehicle 674.0 254.0 681.0 257.0
vehicle 765.0 371.0 767.0 378.0
vehicle 789.0 406.0 792.0 412.0
vehicle 765.0 503.0 771.0 505.0
vehicle 792.0 517.0 796.0 524.0
vehicle 767.0 662.0 772.0 667.0
vehicle 773.0 754.0 778.0 759.0
vehicle 769.0 694.0 774.0 699.0
ship 508.0 454.0 517.0 490.0
ship 491.0 422.0 499.0 450.0
ship 503.0 411.0 514.0 444.0
ship 525.0 412.0 536.0 443.0
ship 517.0 454.0 526.0 485.0
ship 530.0 454.0 540.0 488.0
ship 540.0 452.0 549.0 485.0
ship 552.0 451.0 562.0 482.0
ship 563.0 452.0 572.0 485.0
ship 550.0 410.0 559.0 443.0
ship 561.0 410.0 570.0 441.0
ship 573.0 415.0 582.0 440.0
ship 583.0 414.0 591.0 440.0
ship 595.0 413.0 603.0 439.0
ship 586.0 452.0 594.0 476.0
ship 618.0 448.0 627.0 474.0
ship 616.0 414.0 625.0 437.0
ship 626.0 420.0 633.0 437.0
ship 638.0 417.0 645.0 437.0
ship 647.0 417.0 652.0 435.0
ship 638.0 444.0 645.0 463.0
ship 647.0 443.0 654.0 466.0
ship 659.0 443.0 666.0 468.0
ship 469.0 610.0 490.0 691.0
ship 508.0 596.0 522.0 648.0
ship 496.0 660.0 510.0 711.0
ship 549.0 662.0 562.0 715.0
ship 567.0 660.0 578.0 699.0
ship 581.0 657.0 592.0 698.0
ship 563.0 601.0 574.0 647.0
ship 579.0 609.0 587.0 646.0
ship 609.0 669.0 620.0 702.0
ship 606.0 603.0 615.0 645.0
ship 619.0 604.0 630.0 644.0
ship 633.0 604.0 642.0 642.0
ship 647.0 603.0 657.0 643.0
ship 662.0 603.0 671.0 642.0
ship 679.0 648.0 689.0 691.0
ship 689.0 648.0 698.0 682.0
ship 702.0 648.0 712.0 682.0
ship 689.0 617.0 696.0 641.0
ship 616.0 596.0 628.0 602.0
ship 562.0 169.0 569.0 181.0
bridge 173.0 220.0 633.0 277.0
