harbor 544.0 184.0 649.0 666.0
ship 618.0 94.0 641.0 121.0
vehicle 173.0 779.0 189.0 785.0
vehicle 174.0 792.0 186.0 798.0
harbor 196.0 287.0 289.0 748.0
harbor 294.0 282.0 423.0 734.0
harbor 420.0 225.0 541.0 702.0
ship 587.0 628.0 618.0 640.0
ship 584.0 616.0 618.0 625.0
ship 584.0 600.0 621.0 609.0
ship 581.0 583.0 616.0 594.0
ship 585.0 569.0 610.0 579.0
ship 582.0 552.0 612.0 562.0
ship 571.0 505.0 608.0 515.0
ship 577.0 493.0 602.0 501.0
ship 569.0 475.0 600.0 486.0
ship 573.0 461.0 602.0 470.0
ship 566.0 442.0 599.0 453.0
ship 609.0 437.0 644.0 452.0
ship 563.0 425.0 600.0 439.0
ship 565.0 410.0 594.0 420.0
ship 560.0 392.0 597.0 405.0
ship 563.0 380.0 586.0 388.0
ship 608.0 420.0 651.0 432.0
ship 606.0 403.0 644.0 416.0
ship 607.0 387.0 642.0 399.0
ship 601.0 369.0 643.0 384.0
ship 556.0 357.0 593.0 371.0
ship 557.0 341.0 591.0 354.0
ship 602.0 353.0 639.0 367.0
ship 600.0 336.0 633.0 345.0
ship 551.0 306.0 588.0 318.0
ship 551.0 292.0 586.0 303.0
ship 555.0 273.0 581.0 283.0
ship 554.0 259.0 576.0 265.0
ship 555.0 208.0 578.0 217.0
ship 553.0 226.0 582.0 235.0
ship 555.0 219.0 573.0 227.0
ship 551.0 243.0 582.0 252.0
ship 591.0 251.0 633.0 265.0
ship 593.0 235.0 636.0 246.0
ship 589.0 215.0 637.0 232.0
ship 587.0 197.0 627.0 214.0
ship 595.0 299.0 645.0 316.0
ship 596.0 318.0 635.0 334.0
