harbor 27.0 162.0 751.0 340.0
harbor 294.0 357.0 760.0 478.0
harbor 462.0 511.0 764.0 656.0
harbor 196.0 694.0 409.0 800.0
ship 28.0 179.0 52.0 245.0
ship 28.0 255.0 52.0 314.0
ship 57.0 264.0 77.0 332.0
ship 87.0 265.0 105.0 336.0
ship 113.0 269.0 130.0 329.0
ship 134.0 267.0 153.0 321.0
ship 138.0 174.0 160.0 241.0
ship 164.0 265.0 180.0 337.0
ship 186.0 184.0 206.0 237.0
ship 188.0 264.0 209.0 320.0
ship 213.0 264.0 233.0 322.0
ship 213.0 180.0 236.0 239.0
ship 239.0 267.0 255.0 316.0
ship 248.0 183.0 263.0 239.0
ship 273.0 166.0 298.0 240.0
ship 277.0 263.0 298.0 319.0
ship 304.0 179.0 328.0 239.0
ship 307.0 265.0 326.0 316.0
ship 334.0 164.0 359.0 246.0
ship 330.0 263.0 344.0 311.0
ship 353.0 272.0 371.0 311.0
ship 369.0 185.0 387.0 240.0
ship 396.0 179.0 413.0 243.0
ship 399.0 268.0 416.0 306.0
ship 419.0 185.0 436.0 241.0
ship 425.0 266.0 437.0 310.0
ship 447.0 180.0 463.0 231.0
ship 477.0 181.0 494.0 241.0
ship 504.0 181.0 523.0 238.0
ship 538.0 185.0 561.0 240.0
ship 576.0 182.0 596.0 242.0
ship 599.0 179.0 622.0 237.0
ship 628.0 184.0 650.0 239.0
ship 666.0 222.0 728.0 244.0
ship 597.0 267.0 609.0 297.0
ship 555.0 265.0 571.0 303.0
ship 535.0 264.0 550.0 301.0
ship 512.0 265.0 528.0 307.0
ship 298.0 375.0 324.0 467.0
ship 342.0 426.0 361.0 476.0
ship 367.0 425.0 386.0 475.0
ship 392.0 421.0 411.0 471.0
ship 443.0 423.0 460.0 473.0
ship 490.0 423.0 507.0 473.0
ship 511.0 423.0 528.0 473.0
ship 534.0 424.0 551.0 469.0
ship 558.0 423.0 575.0 468.0
ship 581.0 423.0 598.0 468.0
ship 607.0 425.0 622.0 467.0
ship 628.0 427.0 641.0 461.0
ship 341.0 369.0 356.0 405.0
ship 365.0 360.0 382.0 405.0
ship 390.0 358.0 407.0 403.0
ship 419.0 360.0 434.0 402.0
ship 464.0 363.0 479.0 405.0
ship 488.0 364.0 503.0 402.0
ship 533.0 360.0 548.0 401.0
ship 604.0 360.0 619.0 401.0
ship 627.0 365.0 641.0 401.0
ship 669.0 382.0 736.0 406.0
ship 672.0 424.0 735.0 448.0
ship 560.0 514.0 586.0 559.0
ship 488.0 545.0 549.0 565.0
ship 465.0 583.0 538.0 611.0
ship 567.0 586.0 586.0 643.0
ship 597.0 586.0 617.0 651.0
ship 197.0 738.0 249.0 769.0
ship 246.0 695.0 360.0 778.0
