harbor 168.0 205.0 282.0 486.0
harbor 403.0 75.0 555.0 756.0
harbor 18.0 1.0 87.0 485.0
harbor 37.0 486.0 231.0 542.0
ship 35.0 9.0 65.0 20.0
ship 34.0 50.0 65.0 61.0
ship 33.0 26.0 63.0 37.0
ship 36.0 90.0 67.0 101.0
ship 37.0 109.0 74.0 124.0
ship 32.0 149.0 69.0 164.0
ship 32.0 172.0 69.0 186.0
ship 32.0 188.0 78.0 206.0
ship 32.0 215.0 65.0 227.0
ship 34.0 340.0 82.0 353.0
ship 30.0 360.0 70.0 374.0
ship 35.0 465.0 84.0 481.0
ship 57.0 490.0 75.0 536.0
ship 96.0 493.0 112.0 531.0
ship 74.0 492.0 90.0 530.0
ship 114.0 495.0 130.0 533.0
ship 136.0 493.0 150.0 528.0
ship 155.0 494.0 171.0 539.0
ship 172.0 493.0 188.0 530.0
ship 192.0 492.0 208.0 529.0
ship 211.0 491.0 227.0 534.0
ship 211.0 211.0 251.0 228.0
ship 233.0 229.0 273.0 246.0
ship 235.0 267.0 275.0 284.0
ship 184.0 285.0 222.0 304.0
ship 234.0 305.0 279.0 324.0
ship 187.0 307.0 224.0 322.0
ship 185.0 345.0 222.0 360.0
ship 183.0 383.0 220.0 398.0
ship 181.0 400.0 218.0 415.0
ship 238.0 403.0 274.0 417.0
ship 174.0 465.0 222.0 482.0
ship 183.0 421.0 219.0 435.0
ship 461.0 75.0 511.0 89.0
ship 431.0 94.0 481.0 108.0
ship 435.0 115.0 480.0 132.0
ship 428.0 92.0 478.0 106.0
ship 491.0 95.0 541.0 109.0
ship 495.0 116.0 540.0 133.0
ship 494.0 138.0 536.0 154.0
ship 496.0 159.0 542.0 176.0
ship 494.0 183.0 540.0 200.0
ship 436.0 181.0 480.0 199.0
ship 441.0 203.0 485.0 221.0
ship 497.0 203.0 541.0 221.0
ship 501.0 223.0 545.0 241.0
ship 499.0 270.0 543.0 288.0
ship 437.0 224.0 481.0 242.0
ship 434.0 269.0 478.0 287.0
ship 426.0 292.0 481.0 311.0
ship 494.0 293.0 539.0 310.0
ship 492.0 318.0 537.0 335.0
ship 438.0 358.0 483.0 375.0
ship 497.0 362.0 542.0 379.0
ship 494.0 382.0 539.0 399.0
ship 420.0 382.0 483.0 401.0
ship 428.0 405.0 482.0 427.0
ship 496.0 404.0 550.0 426.0
ship 427.0 431.0 481.0 453.0
ship 419.0 456.0 480.0 478.0
ship 496.0 452.0 557.0 474.0
ship 493.0 508.0 549.0 529.0
ship 500.0 486.0 548.0 504.0
ship 431.0 481.0 479.0 499.0
ship 423.0 506.0 479.0 527.0
ship 425.0 534.0 481.0 555.0
ship 497.0 534.0 553.0 555.0
ship 423.0 560.0 479.0 581.0
ship 491.0 561.0 547.0 582.0
ship 407.0 586.0 481.0 608.0
ship 493.0 588.0 547.0 608.0
ship 421.0 641.0 483.0 660.0
ship 496.0 616.0 555.0 635.0
ship 413.0 611.0 482.0 630.0
ship 492.0 644.0 548.0 660.0
ship 428.0 666.0 484.0 682.0
