airplane 291.0 260.0 305.0 320.0
airplane 234.0 278.0 289.0 332.0
airplane 210.0 307.0 255.0 354.0
airplane 164.0 330.0 209.0 374.0
airplane 127.0 353.0 178.0 394.0
airplane 77.0 376.0 155.0 424.0
airplane 118.0 417.0 187.0 465.0
airplane 156.0 448.0 220.0 519.0
airplane 236.0 407.0 303.0 484.0
airplane 225.0 526.0 301.0 567.0
airplane 281.0 535.0 321.0 573.0
airplane 246.0 563.0 290.0 599.0
airplane 282.0 576.0 340.0 606.0
airplane 292.0 597.0 364.0 648.0
airplane 379.0 588.0 409.0 640.0
airplane 333.0 624.0 368.0 670.0
airplane 301.0 429.0 347.0 486.0
airplane 324.0 362.0 374.0 406.0
airplane 335.0 395.0 395.0 417.0
airplane 335.0 416.0 394.0 449.0
airplane 535.0 564.0 581.0 639.0
airplane 632.0 399.0 666.0 433.0
vehicle 633.0 345.0 650.0 365.0
