vehicle 737.0 487.0 754.0 517.0
vehicle 533.0 254.0 552.0 278.0
vehicle 605.0 288.0 626.0 316.0
vehicle 621.0 298.0 640.0 322.0
vehicle 649.0 314.0 668.0 339.0
vehicle 239.0 81.0 260.0 106.0
vehicle 205.0 63.0 223.0 89.0
vehicle 155.0 42.0 173.0 71.0
vehicle 60.0 201.0 93.0 225.0
vehicle 134.0 115.0 163.0 138.0
tenniscourt 104.0 180.0 227.0 328.0
tenniscourt 492.0 416.0 615.0 564.0
tenniscourt 420.0 373.0 543.0 521.0
tenniscourt 315.0 308.0 438.0 456.0
tenniscourt 245.0 265.0 368.0 413.0
tenniscourt 174.0 223.0 297.0 371.0
