stadium 700.0 375.0 749.0 416.0
bridge 266.0 221.0 279.0 241.0
bridge 239.0 210.0 248.0 225.0
bridge 153.0 172.0 159.0 186.0
bridge 323.0 253.0 334.0 268.0
bridge 350.0 267.0 363.0 282.0
bridge 294.0 303.0 303.0 320.0
bridge 320.0 299.0 326.0 315.0
bridge 345.0 297.0 351.0 314.0
stadium 102.0 624.0 136.0 661.0
storagetank 580.0 391.0 587.0 399.0
storagetank 579.0 400.0 587.0 408.0
storagetank 578.0 408.0 585.0 416.0
storagetank 589.0 410.0 594.0 415.0
storagetank 591.0 404.0 596.0 410.0
storagetank 592.0 399.0 597.0 404.0
storagetank 593.0 393.0 598.0 399.0
