harbor 29.0 263.0 102.0 655.0
harbor 151.0 168.0 236.0 638.0
harbor 287.0 162.0 367.0 632.0
ship 267.0 197.0 288.0 206.0
harbor 412.0 80.0 520.0 657.0
harbor 578.0 70.0 689.0 626.0
harbor 490.0 3.0 738.0 93.0
ship 30.0 284.0 56.0 296.0
ship 29.0 298.0 55.0 310.0
ship 31.0 310.0 57.0 322.0
ship 30.0 323.0 56.0 335.0
ship 30.0 337.0 56.0 349.0
ship 29.0 350.0 55.0 362.0
ship 63.0 297.0 89.0 309.0
ship 66.0 322.0 93.0 334.0
ship 31.0 375.0 57.0 387.0
ship 31.0 389.0 57.0 401.0
ship 66.0 375.0 92.0 387.0
ship 30.0 401.0 56.0 413.0
ship 32.0 415.0 58.0 427.0
ship 65.0 385.0 100.0 397.0
ship 66.0 401.0 96.0 413.0
ship 68.0 412.0 96.0 424.0
ship 66.0 428.0 95.0 439.0
ship 60.0 271.0 101.0 287.0
ship 66.0 336.0 86.0 344.0
ship 32.0 428.0 59.0 440.0
ship 31.0 442.0 58.0 454.0
ship 32.0 453.0 59.0 465.0
ship 67.0 440.0 94.0 452.0
ship 68.0 453.0 95.0 465.0
ship 69.0 464.0 96.0 476.0
ship 70.0 480.0 97.0 492.0
ship 67.0 493.0 94.0 505.0
ship 72.0 505.0 99.0 517.0
ship 40.0 520.0 67.0 532.0
ship 35.0 482.0 62.0 494.0
ship 35.0 506.0 62.0 518.0
ship 70.0 517.0 100.0 529.0
ship 70.0 531.0 100.0 543.0
ship 41.0 533.0 64.0 543.0
ship 40.0 547.0 63.0 557.0
ship 70.0 544.0 99.0 556.0
ship 72.0 559.0 97.0 569.0
ship 72.0 571.0 97.0 581.0
ship 38.0 574.0 63.0 584.0
ship 39.0 587.0 64.0 597.0
ship 76.0 586.0 101.0 596.0
ship 75.0 597.0 100.0 607.0
ship 43.0 599.0 68.0 609.0
ship 42.0 612.0 67.0 622.0
ship 43.0 625.0 68.0 635.0
ship 76.0 623.0 101.0 633.0
ship 39.0 559.0 64.0 569.0
ship 167.0 503.0 192.0 513.0
ship 166.0 529.0 196.0 541.0
ship 166.0 542.0 196.0 554.0
ship 166.0 556.0 196.0 568.0
ship 165.0 568.0 195.0 580.0
ship 168.0 583.0 198.0 595.0
ship 168.0 609.0 198.0 621.0
ship 165.0 619.0 195.0 631.0
ship 206.0 618.0 236.0 630.0
ship 204.0 607.0 234.0 619.0
ship 203.0 591.0 233.0 603.0
ship 203.0 581.0 233.0 593.0
ship 203.0 567.0 233.0 579.0
ship 202.0 554.0 232.0 566.0
ship 203.0 539.0 233.0 551.0
ship 202.0 528.0 232.0 540.0
ship 201.0 514.0 231.0 526.0
ship 203.0 502.0 233.0 514.0
ship 164.0 514.0 194.0 526.0
ship 164.0 487.0 194.0 499.0
ship 162.0 475.0 191.0 490.0
ship 163.0 461.0 192.0 476.0
ship 163.0 450.0 192.0 465.0
ship 161.0 435.0 190.0 450.0
ship 161.0 424.0 190.0 439.0
ship 159.0 408.0 188.0 423.0
ship 161.0 397.0 190.0 412.0
ship 160.0 384.0 189.0 396.0
ship 160.0 371.0 189.0 383.0
ship 158.0 357.0 187.0 369.0
ship 158.0 343.0 187.0 355.0
ship 195.0 344.0 224.0 356.0
ship 195.0 355.0 224.0 367.0
ship 196.0 371.0 225.0 383.0
ship 197.0 397.0 226.0 409.0
ship 199.0 409.0 228.0 421.0
ship 199.0 422.0 228.0 434.0
ship 200.0 436.0 229.0 448.0
ship 200.0 449.0 229.0 461.0
ship 201.0 463.0 230.0 475.0
ship 201.0 476.0 230.0 488.0
ship 199.0 490.0 228.0 502.0
ship 193.0 330.0 222.0 342.0
ship 192.0 318.0 221.0 330.0
ship 158.0 319.0 187.0 331.0
ship 289.0 318.0 318.0 330.0
ship 291.0 344.0 320.0 356.0
ship 290.0 357.0 319.0 369.0
ship 328.0 317.0 357.0 329.0
ship 326.0 328.0 355.0 340.0
ship 328.0 343.0 357.0 355.0
ship 328.0 354.0 357.0 366.0
ship 328.0 370.0 357.0 382.0
ship 330.0 408.0 359.0 420.0
ship 291.0 382.0 320.0 394.0
ship 292.0 398.0 321.0 410.0
ship 291.0 407.0 320.0 419.0
ship 292.0 422.0 321.0 434.0
ship 294.0 435.0 323.0 447.0
ship 293.0 450.0 322.0 462.0
ship 330.0 421.0 359.0 433.0
ship 331.0 435.0 360.0 447.0
ship 331.0 447.0 360.0 459.0
ship 332.0 460.0 361.0 472.0
ship 295.0 476.0 324.0 488.0
ship 295.0 487.0 324.0 499.0
ship 297.0 502.0 326.0 514.0
ship 295.0 512.0 324.0 524.0
ship 298.0 539.0 327.0 551.0
ship 298.0 564.0 327.0 576.0
ship 333.0 486.0 362.0 498.0
ship 332.0 511.0 361.0 523.0
ship 336.0 537.0 365.0 549.0
ship 334.0 551.0 363.0 563.0
ship 336.0 565.0 365.0 577.0
ship 338.0 588.0 367.0 600.0
ship 336.0 605.0 365.0 617.0
ship 335.0 616.0 364.0 628.0
ship 301.0 606.0 330.0 618.0
ship 303.0 618.0 332.0 630.0
ship 340.0 502.0 358.0 508.0
ship 157.0 295.0 186.0 307.0
ship 191.0 216.0 220.0 228.0
ship 191.0 241.0 220.0 253.0
ship 191.0 252.0 220.0 264.0
ship 153.0 268.0 182.0 280.0
ship 153.0 239.0 182.0 251.0
ship 151.0 225.0 180.0 237.0
ship 152.0 213.0 181.0 225.0
ship 193.0 279.0 222.0 291.0
ship 191.0 293.0 220.0 305.0
ship 194.0 304.0 223.0 316.0
ship 155.0 280.0 184.0 292.0
ship 193.0 267.0 220.0 277.0
ship 151.0 199.0 178.0 209.0
ship 191.0 229.0 218.0 239.0
ship 287.0 172.0 314.0 182.0
ship 286.0 184.0 313.0 194.0
ship 321.0 198.0 348.0 208.0
ship 286.0 226.0 313.0 236.0
ship 322.0 185.0 349.0 195.0
ship 325.0 278.0 352.0 288.0
ship 286.0 239.0 315.0 250.0
ship 285.0 252.0 314.0 263.0
ship 324.0 224.0 353.0 235.0
ship 323.0 238.0 352.0 249.0
ship 322.0 252.0 351.0 263.0
ship 324.0 267.0 353.0 278.0
ship 325.0 291.0 354.0 302.0
ship 326.0 303.0 355.0 314.0
ship 290.0 292.0 319.0 303.0
ship 290.0 278.0 316.0 289.0
ship 328.0 382.0 357.0 394.0
ship 417.0 297.0 451.0 311.0
ship 413.0 81.0 440.0 91.0
ship 420.0 110.0 447.0 120.0
ship 587.0 175.0 617.0 188.0
ship 413.0 123.0 447.0 137.0
ship 415.0 138.0 449.0 152.0
ship 415.0 151.0 449.0 165.0
ship 415.0 180.0 449.0 194.0
ship 417.0 195.0 451.0 209.0
ship 415.0 210.0 449.0 224.0
ship 417.0 225.0 451.0 239.0
ship 416.0 240.0 450.0 254.0
ship 420.0 267.0 454.0 281.0
ship 418.0 281.0 452.0 295.0
ship 461.0 92.0 495.0 106.0
ship 420.0 311.0 454.0 325.0
ship 420.0 326.0 454.0 340.0
ship 417.0 341.0 451.0 355.0
ship 422.0 356.0 456.0 370.0
ship 420.0 369.0 454.0 383.0
ship 422.0 385.0 456.0 399.0
ship 453.0 127.0 497.0 142.0
ship 462.0 146.0 496.0 160.0
ship 460.0 163.0 499.0 178.0
ship 457.0 179.0 504.0 196.0
ship 460.0 198.0 503.0 215.0
ship 460.0 217.0 502.0 232.0
ship 461.0 234.0 503.0 249.0
ship 460.0 250.0 504.0 266.0
ship 462.0 270.0 501.0 285.0
ship 463.0 288.0 502.0 303.0
ship 462.0 305.0 505.0 322.0
ship 465.0 323.0 508.0 340.0
ship 464.0 342.0 507.0 359.0
ship 465.0 359.0 508.0 376.0
ship 466.0 379.0 509.0 396.0
ship 469.0 395.0 512.0 412.0
ship 468.0 413.0 511.0 430.0
ship 470.0 431.0 513.0 448.0
ship 469.0 450.0 512.0 467.0
ship 466.0 467.0 517.0 483.0
ship 472.0 520.0 521.0 537.0
ship 424.0 398.0 458.0 412.0
ship 424.0 413.0 458.0 427.0
ship 425.0 426.0 459.0 440.0
ship 425.0 443.0 459.0 457.0
ship 425.0 456.0 459.0 470.0
ship 427.0 471.0 461.0 485.0
ship 423.0 484.0 463.0 497.0
ship 425.0 501.0 465.0 514.0
ship 470.0 484.0 510.0 497.0
ship 426.0 513.0 461.0 527.0
ship 426.0 528.0 461.0 542.0
ship 427.0 544.0 462.0 558.0
ship 429.0 557.0 464.0 571.0
ship 428.0 569.0 463.0 583.0
ship 429.0 586.0 464.0 600.0
ship 430.0 598.0 465.0 612.0
ship 474.0 502.0 509.0 516.0
ship 476.0 576.0 511.0 590.0
ship 470.0 537.0 519.0 554.0
ship 471.0 554.0 520.0 571.0
ship 472.0 593.0 521.0 610.0
ship 640.0 511.0 689.0 528.0
ship 639.0 493.0 688.0 510.0
ship 637.0 451.0 686.0 468.0
ship 580.0 116.0 618.0 130.0
ship 580.0 129.0 618.0 143.0
ship 580.0 146.0 618.0 160.0
ship 626.0 119.0 664.0 133.0
ship 628.0 161.0 669.0 177.0
ship 633.0 183.0 674.0 199.0
ship 584.0 203.0 620.0 218.0
ship 583.0 187.0 619.0 202.0
ship 584.0 216.0 620.0 231.0
ship 583.0 233.0 619.0 248.0
ship 584.0 244.0 620.0 259.0
ship 587.0 262.0 623.0 277.0
ship 586.0 275.0 622.0 290.0
ship 587.0 290.0 623.0 305.0
ship 586.0 303.0 622.0 318.0
ship 587.0 319.0 623.0 334.0
ship 588.0 333.0 624.0 348.0
ship 588.0 347.0 624.0 362.0
ship 591.0 377.0 627.0 392.0
ship 588.0 390.0 624.0 405.0
ship 591.0 405.0 627.0 420.0
ship 641.0 395.0 677.0 410.0
ship 628.0 217.0 680.0 236.0
ship 628.0 240.0 680.0 259.0
ship 635.0 258.0 678.0 275.0
ship 635.0 276.0 678.0 293.0
ship 634.0 300.0 677.0 317.0
ship 632.0 317.0 685.0 335.0
ship 629.0 335.0 681.0 354.0
ship 630.0 355.0 682.0 374.0
ship 591.0 435.0 627.0 450.0
ship 592.0 447.0 628.0 462.0
ship 594.0 462.0 630.0 477.0
ship 594.0 477.0 630.0 492.0
ship 583.0 494.0 619.0 509.0
ship 592.0 508.0 628.0 523.0
ship 595.0 420.0 624.0 433.0
ship 598.0 521.0 627.0 534.0
ship 632.0 411.0 684.0 430.0
ship 633.0 432.0 685.0 451.0
ship 632.0 555.0 660.0 623.0
ship 662.0 552.0 690.0 620.0
ship 429.0 619.0 513.0 659.0
ship 50.0 639.0 102.0 656.0
ship 577.0 87.0 617.0 101.0
ship 625.0 81.0 653.0 95.0
ship 586.0 71.0 611.0 82.0
ship 611.0 70.0 636.0 81.0
ship 662.0 39.0 683.0 80.0
ship 690.0 62.0 738.0 94.0
ship 623.0 29.0 636.0 47.0
ship 714.0 15.0 731.0 32.0
ship 286.0 213.0 316.0 223.0
ship 627.0 144.0 667.0 158.0
ship 594.0 26.0 604.0 50.0
ship 601.0 24.0 607.0 40.0
ship 611.0 24.0 620.0 48.0
ship 694.0 30.0 716.0 39.0
ship 695.0 39.0 718.0 47.0
ship 700.0 48.0 723.0 58.0
