harbor 521.0 37.0 655.0 104.0
harbor 365.0 40.0 523.0 211.0
harbor 392.0 106.0 541.0 285.0
harbor 414.0 199.0 564.0 365.0
harbor 435.0 259.0 604.0 437.0
harbor 428.0 309.0 647.0 545.0
harbor 428.0 348.0 716.0 659.0
harbor 360.0 201.0 435.0 433.0
harbor 318.0 368.0 416.0 476.0
harbor 345.0 488.0 481.0 616.0
harbor 508.0 641.0 608.0 733.0
harbor 581.0 669.0 706.0 800.0
harbor 591.0 128.0 733.0 350.0
harbor 633.0 350.0 758.0 626.0
harbor 55.0 189.0 142.0 206.0
harbor 38.0 214.0 126.0 226.0
harbor 39.0 339.0 172.0 351.0
harbor 114.0 449.0 233.0 516.0
ship 320.0 105.0 328.0 114.0
ship 334.0 131.0 338.0 144.0
ship 263.0 167.0 272.0 179.0
ship 216.0 177.0 231.0 189.0
ship 230.0 211.0 244.0 220.0
ship 286.0 263.0 291.0 273.0
ship 522.0 568.0 552.0 594.0
ship 513.0 586.0 541.0 612.0
ship 637.0 752.0 664.0 775.0
ship 640.0 602.0 665.0 628.0
ship 687.0 602.0 713.0 620.0
ship 453.0 511.0 466.0 527.0
ship 513.0 327.0 524.0 337.0
ship 557.0 209.0 569.0 223.0
ship 535.0 199.0 547.0 211.0
ship 477.0 195.0 492.0 208.0
ship 490.0 176.0 507.0 191.0
ship 490.0 142.0 506.0 156.0
ship 371.0 176.0 386.0 190.0
ship 392.0 41.0 514.0 165.0
ship 583.0 75.0 599.0 86.0
ship 593.0 64.0 608.0 72.0
ship 616.0 76.0 638.0 83.0
ship 609.0 172.0 623.0 195.0
ship 634.0 215.0 645.0 234.0
ship 646.0 238.0 659.0 255.0
ship 714.0 358.0 729.0 380.0
ship 671.0 582.0 683.0 594.0
ship 666.0 572.0 675.0 581.0
ship 679.0 555.0 691.0 565.0
ship 705.0 530.0 732.0 559.0
ship 692.0 525.0 716.0 552.0
ship 720.0 502.0 726.0 521.0
ship 735.0 473.0 743.0 495.0
ship 588.0 447.0 602.0 461.0
ship 611.0 715.0 624.0 726.0
ship 574.0 491.0 594.0 513.0
ship 581.0 499.0 601.0 519.0
ship 589.0 504.0 608.0 526.0
ship 599.0 512.0 616.0 530.0
ship 603.0 520.0 623.0 539.0
ship 608.0 524.0 631.0 547.0
ship 617.0 535.0 634.0 553.0
ship 624.0 541.0 645.0 561.0
ship 612.0 567.0 632.0 589.0
ship 599.0 562.0 624.0 585.0
ship 597.0 557.0 614.0 577.0
ship 587.0 550.0 607.0 570.0
ship 580.0 541.0 602.0 564.0
ship 575.0 536.0 594.0 554.0
ship 546.0 496.0 558.0 508.0
ship 481.0 526.0 493.0 540.0
ship 470.0 540.0 482.0 553.0
ship 461.0 554.0 471.0 566.0
ship 551.0 489.0 564.0 501.0
ship 556.0 483.0 570.0 496.0
ship 562.0 477.0 573.0 488.0
ship 577.0 459.0 591.0 471.0
ship 470.0 465.0 483.0 477.0
ship 493.0 473.0 507.0 486.0
ship 502.0 461.0 515.0 475.0
ship 476.0 457.0 490.0 469.0
ship 516.0 450.0 530.0 464.0
ship 521.0 441.0 538.0 455.0
ship 529.0 434.0 544.0 449.0
ship 535.0 426.0 550.0 441.0
ship 541.0 421.0 557.0 435.0
ship 597.0 434.0 613.0 448.0
ship 602.0 428.0 619.0 444.0
ship 608.0 422.0 623.0 436.0
ship 614.0 417.0 630.0 432.0
ship 625.0 408.0 639.0 419.0
ship 629.0 399.0 645.0 415.0
ship 642.0 389.0 655.0 402.0
ship 646.0 382.0 660.0 395.0
ship 658.0 370.0 672.0 385.0
ship 662.0 363.0 678.0 379.0
ship 670.0 359.0 683.0 371.0
ship 674.0 351.0 689.0 366.0
ship 686.0 342.0 698.0 355.0
ship 644.0 419.0 659.0 434.0
ship 626.0 439.0 640.0 455.0
ship 649.0 424.0 667.0 441.0
ship 657.0 429.0 675.0 448.0
ship 637.0 450.0 655.0 469.0
ship 661.0 438.0 678.0 453.0
ship 670.0 442.0 686.0 460.0
ship 676.0 447.0 693.0 465.0
ship 680.0 454.0 701.0 475.0
ship 643.0 457.0 660.0 474.0
ship 651.0 462.0 667.0 480.0
ship 657.0 468.0 673.0 487.0
ship 482.0 452.0 495.0 466.0
ship 486.0 446.0 500.0 460.0
ship 492.0 442.0 505.0 455.0
ship 497.0 438.0 510.0 449.0
ship 503.0 432.0 515.0 444.0
ship 507.0 423.0 521.0 435.0
ship 513.0 415.0 527.0 429.0
ship 519.0 408.0 535.0 423.0
ship 526.0 403.0 540.0 416.0
ship 534.0 396.0 546.0 408.0
ship 538.0 390.0 552.0 403.0
ship 561.0 399.0 577.0 415.0
ship 554.0 406.0 573.0 424.0
ship 556.0 369.0 571.0 383.0
ship 574.0 353.0 587.0 365.0
ship 575.0 386.0 589.0 400.0
ship 607.0 350.0 621.0 364.0
ship 614.0 343.0 628.0 359.0
ship 624.0 333.0 638.0 347.0
ship 628.0 326.0 645.0 343.0
ship 476.0 394.0 489.0 408.0
ship 471.0 401.0 483.0 414.0
ship 490.0 381.0 505.0 396.0
ship 509.0 361.0 524.0 376.0
ship 495.0 374.0 512.0 389.0
ship 475.0 293.0 494.0 309.0
ship 449.0 322.0 467.0 339.0
ship 441.0 329.0 460.0 346.0
ship 442.0 299.0 455.0 311.0
ship 452.0 287.0 466.0 299.0
ship 526.0 306.0 541.0 319.0
ship 527.0 341.0 539.0 353.0
ship 540.0 331.0 554.0 341.0
ship 555.0 310.0 567.0 323.0
ship 559.0 270.0 573.0 283.0
ship 572.0 260.0 585.0 272.0
ship 584.0 282.0 596.0 295.0
ship 468.0 269.0 481.0 281.0
ship 465.0 276.0 476.0 288.0
ship 483.0 287.0 500.0 303.0
ship 479.0 257.0 493.0 272.0
ship 487.0 244.0 504.0 259.0
ship 510.0 222.0 525.0 236.0
ship 507.0 229.0 520.0 242.0
ship 513.0 256.0 524.0 269.0
ship 506.0 263.0 520.0 275.0
ship 527.0 237.0 545.0 255.0
ship 546.0 221.0 558.0 235.0
ship 538.0 226.0 551.0 239.0
ship 534.0 233.0 547.0 246.0
ship 459.0 211.0 472.0 224.0
ship 503.0 165.0 517.0 179.0
ship 469.0 165.0 482.0 178.0
ship 512.0 151.0 526.0 165.0
ship 522.0 140.0 539.0 157.0
ship 522.0 106.0 540.0 122.0
