tenniscourt 49.0 264.0 83.0 316.0
tenniscourt 169.0 257.0 202.0 308.0
tenniscourt 211.0 254.0 244.0 307.0
tenniscourt 27.0 566.0 61.0 618.0
tenniscourt 161.0 556.0 195.0 608.0
tenniscourt 257.0 551.0 289.0 603.0
tenniscourt 612.0 162.0 642.0 212.0
tenniscourt 699.0 289.0 732.0 341.0
tenniscourt 485.0 538.0 518.0 590.0
tenniscourt 547.0 538.0 580.0 590.0
tenniscourt 741.0 527.0 773.0 579.0
tenniscourt 657.0 536.0 690.0 585.0
tenniscourt 238.0 689.0 270.0 743.0
tenniscourt 193.0 693.0 226.0 746.0
vehicle 187.0 110.0 200.0 115.0
vehicle 264.0 102.0 278.0 107.0
vehicle 335.0 81.0 341.0 91.0
vehicle 658.0 15.0 669.0 24.0
vehicle 567.0 99.0 581.0 104.0
vehicle 460.0 126.0 464.0 135.0
