storagetank 590.0 484.0 616.0 508.0
storagetank 556.0 549.0 571.0 561.0
storagetank 571.0 549.0 584.0 559.0
storagetank 595.0 522.0 621.0 543.0
storagetank 601.0 557.0 630.0 579.0
storagetank 635.0 479.0 662.0 502.0
storagetank 668.0 474.0 694.0 496.0
storagetank 641.0 515.0 667.0 538.0
storagetank 674.0 510.0 701.0 533.0
storagetank 647.0 552.0 672.0 575.0
storagetank 679.0 544.0 708.0 571.0
bridge 652.0 284.0 720.0 372.0
bridge 700.0 283.0 756.0 380.0
vehicle 731.0 419.0 739.0 429.0
vehicle 773.0 518.0 782.0 527.0
harbor 448.0 420.0 507.0 573.0
harbor 489.0 579.0 520.0 603.0
harbor 492.0 631.0 531.0 800.0
groundtrackfield 590.0 57.0 650.0 130.0
vehicle 622.0 193.0 628.0 200.0
ship 461.0 636.0 496.0 793.0
ship 415.0 754.0 446.0 797.0
ship 478.0 575.0 493.0 617.0
ship 459.0 286.0 517.0 331.0
ship 500.0 299.0 526.0 318.0
ship 494.0 303.0 519.0 321.0
ship 273.0 4.0 401.0 255.0
ship 213.0 591.0 237.0 627.0
ship 202.0 595.0 223.0 629.0
ship 187.0 596.0 209.0 628.0
ship 183.0 609.0 198.0 628.0
ship 177.0 612.0 189.0 628.0
ship 168.0 617.0 178.0 628.0
ship 159.0 619.0 166.0 627.0
ship 47.0 587.0 66.0 628.0
ship 36.0 583.0 55.0 627.0
ship 24.0 582.0 42.0 631.0
ship 2.0 543.0 17.0 577.0
ship 1.0 449.0 19.0 502.0
ship 124.0 210.0 149.0 248.0
ship 112.0 213.0 155.0 277.0
ship 104.0 221.0 141.0 277.0
ship 99.0 231.0 125.0 270.0
ship 90.0 235.0 122.0 276.0
ship 86.0 245.0 108.0 277.0
ship 74.0 245.0 112.0 296.0
ship 29.0 34.0 65.0 81.0
ship 23.0 42.0 50.0 81.0
ship 13.0 44.0 45.0 89.0
ship 6.0 49.0 36.0 91.0
