ship 26.0 271.0 50.0 382.0
ship 437.0 534.0 451.0 590.0
ship 290.0 591.0 305.0 598.0
ship 675.0 467.0 697.0 485.0
ship 371.0 422.0 514.0 450.0
ship 173.0 272.0 276.0 293.0
ship 164.0 373.0 259.0 396.0
ship 135.0 428.0 263.0 452.0
ship 119.0 41.0 146.0 164.0
ship 159.0 67.0 259.0 88.0
ship 384.0 29.0 448.0 48.0
ship 364.0 103.0 448.0 122.0
ship 387.0 322.0 446.0 337.0
ship 285.0 13.0 382.0 31.0
ship 463.0 201.0 510.0 216.0
ship 467.0 260.0 511.0 272.0
ship 464.0 335.0 501.0 357.0
ship 567.0 361.0 612.0 375.0
ship 569.0 309.0 609.0 319.0
ship 460.0 66.0 506.0 79.0
ship 455.0 24.0 503.0 41.0
ship 568.0 12.0 603.0 29.0
ship 617.0 21.0 633.0 28.0
ship 622.0 82.0 656.0 96.0
ship 619.0 169.0 657.0 181.0
ship 630.0 134.0 652.0 141.0
ship 559.0 136.0 605.0 151.0
ship 624.0 260.0 655.0 270.0
ship 625.0 294.0 655.0 304.0
ship 629.0 329.0 653.0 339.0
ship 563.0 274.0 607.0 289.0
ship 675.0 193.0 682.0 211.0
ship 705.0 98.0 744.0 108.0
ship 704.0 139.0 743.0 151.0
ship 700.0 59.0 744.0 79.0
vehicle 240.0 666.0 246.0 681.0
vehicle 414.0 756.0 425.0 760.0
vehicle 438.0 759.0 449.0 765.0
vehicle 514.0 736.0 525.0 741.0
vehicle 384.0 766.0 390.0 779.0
vehicle 679.0 700.0 685.0 711.0
vehicle 761.0 696.0 774.0 701.0
vehicle 774.0 432.0 780.0 443.0
vehicle 760.0 282.0 764.0 293.0
ship 704.0 228.0 737.0 277.0
ship 702.0 281.0 741.0 336.0
ship 19.0 146.0 45.0 265.0
ship 59.0 272.0 94.0 402.0
ship 465.0 398.0 512.0 414.0
ship 125.0 162.0 153.0 285.0
ship 125.0 294.0 153.0 426.0
ship 50.0 31.0 83.0 154.0
ship 382.0 80.0 446.0 99.0
ship 16.0 3.0 39.0 104.0
ship 454.0 535.0 473.0 588.0
ship 182.0 100.0 213.0 112.0
ship 168.0 219.0 258.0 241.0
ship 171.0 241.0 269.0 264.0
ship 191.0 322.0 219.0 331.0
ship 398.0 352.0 450.0 365.0
ship 402.0 371.0 457.0 389.0
ship 464.0 297.0 515.0 313.0
ship 465.0 280.0 514.0 294.0
ship 404.0 273.0 437.0 282.0
ship 389.0 251.0 448.0 268.0
ship 629.0 360.0 659.0 373.0
ship 629.0 377.0 666.0 399.0
ship 575.0 397.0 612.0 409.0
ship 578.0 416.0 621.0 440.0
ship 467.0 220.0 509.0 234.0
ship 383.0 225.0 443.0 242.0
ship 391.0 202.0 448.0 219.0
ship 377.0 175.0 446.0 194.0
ship 384.0 152.0 448.0 170.0
ship 464.0 126.0 506.0 139.0
ship 460.0 143.0 514.0 158.0
ship 462.0 163.0 511.0 178.0
ship 460.0 86.0 508.0 101.0
ship 459.0 104.0 509.0 118.0
ship 621.0 100.0 658.0 111.0
ship 634.0 20.0 652.0 28.0
ship 287.0 33.0 308.0 42.0
harbor 119.0 2.0 279.0 461.0
harbor 13.0 1.0 91.0 406.0
harbor 354.0 3.0 522.0 459.0
harbor 562.0 1.0 677.0 442.0
ship 721.0 412.0 756.0 425.0
ship 86.0 282.0 98.0 312.0
