trainstation 138.0 149.0 212.0 338.0
vehicle 689.0 428.0 696.0 450.0
vehicle 599.0 332.0 606.0 351.0
vehicle 617.0 353.0 637.0 360.0
vehicle 616.0 359.0 637.0 365.0
vehicle 619.0 362.0 638.0 372.0
vehicle 613.0 378.0 633.0 385.0
vehicle 705.0 332.0 725.0 343.0
vehicle 748.0 325.0 766.0 332.0
vehicle 711.0 363.0 728.0 369.0
vehicle 730.0 332.0 748.0 342.0
vehicle 751.0 333.0 769.0 343.0
vehicle 751.0 339.0 771.0 349.0
vehicle 753.0 343.0 771.0 353.0
vehicle 759.0 468.0 780.0 479.0
vehicle 324.0 467.0 345.0 473.0
vehicle 338.0 454.0 353.0 461.0
vehicle 202.0 632.0 224.0 643.0
