tenniscourt 147.0 142.0 195.0 247.0
tenniscourt 233.0 143.0 281.0 248.0
tenniscourt 465.0 212.0 513.0 317.0
tenniscourt 378.0 212.0 426.0 317.0
tenniscourt 187.0 350.0 235.0 455.0
tenniscourt 416.0 433.0 465.0 538.0
tenniscourt 692.0 436.0 741.0 541.0
tenniscourt 605.0 435.0 654.0 540.0
tenniscourt 603.0 596.0 652.0 701.0
tenniscourt 688.0 598.0 737.0 703.0
vehicle 106.0 88.0 124.0 113.0
vehicle 58.0 58.0 77.0 68.0
vehicle 401.0 129.0 410.0 151.0
vehicle 413.0 129.0 423.0 152.0
tenniscourt 699.0 305.0 727.0 323.0
vehicle 754.0 118.0 778.0 151.0
vehicle 767.0 125.0 791.0 158.0
