tenniscourt 688.0 102.0 715.0 154.0
tenniscourt 169.0 571.0 211.0 629.0
tenniscourt 201.0 561.0 243.0 619.0
vehicle 431.0 87.0 444.0 96.0
vehicle 428.0 120.0 435.0 136.0
vehicle 325.0 340.0 339.0 346.0
vehicle 345.0 330.0 354.0 339.0
vehicle 677.0 253.0 688.0 258.0
vehicle 776.0 143.0 787.0 152.0
vehicle 672.0 342.0 684.0 353.0
vehicle 662.0 331.0 675.0 344.0
vehicle 753.0 454.0 762.0 464.0
vehicle 756.0 730.0 762.0 742.0
vehicle 749.0 733.0 756.0 743.0
vehicle 736.0 737.0 741.0 748.0
vehicle 723.0 741.0 729.0 753.0
vehicle 729.0 738.0 734.0 751.0
vehicle 699.0 771.0 706.0 784.0
vehicle 715.0 768.0 720.0 780.0
vehicle 722.0 766.0 729.0 779.0
vehicle 744.0 760.0 753.0 773.0
vehicle 756.0 756.0 763.0 768.0
vehicle 766.0 752.0 773.0 768.0
vehicle 294.0 757.0 302.0 768.0
vehicle 289.0 762.0 297.0 772.0
vehicle 286.0 766.0 292.0 776.0
vehicle 277.0 770.0 286.0 781.0
vehicle 268.0 767.0 276.0 779.0
vehicle 238.0 773.0 246.0 785.0
vehicle 233.0 777.0 239.0 787.0
vehicle 226.0 779.0 234.0 792.0
vehicle 220.0 784.0 227.0 795.0
vehicle 191.0 720.0 201.0 728.0
vehicle 187.0 732.0 197.0 737.0
airplane 423.0 748.0 450.0 770.0
airplane 485.0 727.0 509.0 749.0
tenniscourt 490.0 136.0 528.0 201.0
tenniscourt 364.0 219.0 425.0 254.0
