ship 157.0 126.0 293.0 155.0
harbor 375.0 28.0 499.0 153.0
vehicle 599.0 223.0 621.0 231.0
vehicle 606.0 308.0 627.0 317.0
vehicle 599.0 368.0 619.0 376.0
vehicle 432.0 396.0 447.0 416.0
vehicle 378.0 314.0 395.0 321.0
vehicle 378.0 230.0 390.0 237.0
vehicle 409.0 169.0 415.0 184.0
vehicle 474.0 162.0 481.0 178.0
vehicle 383.0 163.0 390.0 176.0
vehicle 641.0 316.0 654.0 323.0
vehicle 451.0 642.0 458.0 657.0
vehicle 718.0 268.0 732.0 306.0
ship 450.0 29.0 486.0 41.0
ship 406.0 50.0 444.0 62.0
ship 458.0 66.0 484.0 77.0
ship 411.0 70.0 441.0 77.0
ship 413.0 84.0 440.0 93.0
ship 460.0 84.0 479.0 94.0
ship 372.0 123.0 445.0 147.0
