bridge 388.0 43.0 549.0 663.0
ship 619.0 307.0 659.0 343.0
ship 662.0 337.0 701.0 365.0
ship 760.0 411.0 800.0 443.0
vehicle 89.0 394.0 97.0 403.0
vehicle 141.0 429.0 152.0 449.0
vehicle 170.0 583.0 198.0 595.0
vehicle 139.0 641.0 149.0 659.0
vehicle 512.0 742.0 532.0 757.0
vehicle 677.0 710.0 695.0 734.0
vehicle 699.0 712.0 712.0 731.0
vehicle 754.0 737.0 764.0 756.0
ship 692.0 547.0 724.0 574.0
ship 726.0 569.0 771.0 607.0
ship 748.0 568.0 778.0 593.0
ship 770.0 605.0 800.0 634.0
ship 780.0 591.0 800.0 611.0
