harbor 18.0 205.0 484.0 380.0
harbor 600.0 5.0 800.0 555.0
vehicle 235.0 661.0 257.0 701.0
vehicle 127.0 38.0 165.0 52.0
vehicle 76.0 64.0 121.0 78.0
vehicle 70.0 116.0 113.0 129.0
vehicle 122.0 144.0 137.0 176.0
vehicle 170.0 144.0 185.0 182.0
vehicle 760.0 121.0 784.0 154.0
ship 494.0 104.0 527.0 196.0
ship 575.0 621.0 616.0 712.0
ship 16.0 230.0 41.0 317.0
ship 137.0 244.0 169.0 332.0
ship 173.0 247.0 205.0 335.0
ship 218.0 247.0 242.0 322.0
ship 255.0 249.0 288.0 344.0
ship 340.0 246.0 381.0 377.0
ship 391.0 247.0 428.0 370.0
ship 442.0 250.0 476.0 355.0
ship 598.0 67.0 658.0 103.0
ship 633.0 119.0 688.0 159.0
ship 636.0 149.0 700.0 192.0
ship 659.0 202.0 739.0 253.0
ship 680.0 242.0 761.0 285.0
ship 697.0 278.0 794.0 338.0
ship 679.0 356.0 771.0 389.0
ship 709.0 410.0 772.0 431.0
ship 711.0 455.0 770.0 475.0
ship 701.0 498.0 774.0 529.0
