airplane 119.0 536.0 226.0 631.0
airplane 285.0 269.0 323.0 314.0
airplane 300.0 324.0 334.0 372.0
airplane 421.0 297.0 454.0 344.0
airplane 313.0 379.0 349.0 426.0
airplane 430.0 355.0 465.0 400.0
airplane 323.0 437.0 366.0 482.0
airplane 444.0 412.0 479.0 457.0
airplane 336.0 492.0 371.0 540.0
airplane 457.0 468.0 490.0 513.0
airplane 350.0 549.0 385.0 591.0
airplane 469.0 521.0 502.0 567.0
airplane 330.0 589.0 364.0 629.0
airplane 363.0 604.0 397.0 652.0
airplane 490.0 633.0 528.0 683.0
airplane 498.0 679.0 553.0 745.0
vehicle 444.0 455.0 456.0 477.0
airplane 264.0 160.0 301.0 198.0
airplane 399.0 189.0 429.0 232.0
