storagetank 639.0 506.0 676.0 540.0
storagetank 597.0 518.0 637.0 554.0
storagetank 615.0 560.0 654.0 596.0
storagetank 556.0 532.0 596.0 569.0
storagetank 515.0 549.0 555.0 586.0
vehicle 310.0 468.0 321.0 477.0
vehicle 299.0 477.0 309.0 486.0
vehicle 281.0 457.0 288.0 463.0
vehicle 200.0 494.0 205.0 499.0
vehicle 148.0 527.0 150.0 531.0
vehicle 271.0 439.0 276.0 443.0
vehicle 213.0 399.0 223.0 408.0
vehicle 246.0 464.0 249.0 466.0
vehicle 131.0 317.0 137.0 327.0
vehicle 105.0 307.0 112.0 314.0
vehicle 105.0 179.0 123.0 184.0
vehicle 151.0 156.0 155.0 161.0
vehicle 16.0 226.0 21.0 230.0
bridge 125.0 301.0 140.0 344.0
