tenniscourt 674.0 618.0 724.0 662.0
tenniscourt 655.0 641.0 703.0 686.0
tenniscourt 634.0 664.0 684.0 708.0
vehicle 1.0 123.0 10.0 129.0
vehicle 56.0 94.0 67.0 102.0
vehicle 38.0 106.0 45.0 119.0
vehicle 45.0 110.0 52.0 123.0
vehicle 53.0 115.0 58.0 126.0
vehicle 58.0 118.0 64.0 129.0
vehicle 67.0 120.0 75.0 131.0
vehicle 211.0 43.0 222.0 52.0
vehicle 227.0 52.0 234.0 63.0
vehicle 209.0 53.0 216.0 59.0
vehicle 206.0 58.0 215.0 64.0
vehicle 214.0 90.0 220.0 104.0
vehicle 210.0 102.0 215.0 112.0
vehicle 206.0 114.0 212.0 124.0
vehicle 202.0 123.0 207.0 133.0
vehicle 196.0 135.0 202.0 147.0
vehicle 188.0 147.0 196.0 158.0
vehicle 114.0 181.0 123.0 190.0
vehicle 358.0 6.0 364.0 19.0
vehicle 377.0 14.0 382.0 24.0
vehicle 402.0 24.0 406.0 34.0
vehicle 442.0 19.0 455.0 24.0
vehicle 389.0 9.0 402.0 15.0
vehicle 406.0 4.0 413.0 10.0
vehicle 413.0 8.0 422.0 14.0
vehicle 471.0 10.0 476.0 21.0
vehicle 494.0 19.0 499.0 29.0
vehicle 488.0 33.0 499.0 40.0
vehicle 487.0 45.0 498.0 51.0
vehicle 431.0 34.0 436.0 45.0
vehicle 440.0 34.0 446.0 47.0
vehicle 446.0 39.0 450.0 51.0
vehicle 466.0 47.0 471.0 56.0
vehicle 336.0 329.0 341.0 340.0
vehicle 342.0 329.0 349.0 341.0
vehicle 321.0 349.0 326.0 360.0
vehicle 452.0 393.0 458.0 403.0
vehicle 383.0 407.0 393.0 415.0
vehicle 262.0 365.0 272.0 374.0
vehicle 320.0 426.0 325.0 437.0
vehicle 409.0 598.0 417.0 607.0
vehicle 431.0 638.0 439.0 648.0
vehicle 174.0 665.0 185.0 672.0
vehicle 190.0 607.0 197.0 617.0
vehicle 219.0 732.0 227.0 741.0
vehicle 123.0 566.0 134.0 571.0
vehicle 179.0 522.0 186.0 532.0
vehicle 116.0 444.0 125.0 454.0
vehicle 125.0 451.0 134.0 459.0
vehicle 214.0 243.0 222.0 249.0
vehicle 363.0 133.0 375.0 142.0
vehicle 374.0 126.0 383.0 136.0
vehicle 383.0 119.0 391.0 126.0
vehicle 738.0 619.0 743.0 628.0
vehicle 782.0 645.0 790.0 656.0
vehicle 743.0 622.0 751.0 633.0
vehicle 747.0 626.0 753.0 633.0
vehicle 752.0 626.0 758.0 637.0
vehicle 718.0 710.0 732.0 722.0
vehicle 722.0 706.0 733.0 717.0
vehicle 749.0 530.0 762.0 537.0
vehicle 550.0 378.0 559.0 384.0
vehicle 537.0 373.0 547.0 380.0
vehicle 521.0 363.0 530.0 372.0
vehicle 509.0 356.0 519.0 365.0
vehicle 498.0 325.0 504.0 336.0
vehicle 492.0 241.0 498.0 253.0
