harbor 46.0 139.0 235.0 758.0
harbor 327.0 136.0 474.0 772.0
harbor 567.0 138.0 740.0 771.0
vehicle 130.0 786.0 177.0 800.0
ship 54.0 281.0 152.0 312.0
ship 65.0 314.0 155.0 347.0
ship 58.0 395.0 148.0 428.0
ship 58.0 477.0 153.0 508.0
ship 45.0 523.0 153.0 553.0
ship 48.0 563.0 156.0 593.0
ship 49.0 642.0 157.0 680.0
ship 562.0 487.0 644.0 511.0
ship 671.0 481.0 738.0 509.0
ship 567.0 547.0 637.0 574.0
ship 561.0 675.0 638.0 706.0
ship 692.0 681.0 732.0 705.0
ship 514.0 696.0 525.0 734.0
ship 487.0 697.0 498.0 735.0
ship 497.0 694.0 508.0 732.0
