vehicle 140.0 451.0 158.0 458.0
vehicle 147.0 380.0 160.0 400.0
vehicle 225.0 412.0 235.0 429.0
vehicle 216.0 397.0 225.0 410.0
vehicle 185.0 346.0 198.0 362.0
vehicle 204.0 377.0 212.0 387.0
vehicle 123.0 313.0 133.0 326.0
vehicle 105.0 265.0 119.0 287.0
vehicle 187.0 217.0 193.0 230.0
vehicle 183.0 234.0 190.0 243.0
vehicle 124.0 87.0 138.0 104.0
vehicle 60.0 99.0 68.0 112.0
vehicle 45.0 21.0 53.0 34.0
vehicle 44.0 1.0 49.0 14.0
vehicle 322.0 103.0 337.0 112.0
vehicle 362.0 98.0 375.0 104.0
vehicle 523.0 126.0 540.0 138.0
vehicle 549.0 146.0 564.0 165.0
vehicle 616.0 193.0 627.0 206.0
vehicle 612.0 237.0 626.0 248.0
vehicle 656.0 292.0 665.0 304.0
vehicle 671.0 547.0 683.0 561.0
vehicle 658.0 597.0 672.0 611.0
vehicle 668.0 611.0 685.0 626.0
ship 425.0 674.0 498.0 738.0
ship 300.0 459.0 367.0 561.0
harbor 201.0 267.0 281.0 303.0
harbor 222.0 319.0 277.0 358.0
harbor 246.0 346.0 324.0 410.0
harbor 275.0 394.0 353.0 455.0
harbor 478.0 615.0 535.0 672.0
harbor 525.0 573.0 568.0 630.0
harbor 546.0 518.0 611.0 601.0
harbor 598.0 496.0 653.0 553.0
harbor 629.0 467.0 680.0 494.0
harbor 589.0 372.0 667.0 429.0
harbor 545.0 320.0 643.0 385.0
harbor 485.0 269.0 614.0 380.0
harbor 414.0 128.0 455.0 210.0
harbor 357.0 124.0 389.0 215.0
harbor 261.0 180.0 310.0 239.0
harbor 300.0 156.0 345.0 223.0
ship 505.0 269.0 590.0 326.0
ship 481.0 620.0 522.0 669.0
ship 530.0 575.0 563.0 609.0
ship 549.0 519.0 612.0 588.0
ship 599.0 498.0 654.0 538.0
ship 627.0 475.0 668.0 494.0
ship 667.0 429.0 677.0 453.0
ship 590.0 373.0 659.0 421.0
ship 547.0 318.0 633.0 376.0
ship 486.0 291.0 616.0 378.0
ship 355.0 143.0 385.0 215.0
ship 417.0 135.0 445.0 210.0
ship 324.0 172.0 346.0 201.0
ship 298.0 171.0 333.0 220.0
ship 280.0 190.0 310.0 224.0
ship 260.0 198.0 287.0 236.0
ship 209.0 278.0 278.0 303.0
ship 236.0 332.0 277.0 358.0
ship 224.0 319.0 260.0 342.0
ship 247.0 346.0 302.0 390.0
ship 262.0 365.0 323.0 407.0
ship 270.0 394.0 329.0 433.0
ship 286.0 410.0 352.0 454.0
