harbor 4.0 84.0 178.0 146.0
harbor 441.0 69.0 534.0 104.0
harbor 600.0 53.0 682.0 235.0
harbor 251.0 115.0 540.0 161.0
harbor 199.0 197.0 527.0 244.0
harbor 436.0 263.0 543.0 303.0
harbor 195.0 322.0 725.0 375.0
harbor 195.0 445.0 790.0 494.0
harbor 496.0 176.0 528.0 187.0
ship 2.0 121.0 48.0 142.0
ship 95.0 106.0 128.0 118.0
ship 256.0 120.0 317.0 137.0
ship 255.0 145.0 313.0 164.0
ship 357.0 118.0 408.0 137.0
ship 321.0 144.0 369.0 163.0
ship 256.0 199.0 311.0 218.0
ship 199.0 198.0 254.0 217.0
ship 358.0 197.0 415.0 218.0
ship 425.0 198.0 480.0 217.0
ship 308.0 225.0 363.0 244.0
ship 344.0 325.0 399.0 344.0
ship 196.0 328.0 251.0 347.0
ship 203.0 354.0 258.0 373.0
ship 417.0 322.0 481.0 342.0
ship 543.0 322.0 607.0 342.0
ship 606.0 319.0 670.0 339.0
ship 711.0 475.0 787.0 494.0
ship 624.0 445.0 692.0 468.0
ship 196.0 473.0 252.0 494.0
ship 253.0 448.0 309.0 469.0
ship 311.0 446.0 367.0 467.0
ship 549.0 347.0 605.0 368.0
ship 609.0 346.0 665.0 367.0
ship 308.0 349.0 364.0 370.0
ship 665.0 345.0 721.0 366.0
ship 563.0 447.0 619.0 468.0
ship 508.0 445.0 564.0 466.0
ship 424.0 447.0 480.0 468.0
ship 371.0 445.0 421.0 465.0
ship 644.0 473.0 705.0 493.0
ship 256.0 323.0 336.0 346.0
ship 266.0 355.0 302.0 368.0
ship 496.0 351.0 544.0 367.0
ship 675.0 322.0 722.0 339.0
ship 257.0 227.0 304.0 244.0
ship 373.0 226.0 411.0 240.0
ship 440.0 265.0 479.0 281.0
ship 444.0 287.0 479.0 298.0
ship 491.0 265.0 534.0 281.0
ship 495.0 283.0 539.0 303.0
ship 488.0 118.0 534.0 134.0
ship 489.0 138.0 530.0 154.0
ship 428.0 144.0 474.0 157.0
ship 438.0 72.0 480.0 91.0
ship 497.0 94.0 528.0 104.0
ship 603.0 96.0 634.0 106.0
ship 602.0 205.0 633.0 215.0
ship 609.0 225.0 640.0 235.0
ship 496.0 223.0 518.0 236.0
ship 499.0 212.0 520.0 222.0
ship 607.0 120.0 632.0 132.0
ship 644.0 118.0 669.0 130.0
ship 609.0 137.0 634.0 149.0
ship 605.0 160.0 630.0 172.0
ship 447.0 126.0 479.0 134.0
ship 643.0 201.0 680.0 215.0
