harbor 24.0 134.0 61.0 196.0
harbor 123.0 171.0 154.0 293.0
harbor 197.0 271.0 328.0 303.0
harbor 175.0 311.0 355.0 662.0
harbor 413.0 187.0 542.0 648.0
harbor 604.0 214.0 767.0 682.0
vehicle 439.0 81.0 449.0 102.0
vehicle 527.0 117.0 539.0 146.0
vehicle 593.0 129.0 603.0 153.0
harbor 230.0 162.0 263.0 242.0
vehicle 694.0 136.0 706.0 159.0
vehicle 739.0 140.0 750.0 165.0
ship 177.0 588.0 249.0 624.0
ship 208.0 524.0 262.0 547.0
ship 293.0 516.0 333.0 537.0
ship 239.0 417.0 281.0 438.0
ship 233.0 442.0 261.0 456.0
ship 316.0 417.0 361.0 439.0
ship 275.0 586.0 316.0 606.0
ship 420.0 323.0 457.0 338.0
ship 480.0 319.0 543.0 350.0
ship 425.0 374.0 460.0 387.0
ship 417.0 395.0 456.0 408.0
ship 480.0 359.0 528.0 378.0
ship 482.0 411.0 525.0 425.0
ship 411.0 469.0 460.0 485.0
ship 422.0 493.0 459.0 505.0
ship 411.0 513.0 458.0 532.0
ship 420.0 540.0 456.0 551.0
ship 479.0 465.0 533.0 484.0
ship 481.0 518.0 533.0 540.0
ship 483.0 574.0 533.0 591.0
ship 620.0 610.0 672.0 627.0
ship 626.0 644.0 677.0 661.0
ship 699.0 633.0 767.0 655.0
ship 622.0 550.0 666.0 562.0
ship 692.0 535.0 748.0 555.0
ship 694.0 573.0 745.0 588.0
ship 608.0 494.0 662.0 509.0
ship 685.0 477.0 735.0 494.0
ship 613.0 433.0 655.0 447.0
ship 679.0 451.0 736.0 469.0
ship 610.0 411.0 650.0 424.0
ship 676.0 389.0 733.0 411.0
ship 670.0 320.0 733.0 352.0
ship 606.0 351.0 650.0 366.0
ship 111.0 256.0 128.0 288.0
ship 408.0 616.0 455.0 631.0
ship 478.0 609.0 538.0 631.0
