harbor 459.0 439.0 800.0 784.0
ship 336.0 66.0 498.0 119.0
ship 332.0 152.0 465.0 224.0
ship 539.0 123.0 666.0 255.0
ship 460.0 691.0 486.0 778.0
ship 483.0 609.0 543.0 783.0
ship 533.0 604.0 599.0 632.0
ship 557.0 656.0 588.0 736.0
ship 598.0 555.0 627.0 615.0
ship 616.0 650.0 645.0 720.0
ship 655.0 633.0 683.0 698.0
ship 681.0 627.0 711.0 699.0
ship 722.0 617.0 746.0 679.0
ship 743.0 607.0 779.0 676.0
ship 752.0 681.0 784.0 743.0
ship 752.0 523.0 779.0 582.0
ship 711.0 523.0 737.0 593.0
ship 652.0 440.0 708.0 602.0
