vehicle 303.0 284.0 318.0 315.0
vehicle 268.0 449.0 283.0 481.0
harbor 18.0 568.0 66.0 636.0
harbor 136.0 611.0 182.0 684.0
harbor 454.0 464.0 564.0 507.0
ship 608.0 241.0 650.0 259.0
ship 605.0 425.0 649.0 447.0
harbor 441.0 236.0 664.0 451.0
harbor 432.0 135.0 521.0 161.0
vehicle 40.0 213.0 54.0 242.0
ship 578.0 382.0 599.0 420.0
ship 583.0 254.0 603.0 295.0
ship 507.0 329.0 535.0 360.0
ship 530.0 297.0 571.0 331.0
ship 540.0 349.0 566.0 380.0
ship 500.0 465.0 532.0 483.0
ship 533.0 493.0 566.0 508.0
ship 482.0 133.0 519.0 150.0
ship 19.0 597.0 43.0 634.0
ship 139.0 649.0 181.0 685.0
ship 608.0 389.0 653.0 418.0
ship 614.0 348.0 652.0 365.0
ship 611.0 369.0 650.0 381.0
ship 611.0 323.0 653.0 339.0
ship 610.0 305.0 646.0 321.0
ship 613.0 283.0 646.0 298.0
ship 613.0 266.0 650.0 282.0
ship 587.0 301.0 601.0 331.0
vehicle 291.0 328.0 310.0 365.0
