vehicle 177.0 567.0 182.0 576.0
vehicle 169.0 557.0 177.0 567.0
vehicle 95.0 458.0 104.0 465.0
vehicle 100.0 470.0 107.0 479.0
vehicle 142.0 524.0 149.0 535.0
vehicle 114.0 480.0 124.0 490.0
vehicle 126.0 508.0 133.0 516.0
vehicle 155.0 541.0 163.0 550.0
vehicle 196.0 591.0 205.0 603.0
tenniscourt 700.0 524.0 723.0 564.0
vehicle 652.0 570.0 661.0 581.0
vehicle 655.0 604.0 658.0 614.0
vehicle 682.0 583.0 686.0 591.0
vehicle 686.0 604.0 690.0 614.0
vehicle 664.0 605.0 669.0 613.0
vehicle 699.0 599.0 709.0 605.0
vehicle 712.0 607.0 715.0 615.0
vehicle 690.0 605.0 694.0 614.0
vehicle 695.0 605.0 699.0 614.0
