harbor 10.0 1.0 355.0 239.0
harbor 430.0 1.0 600.0 251.0
harbor 591.0 3.0 633.0 89.0
harbor 633.0 2.0 706.0 109.0
harbor 737.0 8.0 771.0 103.0
ship 86.0 175.0 111.0 245.0
ship 254.0 167.0 279.0 237.0
ship 321.0 164.0 345.0 224.0
ship 560.0 173.0 588.0 254.0
ship 748.0 33.0 773.0 101.0
ship 678.0 11.0 704.0 90.0
ship 634.0 6.0 663.0 102.0
ship 603.0 10.0 633.0 84.0
ship 557.0 17.0 578.0 80.0
ship 482.0 29.0 540.0 54.0
ship 463.0 60.0 534.0 88.0
ship 429.0 93.0 534.0 130.0
ship 430.0 128.0 527.0 159.0
ship 147.0 3.0 208.0 26.0
ship 84.0 1.0 127.0 16.0
ship 68.0 22.0 122.0 49.0
ship 63.0 81.0 107.0 104.0
ship 30.0 132.0 74.0 155.0
