tenniscourt 407.0 421.0 461.0 539.0
tenniscourt 540.0 601.0 594.0 719.0
tenniscourt 474.0 601.0 528.0 719.0
tenniscourt 406.0 601.0 460.0 719.0
tenniscourt 540.0 420.0 594.0 538.0
tenniscourt 473.0 420.0 527.0 538.0
baseballfield 409.0 27.0 558.0 183.0
vehicle 283.0 454.0 307.0 464.0
vehicle 311.0 455.0 332.0 464.0
vehicle 333.0 508.0 344.0 532.0
vehicle 334.0 537.0 343.0 558.0
vehicle 293.0 620.0 318.0 631.0
vehicle 334.0 654.0 344.0 680.0
vehicle 46.0 529.0 59.0 555.0
vehicle 13.0 754.0 22.0 774.0
vehicle 27.0 748.0 38.0 771.0
vehicle 350.0 147.0 364.0 175.0
vehicle 331.0 72.0 344.0 98.0
vehicle 329.0 1.0 343.0 21.0
