airplane 437.0 13.0 497.0 52.0
airplane 13.0 528.0 58.0 583.0
airplane 77.0 531.0 120.0 579.0
airplane 143.0 532.0 182.0 586.0
airplane 206.0 532.0 245.0 590.0
airplane 263.0 535.0 305.0 590.0
airplane 211.0 458.0 245.0 487.0
airplane 267.0 439.0 307.0 495.0
airplane 358.0 407.0 399.0 461.0
airplane 402.0 392.0 446.0 445.0
airplane 452.0 372.0 488.0 437.0
airplane 495.0 360.0 537.0 413.0
airplane 594.0 336.0 631.0 383.0
airplane 637.0 310.0 677.0 365.0
airplane 698.0 227.0 780.0 318.0
airplane 375.0 504.0 456.0 579.0
airplane 464.0 503.0 545.0 595.0
airplane 551.0 506.0 633.0 595.0
airplane 638.0 506.0 715.0 595.0
airplane 730.0 511.0 800.0 597.0
airplane 87.0 621.0 147.0 689.0
airplane 425.0 664.0 476.0 706.0
airplane 44.0 718.0 86.0 763.0
airplane 162.0 717.0 205.0 765.0
airplane 219.0 710.0 292.0 792.0
airplane 324.0 710.0 397.0 794.0
airplane 413.0 732.0 449.0 794.0
airplane 464.0 725.0 545.0 796.0
airplane 543.0 727.0 581.0 779.0
airplane 591.0 718.0 665.0 794.0
airplane 672.0 725.0 714.0 777.0
airplane 723.0 723.0 796.0 792.0
