vehicle 12.0 427.0 33.0 432.0
vehicle 310.0 434.0 333.0 441.0
vehicle 276.0 476.0 297.0 483.0
vehicle 278.0 489.0 300.0 497.0
vehicle 307.0 474.0 327.0 481.0
vehicle 256.0 551.0 280.0 557.0
vehicle 301.0 556.0 323.0 563.0
vehicle 297.0 535.0 320.0 544.0
vehicle 324.0 537.0 346.0 544.0
vehicle 326.0 556.0 348.0 562.0
vehicle 327.0 511.0 349.0 521.0
vehicle 370.0 511.0 390.0 517.0
vehicle 370.0 537.0 393.0 543.0
vehicle 360.0 467.0 383.0 475.0
vehicle 418.0 497.0 437.0 502.0
vehicle 393.0 512.0 413.0 519.0
vehicle 474.0 434.0 498.0 440.0
vehicle 491.0 345.0 514.0 352.0
Expressway-Service-area 81.0 436.0 681.0 669.0
Expressway-Service-area 182.0 132.0 786.0 405.0
