storagetank 121.0 284.0 174.0 332.0
storagetank 118.0 349.0 169.0 398.0
storagetank 112.0 413.0 168.0 464.0
storagetank 110.0 475.0 163.0 527.0
storagetank 188.0 480.0 239.0 530.0
storagetank 262.0 485.0 320.0 535.0
storagetank 344.0 488.0 393.0 541.0
storagetank 258.0 551.0 312.0 600.0
storagetank 337.0 557.0 389.0 607.0
storagetank 252.0 614.0 310.0 670.0
storagetank 334.0 621.0 391.0 670.0
storagetank 327.0 686.0 385.0 743.0
ship 495.0 547.0 533.0 677.0
ship 646.0 45.0 717.0 138.0
ship 691.0 82.0 760.0 173.0
bridge 1.0 4.0 37.0 42.0
bridge 143.0 115.0 174.0 158.0
harbor 455.0 253.0 591.0 288.0
harbor 483.0 63.0 739.0 211.0
harbor 418.0 500.0 469.0 715.0
harbor 305.0 719.0 320.0 792.0
