harbor 99.0 256.0 498.0 433.0
harbor 84.0 44.0 484.0 227.0
harbor 65.0 581.0 185.0 800.0
ship 88.0 684.0 102.0 715.0
ship 82.0 67.0 96.0 111.0
ship 106.0 65.0 124.0 122.0
ship 154.0 62.0 167.0 97.0
ship 110.0 163.0 125.0 200.0
ship 140.0 188.0 155.0 223.0
ship 182.0 96.0 197.0 133.0
ship 202.0 64.0 214.0 98.0
ship 225.0 68.0 243.0 126.0
ship 249.0 61.0 266.0 104.0
ship 302.0 90.0 312.0 123.0
ship 328.0 51.0 339.0 82.0
ship 346.0 53.0 352.0 68.0
ship 348.0 66.0 368.0 118.0
ship 375.0 81.0 392.0 122.0
ship 402.0 173.0 416.0 205.0
ship 334.0 174.0 350.0 214.0
ship 286.0 144.0 297.0 167.0
ship 254.0 143.0 266.0 168.0
ship 238.0 150.0 249.0 180.0
ship 209.0 188.0 222.0 219.0
ship 185.0 171.0 204.0 220.0
ship 98.0 294.0 116.0 342.0
ship 120.0 289.0 137.0 333.0
ship 171.0 292.0 188.0 339.0
ship 194.0 326.0 205.0 339.0
ship 218.0 277.0 234.0 325.0
ship 249.0 290.0 265.0 332.0
ship 224.0 331.0 238.0 337.0
ship 296.0 290.0 312.0 328.0
ship 361.0 265.0 377.0 306.0
ship 393.0 270.0 408.0 308.0
ship 129.0 347.0 149.0 404.0
ship 156.0 366.0 175.0 424.0
ship 176.0 355.0 188.0 385.0
ship 202.0 357.0 221.0 405.0
ship 249.0 343.0 271.0 400.0
ship 278.0 378.0 293.0 421.0
ship 303.0 362.0 318.0 401.0
ship 368.0 344.0 385.0 388.0
ship 401.0 333.0 415.0 365.0
ship 101.0 585.0 127.0 636.0
ship 142.0 584.0 153.0 605.0
