harbor 160.0 478.0 752.0 659.0
ship 162.0 442.0 211.0 460.0
harbor 217.0 282.0 800.0 458.0
harbor 229.0 28.0 800.0 210.0
ship 229.0 80.0 325.0 109.0
ship 224.0 122.0 320.0 151.0
ship 344.0 36.0 368.0 95.0
ship 372.0 32.0 395.0 98.0
ship 432.0 32.0 455.0 98.0
ship 491.0 33.0 514.0 99.0
ship 489.0 31.0 512.0 97.0
ship 521.0 30.0 544.0 96.0
ship 639.0 35.0 662.0 101.0
ship 670.0 34.0 693.0 100.0
ship 726.0 32.0 750.0 106.0
ship 622.0 128.0 646.0 202.0
ship 685.0 130.0 716.0 207.0
ship 719.0 127.0 750.0 204.0
ship 761.0 133.0 792.0 210.0
ship 372.0 282.0 395.0 350.0
ship 432.0 280.0 458.0 357.0
ship 460.0 280.0 486.0 357.0
ship 490.0 283.0 516.0 360.0
ship 554.0 293.0 576.0 358.0
ship 615.0 296.0 637.0 361.0
ship 710.0 289.0 731.0 364.0
ship 737.0 391.0 756.0 460.0
ship 709.0 387.0 733.0 461.0
ship 682.0 385.0 699.0 453.0
ship 652.0 384.0 675.0 449.0
ship 589.0 381.0 619.0 453.0
ship 536.0 377.0 559.0 445.0
ship 508.0 380.0 528.0 443.0
ship 483.0 375.0 503.0 438.0
ship 453.0 372.0 473.0 435.0
ship 425.0 373.0 445.0 436.0
ship 397.0 369.0 417.0 432.0
ship 364.0 371.0 387.0 433.0
ship 334.0 369.0 357.0 431.0
ship 350.0 493.0 372.0 547.0
ship 451.0 516.0 469.0 567.0
ship 475.0 518.0 493.0 569.0
ship 501.0 518.0 519.0 569.0
ship 523.0 515.0 547.0 577.0
ship 622.0 534.0 642.0 590.0
ship 671.0 535.0 691.0 591.0
ship 689.0 546.0 709.0 602.0
ship 573.0 609.0 696.0 650.0
ship 196.0 481.0 305.0 521.0
ship 182.0 514.0 294.0 566.0
ship 162.0 562.0 292.0 604.0
ship 193.0 610.0 283.0 645.0
ship 310.0 568.0 337.0 629.0
ship 336.0 578.0 363.0 639.0
ship 363.0 579.0 390.0 640.0
