airplane 198.0 33.0 254.0 85.0
airplane 182.0 140.0 231.0 191.0
airplane 293.0 241.0 350.0 283.0
airplane 226.0 267.0 308.0 350.0
airplane 200.0 370.0 282.0 442.0
airplane 300.0 392.0 351.0 436.0
airplane 287.0 452.0 367.0 524.0
airplane 382.0 660.0 454.0 724.0
airplane 476.0 656.0 531.0 700.0
airplane 415.0 1.0 503.0 70.0
airplane 441.0 76.0 531.0 159.0
airplane 480.0 166.0 570.0 238.0
airplane 615.0 479.0 693.0 551.0
airplane 642.0 564.0 709.0 618.0
airplane 662.0 632.0 736.0 686.0
vehicle 18.0 618.0 33.0 641.0
vehicle 10.0 621.0 23.0 636.0
vehicle 104.0 709.0 121.0 728.0
