harbor 141.0 307.0 536.0 417.0
harbor 173.0 508.0 415.0 690.0
harbor 513.0 190.0 763.0 342.0
harbor 537.0 404.0 717.0 507.0
harbor 460.0 498.0 540.0 568.0
ship 218.0 313.0 235.0 353.0
ship 241.0 311.0 257.0 356.0
ship 138.0 368.0 157.0 411.0
ship 182.0 370.0 197.0 411.0
ship 219.0 370.0 237.0 406.0
ship 298.0 366.0 316.0 410.0
ship 342.0 370.0 356.0 408.0
ship 339.0 312.0 356.0 357.0
ship 379.0 315.0 398.0 357.0
ship 463.0 316.0 477.0 357.0
ship 482.0 315.0 497.0 355.0
ship 548.0 409.0 564.0 458.0
ship 180.0 517.0 200.0 576.0
ship 209.0 529.0 229.0 588.0
ship 241.0 534.0 260.0 585.0
ship 327.0 531.0 347.0 588.0
ship 177.0 611.0 204.0 691.0
ship 268.0 620.0 288.0 679.0
ship 296.0 611.0 318.0 682.0
ship 324.0 621.0 342.0 673.0
ship 351.0 609.0 373.0 672.0
ship 478.0 510.0 493.0 559.0
ship 512.0 497.0 533.0 555.0
ship 438.0 635.0 511.0 660.0
ship 449.0 665.0 505.0 684.0
ship 404.0 705.0 471.0 722.0
ship 551.0 669.0 605.0 687.0
ship 622.0 580.0 643.0 627.0
ship 610.0 723.0 654.0 745.0
ship 512.0 226.0 533.0 283.0
ship 550.0 210.0 567.0 258.0
ship 544.0 282.0 567.0 341.0
ship 577.0 274.0 598.0 329.0
ship 607.0 275.0 624.0 325.0
ship 574.0 204.0 591.0 253.0
ship 597.0 211.0 612.0 252.0
ship 619.0 203.0 639.0 256.0
ship 628.0 268.0 649.0 328.0
ship 664.0 198.0 683.0 251.0
ship 689.0 198.0 709.0 252.0
ship 711.0 198.0 730.0 244.0
ship 735.0 201.0 751.0 246.0
ship 658.0 268.0 678.0 327.0
ship 681.0 266.0 703.0 324.0
ship 732.0 261.0 754.0 324.0
ship 718.0 276.0 729.0 299.0
ship 702.0 427.0 716.0 461.0
ship 687.0 472.0 698.0 498.0
ship 610.0 473.0 623.0 502.0
ship 676.0 586.0 691.0 632.0
vehicle 513.0 594.0 523.0 618.0
vehicle 577.0 587.0 587.0 610.0
vehicle 735.0 627.0 746.0 652.0
vehicle 757.0 624.0 768.0 648.0
