harbor 76.0 55.0 746.0 289.0
harbor 21.0 371.0 759.0 735.0
ship 134.0 82.0 156.0 131.0
ship 168.0 86.0 192.0 137.0
ship 204.0 78.0 229.0 143.0
ship 243.0 77.0 268.0 142.0
ship 279.0 80.0 304.0 145.0
ship 394.0 96.0 416.0 153.0
ship 430.0 93.0 455.0 160.0
ship 541.0 104.0 566.0 171.0
ship 618.0 117.0 643.0 180.0
ship 657.0 126.0 682.0 189.0
ship 641.0 204.0 671.0 285.0
ship 676.0 134.0 731.0 290.0
ship 596.0 196.0 630.0 288.0
ship 555.0 195.0 586.0 262.0
ship 514.0 186.0 542.0 270.0
ship 466.0 187.0 498.0 261.0
ship 423.0 178.0 458.0 268.0
ship 379.0 176.0 414.0 266.0
ship 339.0 175.0 371.0 250.0
ship 297.0 167.0 330.0 250.0
ship 250.0 171.0 276.0 231.0
ship 211.0 160.0 243.0 244.0
ship 163.0 154.0 198.0 243.0
ship 30.0 459.0 77.0 561.0
ship 75.0 470.0 124.0 580.0
ship 126.0 490.0 173.0 583.0
ship 174.0 491.0 221.0 600.0
ship 217.0 501.0 264.0 610.0
ship 260.0 514.0 313.0 636.0
ship 310.0 536.0 363.0 658.0
ship 364.0 549.0 414.0 650.0
ship 407.0 554.0 465.0 669.0
ship 456.0 565.0 514.0 680.0
ship 518.0 574.0 564.0 676.0
ship 571.0 591.0 617.0 693.0
ship 613.0 610.0 666.0 730.0
ship 666.0 530.0 749.0 721.0
ship 643.0 469.0 696.0 584.0
ship 609.0 501.0 648.0 564.0
ship 552.0 489.0 589.0 556.0
ship 511.0 474.0 548.0 541.0
ship 470.0 472.0 507.0 539.0
ship 428.0 454.0 461.0 532.0
ship 382.0 431.0 423.0 522.0
ship 340.0 431.0 379.0 511.0
ship 300.0 426.0 339.0 506.0
ship 257.0 400.0 298.0 488.0
ship 214.0 394.0 255.0 482.0
ship 171.0 398.0 209.0 471.0
ship 129.0 376.0 167.0 462.0
