harbor 604.0 206.0 663.0 370.0
ship 662.0 451.0 685.0 499.0
harbor 208.0 272.0 262.0 514.0
harbor 442.0 255.0 499.0 496.0
harbor 92.0 245.0 136.0 533.0
ship 397.0 516.0 420.0 525.0
ship 43.0 349.0 56.0 367.0
ship 110.0 367.0 134.0 411.0
ship 89.0 429.0 105.0 484.0
ship 114.0 422.0 135.0 461.0
ship 104.0 253.0 129.0 306.0
ship 206.0 368.0 227.0 407.0
ship 212.0 430.0 228.0 463.0
ship 617.0 325.0 637.0 370.0
ship 242.0 446.0 261.0 482.0
ship 208.0 319.0 221.0 348.0
ship 207.0 280.0 220.0 311.0
ship 448.0 357.0 464.0 396.0
ship 481.0 405.0 497.0 447.0
ship 484.0 451.0 500.0 488.0
ship 616.0 271.0 634.0 307.0
ship 606.0 206.0 625.0 259.0
ship 638.0 209.0 668.0 260.0
ship 442.0 258.0 457.0 298.0
ship 470.0 258.0 487.0 294.0
ship 296.0 523.0 322.0 551.0
ship 314.0 522.0 341.0 548.0
ship 325.0 524.0 352.0 549.0
ship 346.0 519.0 368.0 537.0
ship 578.0 503.0 605.0 519.0
ship 593.0 503.0 619.0 517.0
ship 607.0 503.0 632.0 515.0
ship 625.0 501.0 647.0 522.0
