vehicle 294.0 156.0 310.0 198.0
vehicle 366.0 162.0 378.0 198.0
vehicle 492.0 318.0 501.0 364.0
vehicle 481.0 554.0 490.0 575.0
vehicle 495.0 458.0 520.0 488.0
vehicle 498.0 441.0 519.0 458.0
vehicle 492.0 418.0 516.0 431.0
vehicle 492.0 402.0 516.0 418.0
vehicle 664.0 351.0 699.0 372.0
vehicle 670.0 285.0 699.0 318.0
vehicle 669.0 246.0 696.0 274.0
bridge 375.0 721.0 434.0 800.0
Expressway-Service-area 20.0 58.0 331.0 590.0
Expressway-Service-area 465.0 71.0 781.0 736.0
bridge 286.0 599.0 318.0 708.0
