ship 9.0 521.0 47.0 541.0
ship 91.0 445.0 120.0 464.0
ship 202.0 377.0 243.0 401.0
ship 259.0 389.0 289.0 409.0
ship 324.0 315.0 363.0 335.0
ship 470.0 238.0 504.0 262.0
ship 661.0 135.0 696.0 159.0
ship 712.0 82.0 741.0 105.0
harbor 9.0 511.0 80.0 646.0
harbor 128.0 441.0 203.0 579.0
harbor 250.0 403.0 331.0 543.0
harbor 326.0 350.0 370.0 425.0
harbor 378.0 335.0 465.0 427.0
harbor 656.0 193.0 714.0 286.0
storagetank 1.0 689.0 11.0 699.0
storagetank 16.0 677.0 27.0 686.0
storagetank 28.0 665.0 39.0 676.0
storagetank 40.0 655.0 52.0 665.0
storagetank 444.0 699.0 455.0 710.0
storagetank 458.0 693.0 471.0 704.0
storagetank 465.0 706.0 478.0 719.0
storagetank 451.0 714.0 463.0 725.0
storagetank 452.0 736.0 464.0 748.0
storagetank 466.0 724.0 484.0 742.0
storagetank 458.0 751.0 473.0 763.0
storagetank 474.0 743.0 493.0 760.0
storagetank 485.0 761.0 500.0 777.0
storagetank 464.0 766.0 479.0 777.0
storagetank 471.0 781.0 485.0 794.0
storagetank 492.0 779.0 508.0 794.0
storagetank 533.0 639.0 559.0 665.0
storagetank 562.0 637.0 585.0 660.0
storagetank 546.0 666.0 573.0 689.0
storagetank 576.0 675.0 597.0 696.0
storagetank 615.0 665.0 629.0 675.0
storagetank 621.0 686.0 634.0 700.0
storagetank 619.0 705.0 641.0 727.0
storagetank 642.0 674.0 662.0 693.0
storagetank 643.0 698.0 664.0 718.0
