ship 57.0 582.0 111.0 610.0
ship 237.0 139.0 255.0 156.0
ship 34.0 748.0 89.0 772.0
ship 472.0 766.0 547.0 792.0
harbor 582.0 27.0 763.0 349.0
harbor 146.0 103.0 191.0 343.0
harbor 271.0 125.0 307.0 355.0
harbor 352.0 117.0 383.0 307.0
harbor 414.0 63.0 540.0 371.0
ship 146.0 327.0 181.0 346.0
ship 181.0 307.0 191.0 331.0
ship 356.0 297.0 379.0 309.0
ship 413.0 358.0 455.0 371.0
ship 459.0 327.0 472.0 358.0
ship 580.0 294.0 625.0 314.0
ship 603.0 316.0 620.0 347.0
ship 620.0 316.0 639.0 346.0
ship 636.0 310.0 653.0 342.0
ship 664.0 299.0 681.0 335.0
ship 678.0 297.0 699.0 330.0
ship 695.0 290.0 713.0 324.0
ship 711.0 289.0 727.0 318.0
ship 726.0 281.0 744.0 316.0
ship 743.0 279.0 764.0 318.0
