harbor 220.0 14.0 345.0 95.0
harbor 270.0 51.0 365.0 168.0
harbor 698.0 724.0 792.0 800.0
ship 148.0 25.0 163.0 48.0
ship 39.0 104.0 72.0 159.0
ship 34.0 118.0 61.0 163.0
ship 120.0 173.0 140.0 214.0
ship 233.0 128.0 245.0 149.0
ship 167.0 260.0 186.0 292.0
ship 123.0 293.0 150.0 339.0
ship 72.0 306.0 81.0 330.0
ship 253.0 365.0 267.0 402.0
ship 128.0 392.0 138.0 415.0
ship 384.0 355.0 402.0 382.0
ship 399.0 394.0 417.0 416.0
ship 20.0 589.0 45.0 615.0
ship 219.0 575.0 245.0 609.0
ship 116.0 675.0 143.0 708.0
ship 235.0 732.0 248.0 757.0
ship 230.0 736.0 241.0 756.0
ship 296.0 637.0 312.0 672.0
ship 464.0 646.0 479.0 694.0
ship 473.0 511.0 492.0 536.0
ship 516.0 581.0 535.0 607.0
ship 546.0 579.0 564.0 604.0
ship 142.0 600.0 159.0 626.0
ship 155.0 767.0 171.0 799.0
ship 336.0 742.0 349.0 762.0
ship 454.0 772.0 475.0 797.0
ship 615.0 551.0 634.0 576.0
ship 686.0 737.0 739.0 799.0
ship 675.0 746.0 723.0 797.0
ship 666.0 624.0 685.0 651.0
ship 293.0 487.0 313.0 526.0
ship 302.0 488.0 317.0 517.0
ship 308.0 488.0 321.0 516.0
ship 316.0 483.0 329.0 512.0
groundtrackfield 388.0 1.0 459.0 57.0
