vehicle 515.0 352.0 538.0 381.0
vehicle 557.0 406.0 580.0 438.0
vehicle 592.0 474.0 617.0 504.0
vehicle 496.0 409.0 523.0 441.0
vehicle 451.0 473.0 477.0 508.0
vehicle 469.0 492.0 489.0 524.0
vehicle 522.0 383.0 554.0 421.0
vehicle 508.0 419.0 542.0 459.0
vehicle 554.0 449.0 575.0 479.0
vehicle 584.0 428.0 608.0 460.0
vehicle 498.0 511.0 523.0 541.0
vehicle 535.0 533.0 559.0 565.0
vehicle 564.0 553.0 588.0 585.0
vehicle 277.0 744.0 301.0 779.0
vehicle 626.0 166.0 651.0 199.0
vehicle 644.0 132.0 671.0 162.0
vehicle 687.0 51.0 713.0 81.0
vehicle 676.0 82.0 702.0 111.0
vehicle 665.0 105.0 685.0 131.0
ship 213.0 409.0 287.0 592.0
ship 335.0 237.0 386.0 334.0
vehicle 541.0 197.0 572.0 217.0
vehicle 566.0 92.0 601.0 118.0
vehicle 581.0 55.0 611.0 78.0
vehicle 599.0 23.0 629.0 46.0
vehicle 773.0 49.0 800.0 68.0
ship 343.0 259.0 355.0 279.0
