windmill 229.0 138.0 237.0 158.0
windmill 89.0 109.0 102.0 131.0
windmill 335.0 193.0 346.0 210.0
windmill 429.0 103.0 441.0 120.0
windmill 438.0 252.0 449.0 272.0
windmill 413.0 347.0 425.0 359.0
windmill 15.0 526.0 27.0 539.0
windmill 129.0 498.0 137.0 514.0
windmill 496.0 387.0 507.0 402.0
windmill 569.0 324.0 580.0 337.0
windmill 611.0 503.0 622.0 516.0
windmill 694.0 508.0 703.0 521.0
windmill 635.0 680.0 643.0 692.0
windmill 627.0 768.0 637.0 780.0
windmill 480.0 757.0 489.0 774.0
windmill 402.0 771.0 410.0 783.0
