airplane 6.0 415.0 45.0 458.0
airplane 65.0 418.0 115.0 475.0
airplane 24.0 466.0 78.0 502.0
airplane 165.0 413.0 204.0 439.0
airplane 152.0 430.0 201.0 487.0
airplane 242.0 414.0 284.0 445.0
airplane 209.0 437.0 260.0 486.0
airplane 257.0 447.0 293.0 474.0
airplane 9.0 566.0 57.0 613.0
airplane 41.0 552.0 83.0 581.0
airplane 76.0 539.0 115.0 567.0
airplane 6.0 613.0 51.0 666.0
airplane 134.0 513.0 165.0 540.0
airplane 114.0 537.0 154.0 565.0
airplane 145.0 552.0 184.0 581.0
airplane 57.0 592.0 113.0 649.0
airplane 90.0 564.0 142.0 603.0
airplane 105.0 588.0 157.0 640.0
airplane 90.0 626.0 131.0 657.0
airplane 147.0 610.0 197.0 671.0
airplane 163.0 517.0 202.0 546.0
airplane 179.0 545.0 220.0 575.0
airplane 188.0 598.0 234.0 652.0
airplane 217.0 481.0 251.0 513.0
airplane 187.0 491.0 222.0 519.0
airplane 203.0 519.0 244.0 546.0
airplane 204.0 537.0 279.0 624.0
airplane 230.0 600.0 288.0 661.0
airplane 260.0 580.0 299.0 611.0
airplane 285.0 544.0 339.0 586.0
airplane 295.0 469.0 414.0 551.0
airplane 297.0 391.0 344.0 431.0
airplane 345.0 392.0 391.0 428.0
airplane 384.0 393.0 424.0 430.0
airplane 285.0 600.0 342.0 664.0
airplane 330.0 593.0 378.0 643.0
airplane 382.0 590.0 433.0 642.0
airplane 428.0 589.0 470.0 645.0
airplane 377.0 206.0 414.0 240.0
airplane 412.0 144.0 448.0 167.0
airplane 493.0 169.0 556.0 223.0
airplane 533.0 166.0 579.0 198.0
airplane 548.0 187.0 595.0 229.0
airplane 490.0 210.0 522.0 234.0
airplane 581.0 166.0 635.0 206.0
airplane 582.0 209.0 635.0 260.0
airplane 591.0 259.0 643.0 309.0
airplane 592.0 301.0 644.0 356.0
airplane 614.0 45.0 652.0 71.0
airplane 635.0 69.0 670.0 100.0
airplane 653.0 48.0 681.0 73.0
airplane 686.0 47.0 723.0 73.0
airplane 729.0 50.0 760.0 77.0
airplane 755.0 72.0 799.0 125.0
airplane 758.0 121.0 783.0 158.0
airplane 738.0 142.0 764.0 185.0
airplane 705.0 219.0 733.0 260.0
airplane 690.0 262.0 752.0 308.0
airplane 700.0 313.0 764.0 372.0
airplane 716.0 360.0 778.0 418.0
airplane 716.0 414.0 764.0 465.0
airplane 661.0 520.0 711.0 559.0
vehicle 221.0 36.0 239.0 43.0
vehicle 262.0 209.0 271.0 225.0
vehicle 194.0 358.0 216.0 367.0
vehicle 216.0 417.0 234.0 425.0
vehicle 392.0 333.0 402.0 354.0
vehicle 424.0 378.0 441.0 387.0
vehicle 488.0 417.0 497.0 439.0
vehicle 500.0 420.0 508.0 438.0
vehicle 510.0 419.0 519.0 438.0
vehicle 522.0 422.0 531.0 438.0
vehicle 533.0 420.0 540.0 439.0
vehicle 543.0 420.0 550.0 437.0
vehicle 524.0 370.0 532.0 386.0
vehicle 514.0 370.0 522.0 386.0
vehicle 495.0 370.0 503.0 386.0
vehicle 554.0 370.0 560.0 387.0
vehicle 562.0 371.0 569.0 388.0
vehicle 571.0 371.0 579.0 387.0
vehicle 598.0 361.0 619.0 373.0
vehicle 617.0 551.0 627.0 573.0
vehicle 655.0 271.0 665.0 291.0
vehicle 604.0 134.0 618.0 140.0
vehicle 601.0 145.0 619.0 152.0
vehicle 605.0 155.0 622.0 164.0
vehicle 710.0 174.0 731.0 184.0
vehicle 706.0 188.0 740.0 201.0
vehicle 707.0 202.0 737.0 214.0
vehicle 600.0 49.0 609.0 69.0
