tenniscourt 339.0 676.0 368.0 733.0
vehicle 680.0 85.0 690.0 94.0
vehicle 578.0 169.0 588.0 181.0
vehicle 359.0 268.0 372.0 274.0
vehicle 350.0 265.0 359.0 273.0
vehicle 369.0 279.0 379.0 288.0
vehicle 399.0 326.0 416.0 336.0
vehicle 772.0 342.0 786.0 354.0
vehicle 710.0 461.0 718.0 473.0
vehicle 741.0 528.0 749.0 542.0
vehicle 749.0 541.0 760.0 554.0
vehicle 755.0 527.0 766.0 540.0
tenniscourt 370.0 680.0 396.0 737.0
tenniscourt 401.0 682.0 426.0 737.0
tenniscourt 431.0 682.0 456.0 741.0
tenniscourt 460.0 685.0 487.0 741.0
tenniscourt 488.0 686.0 517.0 743.0
