tenniscourt 364.0 119.0 423.0 177.0
tenniscourt 337.0 148.0 399.0 207.0
tenniscourt 403.0 201.0 460.0 263.0
tenniscourt 430.0 177.0 492.0 236.0
vehicle 441.0 129.0 452.0 142.0
vehicle 502.0 188.0 514.0 201.0
vehicle 337.0 19.0 346.0 29.0
vehicle 407.0 94.0 420.0 106.0
vehicle 753.0 13.0 763.0 23.0
vehicle 773.0 25.0 785.0 38.0
vehicle 738.0 29.0 749.0 39.0
vehicle 734.0 33.0 743.0 43.0
vehicle 763.0 38.0 773.0 48.0
vehicle 758.0 42.0 770.0 53.0
vehicle 756.0 48.0 765.0 57.0
vehicle 749.0 56.0 758.0 66.0
vehicle 743.0 57.0 755.0 68.0
vehicle 736.0 64.0 746.0 76.0
vehicle 732.0 68.0 741.0 80.0
vehicle 785.0 177.0 794.0 187.0
vehicle 782.0 209.0 794.0 220.0
vehicle 766.0 226.0 776.0 238.0
vehicle 746.0 239.0 753.0 250.0
vehicle 756.0 243.0 762.0 250.0
vehicle 727.0 349.0 738.0 361.0
vehicle 296.0 15.0 306.0 25.0
vehicle 47.0 114.0 53.0 125.0
vehicle 92.0 33.0 101.0 44.0
vehicle 99.0 40.0 107.0 49.0
vehicle 68.0 741.0 76.0 749.0
vehicle 64.0 777.0 75.0 790.0
vehicle 19.0 751.0 27.0 762.0
vehicle 706.0 696.0 717.0 708.0
vehicle 776.0 634.0 784.0 643.0
vehicle 641.0 777.0 646.0 790.0
baseballfield 1.0 274.0 81.0 354.0
baseballfield 109.0 495.0 193.0 571.0
baseballfield 181.0 545.0 300.0 674.0
baseballfield 680.0 442.0 800.0 560.0
baseballfield 195.0 262.0 296.0 351.0
