trainstation 321.0 171.0 425.0 691.0
groundtrackfield 498.0 437.0 547.0 519.0
overpass 168.0 86.0 209.0 132.0
overpass 363.0 49.0 439.0 115.0
overpass 661.0 15.0 735.0 77.0
vehicle 120.0 148.0 126.0 156.0
vehicle 136.0 151.0 147.0 154.0
vehicle 194.0 178.0 204.0 182.0
vehicle 205.0 186.0 217.0 190.0
vehicle 205.0 198.0 214.0 203.0
vehicle 187.0 217.0 192.0 229.0
vehicle 237.0 303.0 249.0 313.0
vehicle 251.0 347.0 263.0 356.0
vehicle 132.0 377.0 143.0 382.0
vehicle 3.0 380.0 15.0 384.0
vehicle 20.0 378.0 32.0 383.0
vehicle 38.0 376.0 48.0 382.0
