ship 398.0 705.0 425.0 762.0
ship 465.0 589.0 484.0 636.0
ship 465.0 454.0 476.0 476.0
ship 600.0 465.0 626.0 514.0
ship 537.0 591.0 561.0 642.0
ship 571.0 605.0 588.0 629.0
ship 617.0 580.0 632.0 613.0
ship 567.0 676.0 581.0 701.0
ship 554.0 193.0 569.0 225.0
ship 676.0 246.0 701.0 306.0
ship 682.0 373.0 694.0 393.0
ship 703.0 139.0 718.0 166.0
ship 621.0 6.0 646.0 52.0
ship 744.0 49.0 760.0 85.0
ship 763.0 77.0 786.0 121.0
bridge 173.0 138.0 186.0 153.0
bridge 83.0 286.0 99.0 294.0
bridge 25.0 458.0 47.0 473.0
