baseballfield 372.0 475.0 418.0 521.0
baseballfield 368.0 363.0 424.0 413.0
baseballfield 508.0 631.0 560.0 678.0
baseballfield 411.0 428.0 453.0 469.0
bridge 250.0 132.0 300.0 168.0
ship 156.0 316.0 161.0 327.0
ship 187.0 313.0 192.0 322.0
ship 200.0 307.0 209.0 319.0
ship 206.0 310.0 215.0 317.0
ship 219.0 301.0 227.0 311.0
ship 230.0 302.0 239.0 308.0
ship 234.0 295.0 243.0 300.0
ship 236.0 288.0 247.0 296.0
ship 242.0 283.0 250.0 291.0
ship 253.0 264.0 264.0 270.0
ship 290.0 200.0 295.0 212.0
ship 283.0 221.0 293.0 226.0
ship 231.0 54.0 239.0 61.0
ship 221.0 66.0 231.0 73.0
ship 214.0 71.0 224.0 77.0
ship 215.0 80.0 223.0 84.0
ship 216.0 87.0 229.0 92.0
ship 219.0 94.0 231.0 98.0
ship 221.0 104.0 236.0 109.0
ship 222.0 112.0 235.0 117.0
ship 224.0 122.0 236.0 126.0
ship 291.0 106.0 296.0 116.0
ship 290.0 86.0 296.0 98.0
ship 290.0 69.0 295.0 80.0
ship 290.0 50.0 297.0 63.0
ship 290.0 37.0 297.0 47.0
ship 277.0 236.0 283.0 242.0
ship 292.0 185.0 296.0 192.0
tenniscourt 660.0 585.0 672.0 613.0
tenniscourt 675.0 587.0 687.0 611.0
