harbor 241.0 662.0 769.0 752.0
harbor 395.0 464.0 727.0 612.0
harbor 197.0 309.0 741.0 503.0
harbor 109.0 202.0 699.0 285.0
ship 714.0 221.0 723.0 243.0
harbor 690.0 82.0 756.0 189.0
ship 78.0 353.0 109.0 403.0
ship 58.0 313.0 75.0 335.0
ship 109.0 230.0 138.0 280.0
ship 131.0 230.0 158.0 270.0
ship 184.0 223.0 213.0 273.0
ship 215.0 226.0 243.0 272.0
ship 240.0 221.0 268.0 270.0
ship 268.0 226.0 295.0 267.0
ship 318.0 226.0 334.0 255.0
ship 333.0 221.0 358.0 262.0
ship 406.0 222.0 417.0 255.0
ship 197.0 406.0 224.0 452.0
ship 216.0 452.0 247.0 503.0
ship 217.0 398.0 241.0 435.0
ship 266.0 446.0 284.0 472.0
ship 243.0 387.0 268.0 427.0
ship 269.0 402.0 280.0 418.0
ship 290.0 369.0 313.0 407.0
ship 298.0 423.0 322.0 459.0
ship 316.0 419.0 338.0 450.0
ship 340.0 409.0 358.0 438.0
ship 375.0 390.0 398.0 425.0
ship 351.0 341.0 373.0 380.0
ship 374.0 327.0 400.0 372.0
ship 391.0 320.0 419.0 362.0
ship 447.0 368.0 458.0 394.0
ship 485.0 372.0 497.0 397.0
ship 442.0 221.0 455.0 254.0
ship 480.0 220.0 493.0 256.0
ship 498.0 221.0 511.0 254.0
ship 557.0 220.0 571.0 257.0
ship 574.0 218.0 586.0 254.0
ship 630.0 219.0 645.0 261.0
ship 649.0 221.0 663.0 260.0
ship 671.0 218.0 683.0 257.0
ship 689.0 224.0 699.0 243.0
ship 522.0 317.0 534.0 349.0
ship 576.0 322.0 587.0 345.0
ship 523.0 367.0 535.0 396.0
ship 560.0 367.0 573.0 399.0
ship 599.0 317.0 609.0 346.0
ship 599.0 366.0 611.0 391.0
ship 653.0 311.0 664.0 346.0
ship 638.0 365.0 649.0 394.0
ship 675.0 313.0 686.0 346.0
ship 691.0 319.0 701.0 348.0
ship 713.0 316.0 726.0 347.0
ship 676.0 360.0 687.0 398.0
ship 691.0 364.0 704.0 403.0
ship 710.0 366.0 725.0 411.0
ship 725.0 149.0 735.0 177.0
ship 748.0 170.0 756.0 187.0
ship 734.0 170.0 741.0 187.0
ship 739.0 261.0 747.0 281.0
ship 713.0 467.0 724.0 494.0
ship 674.0 469.0 685.0 500.0
ship 655.0 470.0 667.0 501.0
ship 637.0 469.0 649.0 503.0
ship 615.0 470.0 630.0 502.0
ship 601.0 478.0 611.0 500.0
ship 590.0 476.0 599.0 496.0
ship 577.0 478.0 587.0 498.0
ship 563.0 478.0 572.0 500.0
ship 551.0 475.0 560.0 494.0
ship 492.0 462.0 520.0 511.0
ship 482.0 483.0 501.0 513.0
ship 454.0 479.0 482.0 529.0
ship 434.0 486.0 463.0 534.0
ship 417.0 497.0 444.0 545.0
ship 395.0 513.0 425.0 561.0
ship 417.0 561.0 443.0 606.0
ship 441.0 556.0 466.0 601.0
ship 457.0 550.0 486.0 597.0
ship 479.0 542.0 500.0 578.0
ship 501.0 531.0 523.0 572.0
ship 518.0 526.0 538.0 560.0
ship 547.0 521.0 562.0 565.0
ship 566.0 518.0 580.0 561.0
ship 589.0 519.0 603.0 565.0
ship 607.0 526.0 618.0 555.0
ship 631.0 516.0 644.0 553.0
ship 669.0 515.0 687.0 567.0
ship 691.0 519.0 705.0 559.0
ship 709.0 515.0 727.0 567.0
ship 717.0 676.0 728.0 703.0
ship 705.0 674.0 715.0 700.0
ship 693.0 676.0 703.0 699.0
ship 676.0 677.0 685.0 699.0
ship 664.0 675.0 672.0 698.0
ship 650.0 679.0 660.0 700.0
ship 621.0 676.0 631.0 697.0
ship 608.0 678.0 619.0 701.0
ship 592.0 680.0 601.0 701.0
ship 580.0 677.0 589.0 698.0
ship 550.0 679.0 557.0 692.0
ship 537.0 677.0 547.0 698.0
ship 760.0 723.0 770.0 751.0
ship 731.0 723.0 742.0 750.0
ship 689.0 721.0 700.0 744.0
ship 661.0 721.0 672.0 745.0
ship 634.0 726.0 643.0 743.0
ship 619.0 720.0 630.0 745.0
ship 605.0 722.0 615.0 745.0
ship 591.0 722.0 602.0 745.0
ship 563.0 721.0 573.0 745.0
ship 548.0 721.0 558.0 748.0
ship 522.0 724.0 531.0 745.0
ship 464.0 661.0 478.0 702.0
ship 419.0 659.0 446.0 704.0
ship 395.0 662.0 423.0 703.0
ship 329.0 663.0 355.0 708.0
ship 260.0 661.0 287.0 705.0
ship 493.0 724.0 503.0 751.0
ship 478.0 722.0 490.0 752.0
ship 464.0 723.0 476.0 747.0
ship 451.0 722.0 461.0 747.0
ship 437.0 723.0 448.0 745.0
ship 423.0 723.0 433.0 747.0
ship 409.0 724.0 420.0 748.0
ship 395.0 727.0 405.0 756.0
ship 381.0 724.0 391.0 751.0
ship 367.0 725.0 377.0 750.0
ship 353.0 725.0 364.0 748.0
ship 340.0 724.0 350.0 747.0
ship 324.0 722.0 336.0 749.0
ship 311.0 726.0 322.0 752.0
ship 284.0 727.0 294.0 750.0
ship 269.0 725.0 281.0 748.0
ship 244.0 675.0 266.0 709.0
