stadium 311.0 430.0 377.0 492.0
bridge 63.0 514.0 95.0 528.0
bridge 182.0 431.0 191.0 446.0
bridge 348.0 257.0 373.0 305.0
bridge 427.0 243.0 434.0 268.0
bridge 451.0 225.0 478.0 236.0
bridge 520.0 118.0 549.0 130.0
bridge 572.0 85.0 586.0 100.0
ship 753.0 43.0 790.0 67.0
ship 760.0 28.0 800.0 58.0
harbor 687.0 6.0 719.0 42.0
harbor 742.0 403.0 790.0 495.0
harbor 627.0 335.0 689.0 346.0
bridge 4.0 646.0 14.0 669.0
harbor 192.0 647.0 224.0 694.0
harbor 187.0 593.0 214.0 609.0
bridge 279.0 345.0 298.0 361.0
bridge 297.0 326.0 323.0 345.0
