harbor 354.0 43.0 564.0 230.0
harbor 309.0 342.0 568.0 526.0
harbor 290.0 609.0 582.0 768.0
ship 355.0 53.0 395.0 203.0
ship 401.0 47.0 427.0 124.0
ship 436.0 51.0 462.0 128.0
ship 465.0 48.0 491.0 125.0
ship 503.0 40.0 529.0 117.0
ship 533.0 47.0 556.0 101.0
ship 404.0 141.0 435.0 223.0
ship 435.0 146.0 466.0 228.0
ship 468.0 151.0 495.0 220.0
ship 509.0 145.0 536.0 214.0
ship 539.0 170.0 560.0 217.0
ship 309.0 404.0 353.0 509.0
ship 363.0 351.0 385.0 422.0
ship 362.0 441.0 384.0 512.0
ship 390.0 445.0 419.0 521.0
ship 394.0 351.0 416.0 422.0
ship 424.0 345.0 448.0 423.0
ship 424.0 443.0 447.0 513.0
ship 456.0 346.0 483.0 421.0
ship 456.0 443.0 480.0 523.0
ship 485.0 441.0 510.0 509.0
ship 521.0 449.0 546.0 517.0
ship 522.0 344.0 544.0 420.0
ship 291.0 644.0 321.0 745.0
ship 330.0 622.0 350.0 680.0
ship 330.0 700.0 352.0 763.0
ship 359.0 619.0 381.0 682.0
ship 418.0 609.0 439.0 679.0
ship 446.0 702.0 465.0 763.0
ship 478.0 706.0 497.0 767.0
ship 505.0 623.0 523.0 681.0
ship 536.0 615.0 558.0 675.0
ship 504.0 698.0 527.0 765.0
ship 539.0 703.0 560.0 762.0
