storagetank 13.0 259.0 96.0 331.0
storagetank 152.0 312.0 223.0 377.0
storagetank 524.0 239.0 561.0 269.0
storagetank 598.0 213.0 687.0 299.0
storagetank 687.0 310.0 775.0 393.0
storagetank 14.0 495.0 124.0 599.0
storagetank 149.0 497.0 258.0 599.0
storagetank 284.0 499.0 393.0 601.0
storagetank 419.0 497.0 528.0 599.0
storagetank 554.0 500.0 663.0 602.0
vehicle 264.0 304.0 280.0 313.0
vehicle 284.0 290.0 300.0 311.0
vehicle 315.0 287.0 326.0 310.0
vehicle 329.0 289.0 337.0 311.0
vehicle 339.0 295.0 348.0 319.0
