ship 258.0 54.0 294.0 67.0
ship 432.0 18.0 474.0 32.0
ship 500.0 37.0 546.0 52.0
ship 311.0 164.0 389.0 193.0
ship 437.0 217.0 466.0 225.0
ship 471.0 198.0 500.0 206.0
ship 590.0 168.0 612.0 178.0
ship 20.0 474.0 48.0 482.0
ship 21.0 480.0 47.0 488.0
ship 3.0 494.0 49.0 513.0
ship 6.0 506.0 40.0 519.0
ship 87.0 504.0 119.0 516.0
ship 88.0 512.0 119.0 521.0
ship 91.0 517.0 118.0 526.0
ship 59.0 537.0 90.0 547.0
ship 62.0 574.0 85.0 581.0
ship 124.0 528.0 168.0 538.0
ship 157.0 567.0 166.0 600.0
ship 524.0 490.0 554.0 499.0
harbor 185.0 571.0 241.0 637.0
harbor 308.0 547.0 335.0 595.0
harbor 608.0 492.0 632.0 538.0
