airplane 14.0 482.0 90.0 540.0
airplane 139.0 535.0 216.0 595.0
airplane 174.0 470.0 253.0 531.0
airplane 258.0 477.0 322.0 529.0
airplane 218.0 536.0 288.0 598.0
airplane 296.0 537.0 371.0 598.0
airplane 376.0 534.0 446.0 597.0
airplane 410.0 474.0 486.0 538.0
airplane 529.0 533.0 608.0 595.0
airplane 616.0 539.0 681.0 593.0
airplane 654.0 472.0 719.0 523.0
airplane 692.0 535.0 767.0 592.0
vehicle 403.0 189.0 428.0 277.0
vehicle 536.0 189.0 563.0 279.0
vehicle 626.0 193.0 646.0 263.0
vehicle 678.0 193.0 695.0 231.0
vehicle 761.0 182.0 783.0 242.0
