vehicle 221.0 308.0 257.0 331.0
vehicle 223.0 320.0 262.0 338.0
vehicle 353.0 277.0 387.0 294.0
vehicle 515.0 271.0 545.0 291.0
vehicle 480.0 206.0 497.0 235.0
vehicle 490.0 202.0 509.0 233.0
vehicle 588.0 307.0 627.0 326.0
vehicle 158.0 384.0 176.0 412.0
vehicle 445.0 354.0 486.0 372.0
vehicle 495.0 344.0 526.0 359.0
vehicle 162.0 441.0 196.0 460.0
vehicle 208.0 411.0 278.0 437.0
vehicle 189.0 459.0 221.0 473.0
vehicle 179.0 460.0 252.0 487.0
vehicle 280.0 520.0 316.0 542.0
vehicle 265.0 552.0 307.0 569.0
vehicle 360.0 505.0 398.0 526.0
vehicle 218.0 634.0 243.0 645.0
vehicle 216.0 645.0 249.0 661.0
vehicle 493.0 586.0 524.0 603.0
vehicle 552.0 566.0 593.0 581.0
vehicle 606.0 520.0 639.0 558.0
vehicle 538.0 432.0 608.0 463.0
overpass 392.0 375.0 450.0 499.0
Expressway-Service-area 130.0 151.0 621.0 475.0
Expressway-Service-area 177.0 418.0 682.0 750.0
