harbor 12.0 335.0 256.0 748.0
harbor 343.0 133.0 626.0 629.0
harbor 645.0 142.0 744.0 504.0
harbor 35.0 139.0 179.0 191.0
harbor 42.0 76.0 99.0 110.0
ship 259.0 67.0 301.0 87.0
ship 328.0 57.0 367.0 75.0
ship 55.0 81.0 97.0 101.0
ship 51.0 141.0 171.0 179.0
ship 343.0 145.0 444.0 182.0
ship 70.0 357.0 115.0 380.0
ship 37.0 411.0 110.0 436.0
ship 144.0 430.0 250.0 467.0
ship 143.0 473.0 248.0 504.0
ship 34.0 550.0 108.0 579.0
ship 19.0 585.0 107.0 616.0
ship 15.0 658.0 109.0 691.0
ship 14.0 697.0 108.0 730.0
ship 140.0 539.0 244.0 574.0
ship 134.0 576.0 250.0 612.0
ship 132.0 617.0 248.0 653.0
ship 138.0 660.0 241.0 696.0
ship 478.0 221.0 548.0 248.0
ship 479.0 249.0 549.0 276.0
ship 475.0 283.0 560.0 311.0
ship 473.0 313.0 558.0 341.0
ship 475.0 347.0 553.0 377.0
ship 476.0 377.0 554.0 407.0
ship 478.0 406.0 556.0 436.0
ship 350.0 310.0 453.0 342.0
ship 368.0 344.0 456.0 375.0
ship 366.0 376.0 454.0 407.0
ship 390.0 442.0 458.0 465.0
ship 370.0 474.0 452.0 501.0
ship 369.0 502.0 451.0 529.0
ship 357.0 535.0 452.0 566.0
ship 348.0 574.0 453.0 611.0
ship 480.0 480.0 568.0 515.0
ship 481.0 523.0 623.0 572.0
ship 656.0 236.0 711.0 254.0
ship 648.0 262.0 717.0 288.0
ship 651.0 288.0 720.0 314.0
ship 649.0 319.0 718.0 345.0
ship 651.0 346.0 720.0 372.0
