bridge 245.0 263.0 497.0 374.0
vehicle 40.0 28.0 61.0 36.0
vehicle 39.0 97.0 62.0 106.0
vehicle 88.0 212.0 98.0 255.0
vehicle 335.0 336.0 357.0 345.0
vehicle 314.0 301.0 345.0 315.0
vehicle 606.0 269.0 627.0 277.0
vehicle 14.0 372.0 39.0 382.0
vehicle 61.0 440.0 84.0 448.0
vehicle 53.0 494.0 76.0 502.0
vehicle 46.0 543.0 67.0 552.0
vehicle 26.0 540.0 36.0 557.0
vehicle 40.0 582.0 61.0 589.0
vehicle 37.0 617.0 54.0 624.0
vehicle 35.0 630.0 54.0 638.0
vehicle 32.0 667.0 50.0 676.0
vehicle 28.0 681.0 48.0 692.0
