baseballfield 111.0 255.0 199.0 344.0
tenniscourt 35.0 364.0 58.0 416.0
tenniscourt 69.0 363.0 92.0 414.0
basketballcourt 26.0 428.0 63.0 480.0
basketballcourt 70.0 431.0 98.0 481.0
groundtrackfield 229.0 285.0 517.0 386.0
vehicle 76.0 58.0 87.0 64.0
vehicle 85.0 55.0 95.0 64.0
vehicle 86.0 92.0 97.0 97.0
vehicle 2.0 207.0 8.0 220.0
vehicle 13.0 207.0 17.0 216.0
vehicle 273.0 81.0 283.0 85.0
vehicle 363.0 50.0 367.0 60.0
vehicle 366.0 93.0 373.0 104.0
vehicle 268.0 88.0 273.0 99.0
vehicle 331.0 230.0 342.0 235.0
vehicle 409.0 15.0 413.0 27.0
vehicle 426.0 27.0 432.0 36.0
vehicle 425.0 51.0 430.0 61.0
vehicle 425.0 64.0 430.0 72.0
vehicle 426.0 144.0 433.0 155.0
vehicle 524.0 73.0 535.0 79.0
vehicle 529.0 78.0 539.0 83.0
vehicle 536.0 117.0 547.0 122.0
vehicle 548.0 164.0 558.0 168.0
vehicle 561.0 197.0 565.0 207.0
vehicle 705.0 54.0 711.0 64.0
vehicle 766.0 135.0 775.0 144.0
vehicle 782.0 130.0 787.0 137.0
vehicle 583.0 406.0 589.0 418.0
vehicle 583.0 421.0 588.0 432.0
vehicle 583.0 436.0 590.0 445.0
vehicle 684.0 391.0 695.0 396.0
vehicle 671.0 411.0 676.0 422.0
vehicle 544.0 557.0 554.0 566.0
vehicle 549.0 561.0 558.0 569.0
vehicle 545.0 569.0 556.0 578.0
vehicle 528.0 571.0 535.0 578.0
vehicle 528.0 577.0 538.0 587.0
vehicle 546.0 587.0 555.0 596.0
vehicle 467.0 602.0 476.0 613.0
vehicle 458.0 605.0 465.0 615.0
vehicle 521.0 603.0 531.0 612.0
vehicle 360.0 623.0 369.0 633.0
vehicle 700.0 551.0 704.0 561.0
vehicle 705.0 550.0 709.0 561.0
vehicle 709.0 551.0 713.0 561.0
vehicle 741.0 551.0 745.0 560.0
vehicle 755.0 567.0 767.0 572.0
vehicle 344.0 623.0 352.0 633.0
vehicle 344.0 605.0 351.0 616.0
vehicle 323.0 605.0 329.0 615.0
vehicle 333.0 605.0 339.0 613.0
vehicle 255.0 626.0 263.0 635.0
vehicle 305.0 625.0 312.0 634.0
vehicle 284.0 626.0 290.0 635.0
vehicle 307.0 641.0 317.0 647.0
vehicle 15.0 649.0 27.0 653.0
vehicle 25.0 656.0 36.0 661.0
vehicle 52.0 773.0 58.0 784.0
vehicle 7.0 778.0 14.0 789.0
vehicle 138.0 792.0 148.0 797.0
vehicle 261.0 767.0 267.0 777.0
vehicle 430.0 783.0 441.0 791.0
vehicle 755.0 653.0 765.0 657.0
vehicle 700.0 650.0 709.0 655.0
vehicle 709.0 649.0 719.0 654.0
