airport 155.0 308.0 198.0 650.0
groundtrackfield 316.0 627.0 357.0 654.0
harbor 296.0 353.0 312.0 382.0
harbor 290.0 325.0 305.0 348.0
harbor 305.0 316.0 323.0 338.0
harbor 346.0 273.0 393.0 367.0
harbor 313.0 345.0 330.0 372.0
harbor 298.0 393.0 306.0 411.0
harbor 304.0 391.0 315.0 409.0
harbor 311.0 388.0 319.0 404.0
harbor 316.0 385.0 326.0 402.0
harbor 322.0 381.0 334.0 396.0
harbor 329.0 377.0 341.0 393.0
harbor 339.0 374.0 349.0 386.0
harbor 19.0 197.0 111.0 208.0
ship 69.0 69.0 95.0 76.0
ship 232.0 48.0 251.0 55.0
ship 286.0 21.0 304.0 30.0
ship 295.0 86.0 313.0 98.0
ship 242.0 113.0 261.0 118.0
harbor 87.0 215.0 111.0 226.0
harbor 40.0 249.0 90.0 259.0
harbor 88.0 267.0 112.0 274.0
harbor 113.0 358.0 149.0 421.0
