tenniscourt 294.0 54.0 327.0 107.0
tenniscourt 109.0 73.0 139.0 125.0
tenniscourt 11.0 76.0 76.0 101.0
tenniscourt 564.0 39.0 597.0 94.0
tenniscourt 603.0 38.0 634.0 82.0
tenniscourt 642.0 35.0 675.0 88.0
tenniscourt 682.0 35.0 713.0 90.0
tenniscourt 722.0 37.0 751.0 87.0
tenniscourt 686.0 332.0 719.0 388.0
tenniscourt 752.0 331.0 784.0 383.0
tenniscourt 214.0 624.0 249.0 682.0
tenniscourt 171.0 631.0 201.0 681.0
tenniscourt 126.0 632.0 157.0 685.0
tenniscourt 81.0 633.0 110.0 685.0
tenniscourt 220.0 698.0 252.0 748.0
tenniscourt 172.0 700.0 203.0 752.0
tenniscourt 126.0 703.0 157.0 753.0
tenniscourt 81.0 704.0 111.0 755.0
vehicle 234.0 226.0 246.0 231.0
vehicle 273.0 235.0 286.0 240.0
vehicle 359.0 250.0 365.0 260.0
vehicle 219.0 777.0 231.0 782.0
vehicle 281.0 773.0 292.0 779.0
vehicle 298.0 772.0 312.0 777.0
vehicle 398.0 760.0 412.0 765.0
vehicle 431.0 718.0 437.0 732.0
vehicle 449.0 752.0 461.0 756.0
vehicle 459.0 1.0 464.0 8.0
vehicle 579.0 742.0 590.0 747.0
vehicle 595.0 739.0 607.0 746.0
vehicle 642.0 460.0 648.0 473.0
vehicle 696.0 458.0 701.0 469.0
vehicle 686.0 212.0 695.0 217.0
vehicle 571.0 220.0 583.0 224.0
vehicle 772.0 465.0 782.0 475.0
vehicle 760.0 667.0 768.0 677.0
