vehicle 441.0 475.0 465.0 506.0
vehicle 445.0 399.0 459.0 438.0
vehicle 485.0 449.0 518.0 474.0
vehicle 498.0 272.0 532.0 295.0
vehicle 466.0 272.0 481.0 308.0
vehicle 265.0 209.0 279.0 234.0
vehicle 302.0 130.0 322.0 179.0
vehicle 294.0 232.0 322.0 270.0
vehicle 294.0 272.0 318.0 302.0
vehicle 286.0 290.0 314.0 322.0
vehicle 286.0 308.0 309.0 341.0
vehicle 289.0 329.0 308.0 362.0
vehicle 334.0 260.0 348.0 295.0
vehicle 341.0 196.0 360.0 244.0
vehicle 355.0 142.0 374.0 189.0
vehicle 368.0 105.0 384.0 140.0
Expressway-Service-area 141.0 44.0 395.0 560.0
Expressway-Service-area 402.0 105.0 694.0 628.0
