bridge 34.0 298.0 96.0 349.0
bridge 4.0 463.0 58.0 511.0
ship 273.0 675.0 335.0 725.0
ship 308.0 690.0 348.0 724.0
ship 326.0 690.0 361.0 723.0
ship 337.0 689.0 399.0 739.0
ship 361.0 536.0 421.0 597.0
ship 351.0 508.0 392.0 538.0
ship 406.0 591.0 437.0 628.0
ship 418.0 597.0 475.0 657.0
ship 427.0 614.0 476.0 667.0
ship 495.0 459.0 557.0 512.0
ship 458.0 408.0 500.0 471.0
ship 444.0 399.0 495.0 466.0
ship 431.0 392.0 484.0 460.0
ship 423.0 388.0 470.0 449.0
ship 412.0 375.0 463.0 441.0
ship 259.0 497.0 274.0 513.0
ship 263.0 499.0 282.0 518.0
ship 268.0 508.0 283.0 522.0
ship 741.0 30.0 781.0 80.0
ship 643.0 226.0 685.0 274.0
ship 704.0 229.0 753.0 281.0
ship 591.0 121.0 617.0 148.0
ship 636.0 48.0 653.0 71.0
ship 629.0 42.0 646.0 66.0
ship 619.0 42.0 637.0 63.0
ship 541.0 164.0 561.0 190.0
ship 551.0 169.0 571.0 191.0
ship 560.0 174.0 578.0 193.0
ship 499.0 286.0 518.0 310.0
ship 508.0 291.0 526.0 315.0
ship 516.0 294.0 532.0 317.0
ship 524.0 297.0 541.0 321.0
ship 532.0 301.0 548.0 325.0
ship 533.0 312.0 552.0 331.0
