harbor 635.0 410.0 761.0 778.0
harbor 516.0 379.0 649.0 694.0
harbor 381.0 357.0 513.0 660.0
harbor 263.0 326.0 375.0 632.0
harbor 85.0 463.0 215.0 531.0
harbor 83.0 398.0 234.0 461.0
harbor 62.0 328.0 252.0 395.0
ship 148.0 309.0 174.0 325.0
harbor 54.0 236.0 238.0 297.0
harbor 569.0 43.0 800.0 172.0
harbor 247.0 114.0 800.0 330.0
ship 655.0 341.0 674.0 351.0
ship 544.0 105.0 561.0 141.0
harbor 55.0 132.0 246.0 208.0
harbor 32.0 27.0 227.0 95.0
ship 99.0 234.0 130.0 247.0
ship 162.0 247.0 198.0 265.0
ship 119.0 345.0 142.0 369.0
ship 146.0 349.0 179.0 362.0
ship 199.0 337.0 214.0 370.0
ship 220.0 329.0 237.0 373.0
ship 189.0 375.0 239.0 397.0
ship 89.0 413.0 103.0 444.0
ship 119.0 395.0 130.0 414.0
ship 114.0 418.0 138.0 431.0
ship 169.0 408.0 179.0 425.0
ship 150.0 430.0 176.0 438.0
ship 187.0 435.0 213.0 448.0
ship 221.0 432.0 235.0 461.0
ship 109.0 464.0 119.0 483.0
ship 152.0 365.0 186.0 383.0
ship 237.0 348.0 253.0 389.0
ship 154.0 267.0 184.0 281.0
ship 186.0 273.0 229.0 296.0
ship 315.0 324.0 337.0 334.0
ship 341.0 329.0 374.0 340.0
ship 314.0 338.0 338.0 349.0
ship 352.0 344.0 376.0 360.0
ship 307.0 353.0 333.0 365.0
ship 342.0 360.0 374.0 376.0
ship 340.0 372.0 367.0 388.0
ship 296.0 395.0 323.0 410.0
ship 340.0 394.0 360.0 404.0
ship 329.0 400.0 364.0 417.0
ship 285.0 410.0 321.0 426.0
ship 329.0 421.0 357.0 434.0
ship 283.0 440.0 317.0 455.0
ship 321.0 449.0 350.0 462.0
ship 275.0 481.0 304.0 495.0
ship 316.0 479.0 351.0 493.0
ship 270.0 497.0 304.0 513.0
ship 309.0 505.0 339.0 520.0
ship 273.0 514.0 297.0 524.0
ship 308.0 517.0 330.0 531.0
ship 269.0 522.0 296.0 538.0
ship 298.0 546.0 331.0 559.0
ship 298.0 560.0 325.0 572.0
ship 297.0 571.0 321.0 584.0
ship 429.0 363.0 468.0 383.0
ship 421.0 380.0 462.0 397.0
ship 421.0 398.0 461.0 415.0
ship 265.0 549.0 290.0 563.0
ship 471.0 357.0 513.0 373.0
ship 473.0 390.0 510.0 406.0
ship 464.0 406.0 502.0 423.0
ship 422.0 417.0 454.0 430.0
ship 463.0 422.0 502.0 439.0
ship 411.0 429.0 452.0 442.0
ship 460.0 441.0 495.0 455.0
ship 409.0 449.0 448.0 463.0
ship 397.0 490.0 440.0 510.0
ship 400.0 481.0 439.0 496.0
ship 449.0 472.0 483.0 488.0
ship 443.0 503.0 479.0 522.0
ship 397.0 509.0 433.0 530.0
ship 439.0 520.0 479.0 537.0
ship 392.0 527.0 428.0 544.0
ship 433.0 537.0 470.0 551.0
ship 387.0 546.0 425.0 562.0
ship 427.0 571.0 462.0 585.0
ship 425.0 583.0 464.0 602.0
ship 569.0 377.0 609.0 396.0
ship 614.0 389.0 650.0 407.0
ship 566.0 398.0 603.0 418.0
ship 612.0 411.0 649.0 426.0
ship 557.0 429.0 595.0 447.0
ship 604.0 439.0 644.0 458.0
ship 562.0 451.0 591.0 462.0
ship 601.0 458.0 641.0 474.0
ship 552.0 463.0 588.0 478.0
ship 599.0 472.0 634.0 490.0
ship 556.0 483.0 584.0 494.0
ship 587.0 491.0 624.0 504.0
ship 591.0 507.0 626.0 524.0
ship 542.0 495.0 583.0 512.0
ship 542.0 514.0 576.0 529.0
ship 590.0 524.0 622.0 541.0
ship 538.0 528.0 574.0 543.0
ship 584.0 540.0 615.0 553.0
ship 530.0 543.0 570.0 561.0
ship 530.0 563.0 568.0 575.0
ship 522.0 575.0 566.0 592.0
ship 518.0 590.0 562.0 609.0
ship 569.0 603.0 607.0 620.0
ship 562.0 617.0 605.0 636.0
ship 515.0 624.0 552.0 641.0
ship 561.0 633.0 599.0 649.0
ship 732.0 412.0 756.0 463.0
ship 694.0 478.0 719.0 492.0
ship 690.0 502.0 710.0 513.0
ship 724.0 509.0 752.0 521.0
ship 685.0 514.0 712.0 529.0
ship 720.0 523.0 750.0 536.0
ship 675.0 528.0 712.0 541.0
ship 717.0 535.0 744.0 551.0
ship 674.0 542.0 710.0 551.0
ship 677.0 552.0 703.0 564.0
ship 671.0 560.0 704.0 577.0
ship 716.0 561.0 739.0 574.0
ship 668.0 588.0 701.0 604.0
ship 660.0 598.0 694.0 615.0
ship 701.0 622.0 721.0 634.0
ship 663.0 626.0 686.0 637.0
ship 655.0 639.0 689.0 651.0
ship 657.0 652.0 680.0 662.0
ship 697.0 648.0 720.0 660.0
ship 693.0 659.0 720.0 670.0
ship 652.0 676.0 678.0 688.0
ship 688.0 683.0 710.0 695.0
ship 247.0 175.0 261.0 214.0
ship 273.0 111.0 300.0 174.0
ship 265.0 180.0 283.0 219.0
ship 303.0 116.0 324.0 172.0
ship 304.0 187.0 321.0 228.0
ship 329.0 121.0 350.0 184.0
ship 353.0 125.0 374.0 188.0
ship 378.0 134.0 398.0 191.0
ship 401.0 143.0 418.0 192.0
ship 426.0 162.0 442.0 195.0
ship 324.0 189.0 336.0 225.0
ship 344.0 199.0 356.0 236.0
ship 360.0 199.0 370.0 235.0
ship 375.0 201.0 389.0 240.0
ship 409.0 212.0 427.0 249.0
ship 447.0 163.0 463.0 199.0
ship 429.0 213.0 445.0 255.0
ship 450.0 219.0 461.0 260.0
ship 495.0 154.0 516.0 211.0
ship 468.0 221.0 479.0 251.0
ship 491.0 224.0 501.0 260.0
ship 521.0 230.0 538.0 275.0
ship 538.0 237.0 554.0 280.0
ship 559.0 240.0 573.0 284.0
ship 569.0 181.0 584.0 234.0
ship 587.0 189.0 604.0 231.0
ship 576.0 241.0 589.0 288.0
ship 592.0 243.0 612.0 290.0
ship 612.0 250.0 628.0 294.0
ship 648.0 255.0 663.0 301.0
ship 671.0 260.0 686.0 292.0
ship 695.0 213.0 712.0 254.0
ship 706.0 268.0 721.0 312.0
ship 718.0 217.0 733.0 257.0
ship 731.0 221.0 748.0 260.0
ship 735.0 274.0 753.0 324.0
ship 754.0 228.0 765.0 263.0
ship 758.0 278.0 772.0 330.0
ship 599.0 50.0 617.0 89.0
ship 620.0 51.0 637.0 90.0
ship 603.0 105.0 616.0 137.0
ship 639.0 107.0 654.0 144.0
ship 669.0 54.0 686.0 106.0
ship 699.0 62.0 716.0 108.0
ship 750.0 69.0 763.0 122.0
ship 767.0 75.0 783.0 125.0
ship 659.0 112.0 675.0 149.0
ship 677.0 116.0 689.0 154.0
ship 695.0 119.0 711.0 154.0
ship 712.0 122.0 730.0 163.0
ship 730.0 119.0 747.0 163.0
ship 747.0 130.0 766.0 170.0
ship 772.0 133.0 783.0 172.0
ship 138.0 470.0 149.0 490.0
ship 150.0 502.0 160.0 525.0
ship 182.0 481.0 191.0 500.0
ship 156.0 502.0 168.0 523.0
ship 167.0 503.0 178.0 526.0
ship 186.0 508.0 195.0 528.0
ship 320.0 461.0 347.0 474.0
ship 632.0 697.0 672.0 714.0
ship 682.0 695.0 708.0 708.0
ship 732.0 469.0 760.0 483.0
