ship 91.0 63.0 109.0 107.0
ship 61.0 112.0 101.0 161.0
ship 67.0 123.0 109.0 168.0
ship 249.0 220.0 289.0 269.0
ship 412.0 313.0 441.0 348.0
ship 91.0 562.0 109.0 607.0
ship 634.0 15.0 653.0 43.0
harbor 202.0 682.0 263.0 770.0
harbor 310.0 425.0 450.0 569.0
harbor 385.0 396.0 492.0 469.0
harbor 421.0 329.0 561.0 417.0
harbor 570.0 115.0 667.0 186.0
harbor 651.0 1.0 752.0 59.0
storagetank 686.0 239.0 699.0 252.0
storagetank 698.0 246.0 709.0 259.0
storagetank 708.0 255.0 720.0 267.0
storagetank 719.0 262.0 729.0 273.0
storagetank 729.0 269.0 741.0 281.0
storagetank 679.0 252.0 689.0 260.0
storagetank 689.0 257.0 698.0 267.0
storagetank 698.0 263.0 706.0 274.0
storagetank 705.0 269.0 714.0 282.0
storagetank 714.0 273.0 724.0 286.0
ship 57.0 25.0 67.0 40.0
ship 24.0 73.0 37.0 86.0
