airplane 419.0 9.0 455.0 48.0
airplane 422.0 57.0 454.0 101.0
airplane 426.0 106.0 459.0 149.0
airplane 562.0 32.0 594.0 59.0
airplane 608.0 37.0 651.0 65.0
airplane 661.0 32.0 707.0 64.0
airplane 554.0 166.0 602.0 200.0
airplane 611.0 166.0 655.0 199.0
airplane 5.0 306.0 46.0 355.0
airplane 63.0 308.0 128.0 375.0
airplane 147.0 311.0 188.0 358.0
airplane 200.0 317.0 268.0 374.0
airplane 274.0 297.0 350.0 373.0
airplane 365.0 316.0 407.0 360.0
airplane 426.0 316.0 475.0 360.0
airplane 572.0 314.0 627.0 375.0
vehicle 178.0 524.0 189.0 565.0
