ship 596.0 521.0 694.0 563.0
ship 539.0 671.0 613.0 704.0
ship 717.0 679.0 792.0 710.0
vehicle 217.0 114.0 245.0 141.0
vehicle 194.0 135.0 223.0 164.0
harbor 214.0 285.0 373.0 368.0
harbor 6.0 211.0 183.0 395.0
ship 213.0 348.0 230.0 369.0
ship 228.0 344.0 241.0 367.0
ship 238.0 338.0 255.0 360.0
ship 255.0 330.0 269.0 358.0
ship 267.0 324.0 281.0 348.0
ship 279.0 317.0 291.0 336.0
ship 299.0 309.0 310.0 335.0
ship 290.0 316.0 299.0 338.0
ship 309.0 308.0 320.0 333.0
ship 273.0 296.0 293.0 308.0
ship 116.0 365.0 147.0 399.0
ship 108.0 333.0 133.0 355.0
ship 102.0 314.0 112.0 337.0
ship 88.0 309.0 98.0 331.0
ship 56.0 286.0 74.0 302.0
ship 50.0 280.0 66.0 299.0
ship 47.0 270.0 63.0 294.0
