harbor 123.0 1.0 687.0 302.0
harbor 76.0 417.0 687.0 696.0
ship 527.0 744.0 665.0 792.0
ship 145.0 33.0 183.0 165.0
ship 207.0 41.0 243.0 151.0
ship 306.0 23.0 351.0 148.0
ship 367.0 25.0 400.0 145.0
ship 418.0 37.0 454.0 147.0
ship 523.0 40.0 565.0 139.0
ship 652.0 13.0 676.0 68.0
ship 651.0 81.0 674.0 138.0
ship 656.0 222.0 675.0 283.0
ship 581.0 220.0 604.0 282.0
ship 473.0 178.0 500.0 266.0
ship 425.0 186.0 457.0 282.0
ship 316.0 179.0 348.0 282.0
ship 256.0 184.0 289.0 280.0
ship 209.0 189.0 241.0 307.0
ship 149.0 186.0 180.0 290.0
ship 83.0 480.0 124.0 648.0
ship 146.0 438.0 181.0 530.0
ship 195.0 448.0 223.0 536.0
ship 151.0 569.0 179.0 663.0
ship 239.0 560.0 270.0 644.0
ship 240.0 443.0 264.0 535.0
ship 284.0 432.0 317.0 531.0
ship 331.0 440.0 360.0 530.0
ship 374.0 437.0 405.0 531.0
ship 422.0 434.0 449.0 527.0
ship 460.0 432.0 498.0 524.0
ship 513.0 439.0 540.0 527.0
ship 561.0 445.0 589.0 527.0
ship 603.0 428.0 635.0 522.0
ship 649.0 416.0 676.0 527.0
ship 381.0 571.0 405.0 653.0
ship 422.0 559.0 453.0 653.0
ship 471.0 564.0 498.0 650.0
ship 514.0 564.0 544.0 660.0
