Expressway-toll-station 272.0 367.0 393.0 413.0
vehicle 361.0 173.0 373.0 200.0
vehicle 365.0 506.0 373.0 522.0
vehicle 368.0 465.0 374.0 480.0
vehicle 369.0 436.0 375.0 453.0
vehicle 329.0 416.0 336.0 431.0
vehicle 332.0 656.0 339.0 669.0
vehicle 551.0 575.0 563.0 583.0
vehicle 450.0 612.0 463.0 620.0
vehicle 553.0 627.0 565.0 634.0
vehicle 551.0 547.0 567.0 555.0
vehicle 553.0 565.0 564.0 573.0
vehicle 347.0 141.0 353.0 156.0
vehicle 346.0 104.0 354.0 120.0
vehicle 347.0 122.0 354.0 137.0
vehicle 317.0 108.0 326.0 125.0
