airplane 664.0 335.0 695.0 359.0
overpass 129.0 236.0 158.0 274.0
airplane 768.0 387.0 792.0 408.0
airplane 475.0 332.0 495.0 355.0
airplane 454.0 350.0 478.0 370.0
airplane 423.0 387.0 451.0 411.0
airplane 487.0 411.0 506.0 426.0
airplane 573.0 475.0 588.0 490.0
airplane 554.0 499.0 569.0 513.0
airplane 533.0 514.0 552.0 535.0
airplane 502.0 531.0 526.0 547.0
airplane 418.0 522.0 440.0 541.0
airplane 426.0 545.0 451.0 564.0
airplane 454.0 559.0 474.0 576.0
airplane 483.0 551.0 506.0 573.0
airplane 710.0 412.0 730.0 431.0
airplane 655.0 508.0 685.0 532.0
airplane 705.0 542.0 729.0 565.0
airplane 747.0 469.0 771.0 493.0
airplane 771.0 485.0 796.0 508.0
airplane 76.0 425.0 99.0 445.0
airplane 99.0 460.0 124.0 483.0
airplane 129.0 506.0 154.0 528.0
airplane 120.0 555.0 142.0 570.0
airplane 39.0 545.0 62.0 564.0
airplane 23.0 524.0 45.0 543.0
airplane 61.0 566.0 85.0 584.0
