ship 131.0 98.0 159.0 166.0
ship 211.0 89.0 238.0 162.0
vehicle 103.0 27.0 134.0 53.0
harbor 78.0 57.0 114.0 519.0
harbor 279.0 34.0 380.0 382.0
harbor 405.0 36.0 503.0 388.0
harbor 561.0 34.0 709.0 411.0
ship 89.0 281.0 115.0 351.0
ship 310.0 120.0 342.0 207.0
ship 279.0 212.0 320.0 331.0
ship 342.0 186.0 373.0 258.0
ship 323.0 266.0 373.0 384.0
ship 419.0 133.0 462.0 228.0
ship 446.0 179.0 503.0 270.0
ship 423.0 274.0 476.0 387.0
ship 560.0 315.0 604.0 411.0
ship 620.0 100.0 664.0 196.0
ship 592.0 211.0 635.0 299.0
ship 618.0 262.0 664.0 353.0
