harbor 1.0 500.0 790.0 759.0
harbor 173.0 289.0 800.0 459.0
harbor 200.0 1.0 800.0 241.0
ship 760.0 459.0 787.0 523.0
ship 16.0 543.0 42.0 625.0
ship 15.0 647.0 45.0 756.0
ship 58.0 652.0 85.0 751.0
ship 101.0 642.0 128.0 741.0
ship 100.0 532.0 128.0 623.0
ship 54.0 502.0 86.0 627.0
ship 182.0 571.0 205.0 628.0
ship 215.0 570.0 233.0 627.0
ship 253.0 564.0 275.0 625.0
ship 284.0 549.0 312.0 626.0
ship 323.0 564.0 349.0 630.0
ship 355.0 557.0 381.0 630.0
ship 389.0 556.0 415.0 629.0
ship 422.0 565.0 444.0 625.0
ship 460.0 564.0 482.0 624.0
ship 490.0 570.0 512.0 630.0
ship 523.0 550.0 551.0 618.0
ship 595.0 558.0 616.0 619.0
ship 659.0 563.0 676.0 619.0
ship 689.0 581.0 705.0 622.0
ship 724.0 543.0 749.0 630.0
ship 765.0 524.0 792.0 610.0
ship 766.0 626.0 782.0 687.0
ship 726.0 643.0 753.0 716.0
ship 692.0 646.0 710.0 704.0
ship 665.0 653.0 685.0 727.0
ship 627.0 646.0 650.0 722.0
ship 592.0 645.0 616.0 716.0
ship 557.0 649.0 578.0 715.0
ship 523.0 648.0 549.0 728.0
ship 483.0 647.0 511.0 719.0
ship 456.0 648.0 478.0 716.0
ship 426.0 646.0 450.0 658.0
ship 424.0 655.0 444.0 712.0
ship 355.0 648.0 381.0 716.0
ship 320.0 649.0 349.0 735.0
ship 286.0 641.0 312.0 706.0
ship 246.0 644.0 276.0 735.0
ship 215.0 646.0 240.0 700.0
ship 178.0 645.0 204.0 718.0
ship 142.0 647.0 169.0 722.0
ship 137.0 723.0 154.0 741.0
ship 176.0 329.0 208.0 395.0
ship 223.0 330.0 241.0 385.0
ship 229.0 402.0 248.0 454.0
ship 255.0 326.0 279.0 384.0
ship 264.0 403.0 281.0 448.0
ship 298.0 406.0 314.0 452.0
ship 333.0 401.0 351.0 451.0
ship 367.0 397.0 385.0 447.0
ship 401.0 400.0 419.0 450.0
ship 433.0 401.0 452.0 442.0
ship 462.0 404.0 482.0 453.0
ship 493.0 402.0 514.0 444.0
ship 530.0 407.0 551.0 449.0
ship 560.0 405.0 581.0 447.0
ship 595.0 400.0 615.0 450.0
ship 626.0 403.0 643.0 443.0
ship 663.0 400.0 680.0 440.0
ship 695.0 407.0 712.0 447.0
ship 731.0 400.0 753.0 457.0
ship 727.0 295.0 755.0 385.0
ship 705.0 375.0 722.0 385.0
ship 766.0 358.0 780.0 373.0
ship 765.0 395.0 776.0 421.0
ship 698.0 326.0 715.0 363.0
ship 677.0 324.0 694.0 380.0
ship 639.0 314.0 664.0 381.0
ship 613.0 323.0 634.0 377.0
ship 583.0 313.0 601.0 380.0
ship 553.0 325.0 576.0 384.0
ship 521.0 326.0 540.0 378.0
ship 494.0 323.0 517.0 381.0
ship 461.0 335.0 482.0 384.0
ship 436.0 322.0 455.0 382.0
ship 406.0 322.0 420.0 381.0
ship 374.0 320.0 394.0 380.0
ship 345.0 324.0 362.0 380.0
ship 318.0 324.0 337.0 381.0
ship 283.0 326.0 305.0 380.0
ship 202.0 135.0 228.0 227.0
ship 203.0 57.0 228.0 132.0
ship 242.0 59.0 264.0 120.0
ship 243.0 136.0 265.0 197.0
ship 275.0 69.0 292.0 114.0
ship 335.0 70.0 352.0 115.0
ship 359.0 64.0 376.0 118.0
ship 397.0 63.0 414.0 117.0
ship 422.0 59.0 439.0 113.0
ship 458.0 70.0 473.0 111.0
ship 477.0 64.0 497.0 116.0
ship 503.0 63.0 523.0 115.0
ship 572.0 57.0 592.0 109.0
ship 595.0 59.0 615.0 111.0
ship 631.0 66.0 651.0 111.0
ship 654.0 51.0 675.0 116.0
ship 691.0 47.0 710.0 106.0
ship 716.0 58.0 735.0 117.0
ship 754.0 56.0 773.0 115.0
ship 748.0 133.0 771.0 206.0
ship 786.0 55.0 796.0 68.0
ship 785.0 88.0 793.0 102.0
ship 786.0 106.0 800.0 122.0
ship 784.0 163.0 794.0 185.0
ship 788.0 201.0 797.0 243.0
ship 718.0 138.0 734.0 193.0
ship 696.0 137.0 713.0 191.0
ship 659.0 136.0 677.0 190.0
ship 636.0 142.0 653.0 190.0
ship 597.0 138.0 619.0 197.0
ship 571.0 138.0 597.0 194.0
ship 530.0 139.0 550.0 201.0
ship 506.0 141.0 521.0 192.0
ship 480.0 144.0 498.0 190.0
ship 453.0 143.0 477.0 206.0
ship 419.0 144.0 435.0 189.0
ship 360.0 141.0 383.0 209.0
ship 330.0 146.0 353.0 200.0
ship 302.0 141.0 321.0 197.0
ship 278.0 140.0 293.0 199.0
