baseballfield 436.0 356.0 551.0 485.0
basketballcourt 175.0 161.0 296.0 232.0
tenniscourt 166.0 80.0 277.0 133.0
tenniscourt 167.0 11.0 278.0 64.0
vehicle 330.0 182.0 360.0 193.0
vehicle 393.0 206.0 426.0 216.0
vehicle 402.0 127.0 421.0 136.0
vehicle 400.0 143.0 423.0 151.0
vehicle 398.0 157.0 420.0 167.0
vehicle 400.0 176.0 422.0 185.0
vehicle 730.0 367.0 754.0 376.0
vehicle 716.0 382.0 741.0 391.0
vehicle 711.0 396.0 731.0 403.0
vehicle 733.0 393.0 757.0 403.0
vehicle 757.0 393.0 780.0 402.0
vehicle 733.0 625.0 760.0 634.0
