tenniscourt 619.0 597.0 653.0 648.0
tenniscourt 669.0 605.0 701.0 658.0
vehicle 112.0 25.0 118.0 35.0
vehicle 119.0 116.0 125.0 128.0
vehicle 120.0 128.0 126.0 138.0
vehicle 105.0 142.0 111.0 152.0
vehicle 112.0 236.0 118.0 248.0
vehicle 66.0 308.0 76.0 312.0
vehicle 313.0 296.0 322.0 300.0
vehicle 399.0 270.0 406.0 279.0
vehicle 403.0 351.0 409.0 361.0
vehicle 489.0 331.0 495.0 341.0
vehicle 527.0 444.0 537.0 452.0
vehicle 519.0 468.0 531.0 474.0
vehicle 551.0 466.0 565.0 471.0
vehicle 451.0 756.0 456.0 765.0
vehicle 437.0 796.0 442.0 800.0
vehicle 557.0 703.0 570.0 708.0
vehicle 383.0 158.0 388.0 166.0
vehicle 385.0 187.0 392.0 197.0
vehicle 360.0 173.0 372.0 178.0
vehicle 358.0 181.0 370.0 185.0
vehicle 107.0 432.0 119.0 439.0
vehicle 109.0 427.0 118.0 431.0
vehicle 56.0 433.0 68.0 439.0
vehicle 57.0 475.0 63.0 485.0
vehicle 39.0 493.0 51.0 498.0
vehicle 252.0 461.0 257.0 471.0
vehicle 174.0 512.0 179.0 519.0
vehicle 188.0 498.0 201.0 503.0
vehicle 201.0 498.0 214.0 503.0
vehicle 253.0 494.0 265.0 499.0
vehicle 269.0 494.0 283.0 499.0
vehicle 276.0 480.0 288.0 485.0
vehicle 322.0 461.0 327.0 470.0
vehicle 576.0 465.0 589.0 470.0
vehicle 621.0 444.0 626.0 452.0
vehicle 639.0 461.0 652.0 466.0
vehicle 681.0 459.0 696.0 465.0
vehicle 710.0 458.0 723.0 463.0
vehicle 747.0 456.0 757.0 461.0
vehicle 734.0 470.0 747.0 476.0
vehicle 622.0 262.0 634.0 267.0
vehicle 638.0 252.0 643.0 262.0
vehicle 700.0 276.0 712.0 281.0
vehicle 703.0 284.0 717.0 288.0
vehicle 713.0 212.0 725.0 216.0
vehicle 713.0 206.0 724.0 210.0
vehicle 712.0 198.0 724.0 203.0
vehicle 712.0 193.0 722.0 197.0
vehicle 712.0 187.0 722.0 192.0
vehicle 684.0 185.0 693.0 190.0
vehicle 652.0 20.0 657.0 29.0
vehicle 638.0 42.0 643.0 49.0
vehicle 768.0 281.0 781.0 286.0
vehicle 762.0 273.0 772.0 277.0
vehicle 172.0 329.0 177.0 340.0
vehicle 167.0 485.0 177.0 490.0
vehicle 5.0 744.0 18.0 749.0
vehicle 6.0 578.0 13.0 588.0
vehicle 14.0 580.0 19.0 589.0
vehicle 4.0 495.0 14.0 499.0
vehicle 576.0 715.0 589.0 720.0
vehicle 619.0 713.0 628.0 718.0
vehicle 595.0 736.0 600.0 744.0
vehicle 636.0 733.0 642.0 742.0
vehicle 458.0 647.0 470.0 652.0
vehicle 459.0 652.0 470.0 656.0
vehicle 514.0 631.0 524.0 636.0
vehicle 385.0 691.0 389.0 700.0
vehicle 308.0 695.0 315.0 701.0
