baseballfield 138.0 177.0 242.0 276.0
groundtrackfield 169.0 570.0 511.0 769.0
tenniscourt 454.0 141.0 505.0 166.0
tenniscourt 447.0 362.0 493.0 386.0
tenniscourt 448.0 331.0 497.0 354.0
tenniscourt 450.0 299.0 496.0 322.0
tenniscourt 449.0 266.0 498.0 293.0
tenniscourt 452.0 234.0 500.0 260.0
tenniscourt 450.0 206.0 501.0 228.0
tenniscourt 452.0 170.0 502.0 197.0
vehicle 721.0 159.0 730.0 164.0
vehicle 754.0 222.0 762.0 228.0
vehicle 692.0 153.0 697.0 163.0
vehicle 697.0 154.0 702.0 164.0
vehicle 702.0 155.0 706.0 164.0
vehicle 735.0 185.0 745.0 190.0
vehicle 702.0 316.0 707.0 326.0
vehicle 673.0 317.0 678.0 327.0
vehicle 688.0 348.0 692.0 356.0
vehicle 694.0 327.0 698.0 337.0
vehicle 679.0 317.0 682.0 325.0
vehicle 664.0 347.0 668.0 356.0
vehicle 794.0 365.0 799.0 376.0
vehicle 772.0 207.0 777.0 216.0
vehicle 791.0 207.0 795.0 217.0
vehicle 657.0 436.0 667.0 441.0
vehicle 677.0 424.0 687.0 429.0
vehicle 678.0 439.0 687.0 443.0
vehicle 779.0 408.0 783.0 416.0
vehicle 765.0 525.0 770.0 536.0
vehicle 617.0 536.0 625.0 543.0
vehicle 605.0 606.0 610.0 616.0
vehicle 731.0 631.0 735.0 640.0
vehicle 734.0 638.0 739.0 646.0
vehicle 744.0 640.0 749.0 650.0
vehicle 694.0 654.0 698.0 664.0
vehicle 698.0 655.0 702.0 664.0
vehicle 677.0 679.0 687.0 683.0
vehicle 712.0 655.0 717.0 665.0
vehicle 717.0 656.0 722.0 665.0
vehicle 723.0 656.0 727.0 665.0
vehicle 727.0 656.0 731.0 665.0
vehicle 731.0 657.0 735.0 666.0
vehicle 737.0 657.0 741.0 666.0
vehicle 742.0 657.0 745.0 666.0
vehicle 746.0 658.0 750.0 667.0
vehicle 751.0 657.0 755.0 667.0
vehicle 761.0 659.0 765.0 667.0
vehicle 737.0 767.0 742.0 777.0
vehicle 742.0 768.0 747.0 777.0
vehicle 706.0 767.0 711.0 776.0
vehicle 704.0 785.0 714.0 789.0
vehicle 730.0 785.0 740.0 790.0
vehicle 789.0 795.0 799.0 800.0
vehicle 778.0 795.0 787.0 799.0
vehicle 759.0 795.0 764.0 800.0
vehicle 677.0 692.0 685.0 696.0
vehicle 660.0 693.0 668.0 697.0
vehicle 677.0 701.0 686.0 705.0
vehicle 676.0 719.0 686.0 723.0
vehicle 676.0 723.0 685.0 727.0
vehicle 676.0 728.0 685.0 732.0
vehicle 676.0 735.0 686.0 740.0
vehicle 537.0 333.0 542.0 342.0
vehicle 538.0 321.0 545.0 329.0
vehicle 553.0 173.0 562.0 176.0
vehicle 552.0 177.0 561.0 181.0
vehicle 552.0 185.0 561.0 190.0
vehicle 552.0 203.0 560.0 208.0
vehicle 551.0 230.0 560.0 234.0
vehicle 551.0 262.0 559.0 266.0
vehicle 549.0 288.0 560.0 293.0
vehicle 548.0 293.0 556.0 297.0
vehicle 548.0 297.0 556.0 301.0
vehicle 93.0 76.0 102.0 80.0
vehicle 258.0 42.0 261.0 53.0
vehicle 43.0 638.0 53.0 644.0
vehicle 108.0 784.0 117.0 790.0
vehicle 109.0 790.0 118.0 795.0
vehicle 77.0 794.0 89.0 799.0
