trainstation 249.0 211.0 557.0 703.0
overpass 268.0 58.0 453.0 259.0
vehicle 17.0 183.0 23.0 200.0
vehicle 5.0 135.0 10.0 153.0
vehicle 18.0 154.0 23.0 165.0
vehicle 10.0 235.0 17.0 253.0
vehicle 174.0 262.0 180.0 270.0
vehicle 148.0 303.0 152.0 311.0
vehicle 46.0 425.0 52.0 432.0
vehicle 42.0 574.0 48.0 593.0
vehicle 55.0 685.0 63.0 703.0
vehicle 62.0 723.0 69.0 741.0
vehicle 563.0 592.0 567.0 604.0
vehicle 563.0 644.0 567.0 656.0
vehicle 577.0 636.0 581.0 649.0
vehicle 639.0 785.0 650.0 790.0
vehicle 653.0 792.0 663.0 797.0
vehicle 610.0 204.0 615.0 213.0
vehicle 265.0 116.0 273.0 125.0
