harbor 86.0 157.0 208.0 386.0
harbor 283.0 207.0 462.0 446.0
harbor 567.0 233.0 779.0 480.0
vehicle 57.0 49.0 111.0 75.0
vehicle 63.0 82.0 109.0 104.0
vehicle 63.0 114.0 116.0 137.0
ship 110.0 185.0 167.0 206.0
ship 120.0 215.0 183.0 242.0
ship 110.0 257.0 182.0 285.0
ship 136.0 338.0 208.0 366.0
ship 48.0 325.0 82.0 385.0
ship 285.0 255.0 338.0 387.0
ship 380.0 227.0 435.0 260.0
ship 387.0 274.0 460.0 311.0
ship 369.0 308.0 422.0 341.0
ship 358.0 347.0 437.0 390.0
ship 598.0 253.0 659.0 286.0
ship 684.0 257.0 775.0 308.0
ship 684.0 310.0 763.0 343.0
ship 681.0 341.0 763.0 383.0
ship 600.0 303.0 652.0 325.0
ship 566.0 341.0 648.0 364.0
ship 569.0 379.0 645.0 409.0
ship 576.0 422.0 633.0 451.0
ship 676.0 433.0 729.0 465.0
