harbor 139.0 284.0 275.0 526.0
harbor 329.0 323.0 448.0 533.0
harbor 656.0 387.0 763.0 520.0
harbor 155.0 538.0 386.0 587.0
harbor 380.0 593.0 562.0 636.0
ship 404.0 560.0 476.0 582.0
ship 573.0 347.0 637.0 541.0
ship 514.0 372.0 557.0 488.0
ship 142.0 295.0 207.0 320.0
ship 167.0 286.0 203.0 298.0
ship 214.0 300.0 276.0 319.0
ship 364.0 323.0 436.0 346.0
ship 141.0 339.0 207.0 366.0
ship 143.0 378.0 209.0 405.0
ship 140.0 402.0 206.0 429.0
ship 220.0 343.0 276.0 363.0
ship 217.0 386.0 273.0 406.0
ship 219.0 408.0 275.0 428.0
ship 219.0 492.0 275.0 512.0
ship 331.0 513.0 387.0 533.0
ship 218.0 468.0 270.0 488.0
ship 147.0 449.0 205.0 472.0
ship 146.0 507.0 204.0 530.0
ship 166.0 367.0 208.0 381.0
ship 219.0 369.0 275.0 386.0
ship 215.0 430.0 270.0 448.0
ship 157.0 472.0 206.0 489.0
ship 155.0 492.0 201.0 508.0
ship 352.0 349.0 390.0 363.0
ship 352.0 366.0 390.0 380.0
ship 348.0 386.0 386.0 400.0
ship 351.0 423.0 389.0 437.0
ship 349.0 442.0 387.0 456.0
ship 341.0 461.0 387.0 476.0
ship 354.0 476.0 392.0 490.0
ship 351.0 495.0 389.0 509.0
ship 404.0 405.0 442.0 419.0
ship 404.0 425.0 442.0 439.0
ship 402.0 440.0 440.0 454.0
ship 401.0 463.0 439.0 477.0
ship 403.0 480.0 441.0 494.0
ship 401.0 519.0 439.0 533.0
ship 403.0 499.0 445.0 517.0
ship 405.0 365.0 447.0 383.0
ship 406.0 348.0 444.0 362.0
ship 696.0 392.0 720.0 418.0
ship 669.0 416.0 693.0 442.0
ship 696.0 469.0 730.0 502.0
ship 653.0 490.0 670.0 516.0
ship 675.0 491.0 690.0 523.0
ship 685.0 490.0 715.0 524.0
ship 727.0 411.0 745.0 431.0
ship 718.0 421.0 736.0 441.0
ship 709.0 428.0 727.0 448.0
ship 698.0 439.0 716.0 459.0
ship 691.0 447.0 709.0 467.0
ship 363.0 541.0 378.0 580.0
ship 156.0 539.0 169.0 580.0
ship 168.0 539.0 181.0 580.0
ship 185.0 540.0 198.0 581.0
ship 230.0 539.0 243.0 580.0
ship 244.0 541.0 257.0 582.0
ship 334.0 540.0 347.0 581.0
ship 399.0 594.0 412.0 635.0
ship 413.0 594.0 426.0 635.0
ship 436.0 595.0 449.0 636.0
ship 461.0 593.0 474.0 634.0
ship 473.0 595.0 486.0 636.0
ship 484.0 595.0 497.0 636.0
ship 499.0 595.0 512.0 636.0
ship 524.0 594.0 541.0 636.0
ship 510.0 594.0 527.0 636.0
ship 382.0 593.0 399.0 635.0
ship 426.0 595.0 437.0 628.0
ship 449.0 594.0 462.0 634.0
ship 548.0 585.0 563.0 623.0
ship 538.0 597.0 552.0 624.0
ship 304.0 539.0 316.0 587.0
ship 203.0 541.0 217.0 577.0
ship 215.0 541.0 229.0 577.0
ship 259.0 542.0 273.0 578.0
ship 274.0 542.0 289.0 574.0
ship 319.0 542.0 333.0 569.0
