baseballfield 264.0 480.0 457.0 649.0
baseballfield 543.0 214.0 663.0 335.0
basketballcourt 253.0 197.0 370.0 264.0
basketballcourt 272.0 267.0 351.0 331.0
vehicle 9.0 470.0 17.0 488.0
vehicle 20.0 471.0 31.0 494.0
vehicle 37.0 469.0 49.0 493.0
vehicle 143.0 470.0 154.0 497.0
vehicle 170.0 499.0 187.0 517.0
vehicle 70.0 563.0 81.0 585.0
vehicle 227.0 379.0 237.0 401.0
vehicle 234.0 7.0 255.0 16.0
vehicle 234.0 18.0 253.0 26.0
vehicle 232.0 41.0 254.0 50.0
vehicle 234.0 54.0 254.0 63.0
vehicle 233.0 86.0 257.0 96.0
vehicle 282.0 101.0 288.0 118.0
vehicle 317.0 100.0 326.0 120.0
vehicle 328.0 101.0 338.0 122.0
vehicle 351.0 98.0 362.0 122.0
vehicle 397.0 98.0 406.0 120.0
vehicle 417.0 100.0 428.0 121.0
vehicle 430.0 99.0 441.0 120.0
vehicle 441.0 97.0 451.0 118.0
vehicle 532.0 82.0 542.0 103.0
vehicle 734.0 16.0 749.0 24.0
vehicle 733.0 41.0 749.0 50.0
vehicle 727.0 229.0 749.0 239.0
vehicle 726.0 242.0 750.0 253.0
vehicle 726.0 419.0 749.0 428.0
vehicle 724.0 456.0 745.0 465.0
vehicle 91.0 743.0 117.0 752.0
