harbor 62.0 11.0 240.0 376.0
harbor 305.0 11.0 489.0 469.0
harbor 567.0 13.0 783.0 531.0
harbor 1.0 629.0 367.0 800.0
ship 65.0 33.0 105.0 153.0
ship 67.0 166.0 105.0 307.0
ship 125.0 56.0 224.0 89.0
ship 123.0 184.0 174.0 202.0
ship 125.0 289.0 195.0 314.0
ship 126.0 324.0 236.0 363.0
ship 420.0 38.0 480.0 63.0
ship 410.0 82.0 466.0 105.0
ship 413.0 152.0 478.0 182.0
ship 411.0 183.0 476.0 213.0
ship 411.0 222.0 481.0 250.0
ship 412.0 263.0 482.0 291.0
ship 322.0 265.0 386.0 286.0
ship 307.0 300.0 389.0 332.0
ship 411.0 338.0 488.0 367.0
ship 304.0 375.0 389.0 404.0
ship 414.0 381.0 487.0 409.0
ship 316.0 426.0 463.0 469.0
ship 602.0 24.0 658.0 51.0
ship 700.0 76.0 757.0 99.0
ship 586.0 101.0 663.0 137.0
ship 693.0 146.0 765.0 173.0
ship 593.0 142.0 665.0 169.0
ship 588.0 181.0 660.0 208.0
ship 694.0 180.0 772.0 215.0
ship 592.0 223.0 668.0 249.0
ship 695.0 226.0 757.0 247.0
ship 690.0 257.0 780.0 289.0
ship 693.0 291.0 771.0 322.0
ship 600.0 330.0 676.0 354.0
ship 690.0 329.0 771.0 359.0
ship 590.0 367.0 671.0 397.0
ship 698.0 376.0 748.0 397.0
ship 577.0 401.0 661.0 431.0
ship 693.0 406.0 766.0 434.0
ship 568.0 437.0 669.0 474.0
ship 611.0 487.0 746.0 527.0
ship 35.0 653.0 65.0 716.0
ship 65.0 669.0 103.0 730.0
ship 114.0 661.0 147.0 725.0
ship 204.0 709.0 364.0 782.0
