airplane 28.0 269.0 54.0 298.0
airplane 37.0 310.0 59.0 340.0
airplane 32.0 391.0 59.0 422.0
airplane 32.0 434.0 57.0 464.0
airplane 32.0 474.0 55.0 506.0
airplane 149.0 220.0 208.0 283.0
airplane 196.0 294.0 215.0 320.0
airplane 171.0 315.0 217.0 358.0
airplane 147.0 342.0 184.0 383.0
airplane 175.0 367.0 213.0 409.0
airplane 170.0 458.0 207.0 495.0
airplane 163.0 509.0 214.0 545.0
airplane 257.0 610.0 311.0 681.0
airplane 312.0 640.0 353.0 687.0
airplane 373.0 566.0 418.0 615.0
airplane 358.0 632.0 414.0 685.0
airplane 285.0 433.0 322.0 458.0
airplane 356.0 432.0 386.0 455.0
airplane 391.0 431.0 421.0 454.0
airplane 292.0 333.0 332.0 367.0
airplane 291.0 300.0 326.0 329.0
airplane 287.0 253.0 334.0 288.0
airplane 269.0 228.0 316.0 267.0
airplane 220.0 197.0 281.0 236.0
airplane 283.0 193.0 337.0 249.0
vehicle 275.0 78.0 288.0 85.0
vehicle 328.0 95.0 341.0 102.0
vehicle 374.0 122.0 385.0 135.0
vehicle 373.0 133.0 383.0 145.0
vehicle 374.0 146.0 385.0 157.0
vehicle 364.0 135.0 374.0 147.0
vehicle 363.0 146.0 374.0 158.0
vehicle 361.0 156.0 376.0 170.0
vehicle 397.0 93.0 412.0 108.0
vehicle 397.0 105.0 413.0 116.0
vehicle 396.0 115.0 413.0 130.0
vehicle 396.0 126.0 414.0 138.0
vehicle 397.0 136.0 414.0 150.0
vehicle 399.0 149.0 413.0 159.0
vehicle 400.0 159.0 412.0 169.0
vehicle 398.0 168.0 412.0 179.0
vehicle 400.0 198.0 413.0 211.0
vehicle 402.0 223.0 412.0 232.0
vehicle 401.0 233.0 414.0 242.0
vehicle 402.0 243.0 413.0 255.0
vehicle 374.0 251.0 387.0 266.0
vehicle 374.0 265.0 387.0 276.0
vehicle 459.0 17.0 465.0 33.0
vehicle 451.0 17.0 457.0 30.0
vehicle 419.0 40.0 432.0 47.0
vehicle 418.0 33.0 432.0 39.0
vehicle 597.0 152.0 603.0 167.0
vehicle 655.0 265.0 661.0 277.0
vehicle 683.0 260.0 690.0 275.0
vehicle 692.0 263.0 699.0 277.0
vehicle 726.0 300.0 732.0 314.0
vehicle 675.0 67.0 686.0 82.0
vehicle 704.0 107.0 715.0 123.0
vehicle 730.0 118.0 742.0 134.0
vehicle 741.0 103.0 751.0 116.0
vehicle 752.0 118.0 765.0 136.0
vehicle 686.0 55.0 700.0 72.0
vehicle 680.0 33.0 693.0 47.0
vehicle 676.0 41.0 686.0 55.0
vehicle 702.0 49.0 712.0 63.0
