vehicle 375.0 654.0 384.0 689.0
vehicle 315.0 418.0 328.0 484.0
vehicle 235.0 410.0 252.0 428.0
vehicle 476.0 546.0 498.0 572.0
vehicle 551.0 574.0 560.0 605.0
vehicle 426.0 430.0 438.0 496.0
vehicle 444.0 474.0 454.0 511.0
vehicle 471.0 401.0 491.0 429.0
vehicle 446.0 351.0 456.0 401.0
vehicle 435.0 289.0 446.0 339.0
vehicle 419.0 272.0 430.0 340.0
vehicle 228.0 258.0 251.0 284.0
overpass 341.0 342.0 418.0 398.0
overpass 292.0 124.0 442.0 150.0
Expressway-Service-area 81.0 175.0 350.0 646.0
Expressway-Service-area 409.0 171.0 651.0 679.0
