harbor 1.0 55.0 255.0 645.0
harbor 360.0 147.0 519.0 606.0
harbor 462.0 166.0 752.0 376.0
harbor 714.0 1.0 800.0 91.0
harbor 174.0 361.0 738.0 800.0
ship 610.0 102.0 644.0 130.0
ship 758.0 124.0 800.0 153.0
ship 32.0 68.0 49.0 103.0
ship 56.0 64.0 73.0 121.0
ship 126.0 57.0 148.0 120.0
ship 181.0 130.0 226.0 145.0
ship 194.0 153.0 244.0 176.0
ship 186.0 215.0 254.0 240.0
ship 182.0 279.0 254.0 305.0
ship 195.0 314.0 249.0 330.0
ship 192.0 348.0 252.0 367.0
ship 199.0 446.0 252.0 462.0
ship 203.0 508.0 250.0 523.0
ship 379.0 199.0 449.0 219.0
ship 362.0 261.0 452.0 286.0
ship 371.0 299.0 454.0 321.0
ship 370.0 331.0 452.0 355.0
ship 371.0 368.0 455.0 393.0
ship 472.0 507.0 501.0 606.0
ship 223.0 626.0 299.0 706.0
ship 282.0 694.0 330.0 750.0
ship 325.0 709.0 354.0 768.0
ship 355.0 718.0 380.0 764.0
ship 426.0 719.0 454.0 797.0
ship 465.0 729.0 494.0 795.0
ship 528.0 707.0 568.0 765.0
ship 552.0 689.0 591.0 745.0
ship 581.0 668.0 632.0 718.0
ship 605.0 648.0 653.0 695.0
ship 642.0 592.0 706.0 631.0
ship 653.0 563.0 706.0 588.0
ship 652.0 529.0 729.0 556.0
ship 657.0 470.0 710.0 486.0
ship 652.0 436.0 728.0 458.0
ship 655.0 403.0 735.0 425.0
ship 663.0 372.0 724.0 391.0
ship 469.0 199.0 499.0 300.0
ship 504.0 206.0 526.0 280.0
ship 550.0 238.0 572.0 279.0
ship 571.0 232.0 608.0 298.0
ship 602.0 253.0 635.0 312.0
ship 631.0 257.0 681.0 340.0
ship 767.0 51.0 800.0 70.0
vehicle 25.0 232.0 54.0 242.0
vehicle 25.0 446.0 57.0 461.0
ship 72.0 65.0 87.0 104.0
