ship 729.0 348.0 743.0 387.0
ship 601.0 381.0 611.0 402.0
ship 563.0 609.0 599.0 628.0
ship 329.0 532.0 343.0 557.0
ship 125.0 589.0 175.0 614.0
ship 684.0 144.0 710.0 154.0
ship 503.0 144.0 543.0 157.0
ship 341.0 233.0 383.0 255.0
ship 164.0 102.0 188.0 112.0
ship 429.0 71.0 453.0 84.0
ship 538.0 504.0 559.0 568.0
ship 502.0 506.0 529.0 577.0
ship 466.0 503.0 486.0 560.0
ship 716.0 507.0 775.0 526.0
ship 650.0 311.0 687.0 325.0
ship 667.0 268.0 689.0 303.0
ship 234.0 359.0 263.0 496.0
ship 44.0 337.0 68.0 382.0
ship 34.0 251.0 49.0 286.0
ship 57.0 201.0 123.0 227.0
ship 334.0 401.0 347.0 426.0
ship 82.0 129.0 110.0 143.0
ship 85.0 115.0 112.0 130.0
ship 126.0 107.0 155.0 121.0
ship 74.0 229.0 124.0 254.0
ship 66.0 252.0 121.0 277.0
ship 72.0 279.0 140.0 308.0
ship 76.0 305.0 140.0 330.0
ship 84.0 340.0 130.0 361.0
ship 84.0 359.0 141.0 387.0
ship 92.0 386.0 151.0 412.0
ship 90.0 410.0 152.0 445.0
ship 278.0 472.0 290.0 502.0
ship 281.0 406.0 292.0 437.0
ship 279.0 443.0 288.0 462.0
ship 314.0 398.0 327.0 428.0
ship 283.0 371.0 295.0 398.0
ship 282.0 338.0 294.0 362.0
ship 226.0 298.0 263.0 312.0
ship 314.0 354.0 328.0 384.0
ship 338.0 348.0 349.0 382.0
ship 338.0 311.0 352.0 341.0
ship 224.0 277.0 267.0 292.0
ship 286.0 302.0 294.0 320.0
ship 286.0 277.0 342.0 297.0
ship 218.0 247.0 270.0 266.0
ship 291.0 249.0 342.0 268.0
ship 226.0 224.0 270.0 244.0
ship 228.0 198.0 273.0 220.0
ship 227.0 178.0 274.0 194.0
ship 225.0 148.0 271.0 177.0
ship 84.0 145.0 111.0 159.0
ship 313.0 151.0 349.0 164.0
ship 316.0 136.0 344.0 145.0
ship 229.0 106.0 256.0 120.0
ship 249.0 90.0 278.0 104.0
ship 295.0 74.0 319.0 85.0
ship 304.0 93.0 335.0 106.0
ship 305.0 110.0 339.0 123.0
ship 533.0 69.0 559.0 81.0
ship 440.0 154.0 490.0 171.0
ship 460.0 138.0 488.0 151.0
ship 426.0 105.0 485.0 127.0
ship 432.0 184.0 488.0 201.0
ship 505.0 189.0 553.0 210.0
ship 427.0 204.0 486.0 225.0
ship 433.0 232.0 492.0 253.0
ship 517.0 216.0 549.0 233.0
ship 509.0 234.0 556.0 255.0
ship 437.0 255.0 499.0 274.0
ship 511.0 260.0 565.0 278.0
ship 512.0 282.0 552.0 297.0
ship 438.0 282.0 499.0 303.0
ship 440.0 306.0 501.0 328.0
ship 514.0 310.0 551.0 323.0
ship 518.0 329.0 559.0 343.0
ship 452.0 356.0 503.0 373.0
ship 432.0 382.0 500.0 405.0
ship 515.0 374.0 561.0 390.0
ship 515.0 350.0 572.0 370.0
ship 517.0 398.0 573.0 416.0
ship 439.0 408.0 497.0 427.0
ship 519.0 419.0 570.0 437.0
ship 432.0 437.0 503.0 461.0
ship 520.0 445.0 560.0 460.0
ship 719.0 127.0 732.0 154.0
ship 644.0 160.0 675.0 175.0
ship 654.0 208.0 678.0 218.0
ship 646.0 221.0 681.0 235.0
ship 644.0 354.0 693.0 371.0
ship 703.0 324.0 713.0 349.0
ship 642.0 399.0 697.0 420.0
ship 657.0 426.0 696.0 439.0
ship 645.0 443.0 699.0 461.0
ship 645.0 465.0 696.0 484.0
ship 717.0 410.0 758.0 423.0
ship 716.0 426.0 764.0 447.0
ship 715.0 454.0 767.0 473.0
ship 712.0 479.0 762.0 496.0
ship 653.0 487.0 700.0 506.0
ship 655.0 512.0 702.0 527.0
ship 372.0 499.0 400.0 586.0
harbor 9.0 75.0 156.0 453.0
harbor 216.0 44.0 355.0 508.0
harbor 367.0 31.0 573.0 593.0
harbor 631.0 39.0 783.0 532.0
