harbor 400.0 341.0 547.0 590.0
ship 474.0 368.0 497.0 385.0
harbor 141.0 642.0 304.0 760.0
harbor 106.0 737.0 182.0 771.0
harbor 107.0 454.0 220.0 481.0
vehicle 91.0 653.0 112.0 660.0
vehicle 80.0 707.0 91.0 732.0
vehicle 72.0 751.0 82.0 773.0
vehicle 86.0 607.0 106.0 615.0
vehicle 102.0 144.0 112.0 162.0
harbor 161.0 306.0 226.0 335.0
harbor 163.0 213.0 236.0 233.0
harbor 172.0 98.0 244.0 118.0
harbor 403.0 80.0 548.0 346.0
vehicle 652.0 251.0 670.0 261.0
ship 473.0 80.0 530.0 111.0
ship 470.0 117.0 507.0 139.0
ship 448.0 323.0 470.0 334.0
ship 403.0 327.0 442.0 343.0
ship 408.0 310.0 442.0 324.0
ship 404.0 293.0 442.0 308.0
ship 414.0 258.0 443.0 273.0
ship 426.0 228.0 455.0 239.0
ship 432.0 213.0 458.0 229.0
ship 441.0 201.0 466.0 216.0
ship 450.0 190.0 476.0 205.0
ship 451.0 176.0 486.0 195.0
ship 448.0 159.0 484.0 181.0
ship 456.0 145.0 495.0 167.0
ship 467.0 226.0 492.0 241.0
ship 266.0 655.0 297.0 667.0
ship 170.0 743.0 182.0 776.0
ship 236.0 98.0 246.0 119.0
ship 213.0 109.0 229.0 115.0
ship 226.0 216.0 236.0 234.0
ship 216.0 305.0 228.0 334.0
ship 190.0 324.0 209.0 333.0
ship 183.0 468.0 220.0 481.0
ship 195.0 454.0 218.0 464.0
ship 163.0 736.0 171.0 747.0
ship 198.0 643.0 209.0 676.0
ship 197.0 678.0 209.0 702.0
ship 210.0 646.0 221.0 671.0
ship 223.0 649.0 234.0 674.0
ship 237.0 649.0 248.0 677.0
ship 250.0 641.0 262.0 677.0
ship 270.0 683.0 304.0 695.0
ship 267.0 701.0 297.0 713.0
ship 237.0 737.0 263.0 750.0
ship 270.0 732.0 297.0 744.0
ship 255.0 747.0 286.0 761.0
ship 405.0 556.0 447.0 572.0
ship 416.0 579.0 454.0 591.0
ship 400.0 517.0 446.0 535.0
ship 403.0 499.0 445.0 513.0
ship 407.0 482.0 445.0 496.0
ship 401.0 464.0 445.0 480.0
ship 412.0 449.0 444.0 459.0
ship 450.0 445.0 462.0 469.0
ship 451.0 483.0 464.0 511.0
ship 453.0 521.0 463.0 545.0
ship 453.0 548.0 465.0 574.0
ship 401.0 381.0 442.0 398.0
ship 403.0 399.0 443.0 414.0
ship 414.0 416.0 443.0 428.0
ship 447.0 310.0 473.0 321.0
ship 447.0 282.0 471.0 294.0
ship 517.0 245.0 533.0 254.0
ship 454.0 250.0 478.0 266.0
ship 449.0 266.0 473.0 280.0
ship 461.0 239.0 485.0 256.0
ship 493.0 165.0 511.0 194.0
ship 551.0 244.0 595.0 260.0
ship 608.0 231.0 619.0 255.0
ship 618.0 223.0 633.0 258.0
ship 629.0 219.0 644.0 255.0
ship 641.0 215.0 657.0 250.0
ship 598.0 297.0 626.0 355.0
ship 631.0 292.0 653.0 333.0
ship 661.0 321.0 685.0 371.0
ship 645.0 333.0 665.0 371.0
ship 629.0 336.0 650.0 379.0
ship 617.0 352.0 637.0 386.0
ship 607.0 352.0 623.0 391.0
ship 593.0 351.0 612.0 393.0
ship 578.0 352.0 598.0 399.0
ship 565.0 362.0 580.0 403.0
ship 719.0 225.0 766.0 258.0
ship 752.0 1.0 769.0 35.0
