harbor 484.0 115.0 776.0 593.0
harbor 16.0 137.0 335.0 606.0
ship 215.0 274.0 333.0 316.0
ship 440.0 580.0 471.0 594.0
ship 391.0 578.0 423.0 592.0
ship 212.0 327.0 330.0 369.0
ship 60.0 339.0 171.0 377.0
ship 42.0 388.0 173.0 435.0
ship 19.0 555.0 174.0 608.0
ship 516.0 115.0 732.0 188.0
ship 630.0 251.0 760.0 288.0
ship 487.0 309.0 592.0 343.0
ship 484.0 356.0 602.0 394.0
ship 645.0 348.0 747.0 385.0
ship 646.0 399.0 758.0 439.0
ship 646.0 442.0 771.0 490.0
ship 646.0 498.0 767.0 537.0
ship 642.0 543.0 769.0 587.0
ship 567.0 576.0 600.0 595.0
ship 526.0 577.0 559.0 596.0
