trainstation 164.0 296.0 786.0 396.0
vehicle 194.0 424.0 206.0 429.0
vehicle 254.0 443.0 265.0 449.0
vehicle 472.0 526.0 480.0 532.0
vehicle 748.0 574.0 758.0 578.0
vehicle 648.0 515.0 652.0 523.0
vehicle 648.0 531.0 652.0 543.0
vehicle 653.0 533.0 656.0 547.0
vehicle 657.0 529.0 667.0 539.0
vehicle 645.0 477.0 649.0 487.0
vehicle 672.0 474.0 676.0 487.0
vehicle 670.0 496.0 674.0 505.0
vehicle 681.0 485.0 687.0 496.0
vehicle 688.0 487.0 693.0 497.0
vehicle 692.0 480.0 695.0 490.0
vehicle 673.0 533.0 681.0 541.0
vehicle 699.0 467.0 704.0 477.0
vehicle 700.0 460.0 710.0 466.0
