airplane 269.0 655.0 297.0 688.0
airplane 261.0 710.0 287.0 735.0
airplane 235.0 526.0 256.0 555.0
airplane 269.0 535.0 297.0 565.0
airplane 4.0 590.0 31.0 621.0
airplane 41.0 597.0 75.0 631.0
airplane 91.0 613.0 119.0 646.0
airplane 127.0 618.0 162.0 656.0
airplane 179.0 634.0 207.0 665.0
airplane 221.0 646.0 249.0 679.0
airplane 87.0 601.0 107.0 626.0
airplane 116.0 607.0 141.0 637.0
airplane 152.0 618.0 173.0 638.0
airplane 177.0 625.0 195.0 644.0
airplane 204.0 631.0 227.0 656.0
airplane 241.0 641.0 258.0 663.0
airplane 380.0 659.0 401.0 685.0
airplane 303.0 751.0 325.0 783.0
airplane 123.0 661.0 149.0 690.0
airplane 202.0 531.0 220.0 553.0
airplane 220.0 541.0 238.0 563.0
airplane 244.0 544.0 264.0 567.0
airplane 1.0 579.0 15.0 596.0
airplane 29.0 588.0 48.0 609.0
airplane 67.0 599.0 84.0 617.0
airplane 101.0 667.0 124.0 694.0
airplane 96.0 492.0 124.0 522.0
airplane 133.0 514.0 148.0 534.0
airplane 139.0 506.0 172.0 536.0
airplane 164.0 527.0 182.0 546.0
airplane 186.0 516.0 206.0 542.0
airplane 408.0 576.0 424.0 586.0
airplane 391.0 568.0 408.0 583.0
airplane 361.0 576.0 384.0 602.0
airplane 348.0 561.0 370.0 584.0
airplane 116.0 510.0 132.0 526.0
airplane 555.0 475.0 592.0 510.0
airplane 334.0 305.0 362.0 340.0
airplane 377.0 324.0 406.0 351.0
airplane 527.0 457.0 546.0 482.0
airplane 526.0 422.0 561.0 453.0
airplane 481.0 426.0 519.0 456.0
airplane 532.0 391.0 570.0 420.0
airplane 484.0 394.0 522.0 425.0
airplane 512.0 362.0 559.0 402.0
airplane 476.0 358.0 521.0 397.0
airplane 454.0 367.0 488.0 398.0
airplane 602.0 304.0 629.0 326.0
airplane 657.0 337.0 686.0 372.0
airplane 595.0 480.0 625.0 520.0
airplane 555.0 283.0 570.0 301.0
airplane 550.0 305.0 565.0 323.0
airplane 503.0 186.0 532.0 213.0
airplane 499.0 216.0 525.0 240.0
airplane 481.0 270.0 510.0 297.0
airplane 468.0 195.0 488.0 217.0
airplane 437.0 121.0 458.0 145.0
airplane 461.0 130.0 482.0 153.0
airplane 559.0 264.0 575.0 280.0
airplane 567.0 240.0 581.0 257.0
airplane 570.0 221.0 588.0 239.0
airplane 574.0 197.0 594.0 217.0
airplane 580.0 170.0 602.0 194.0
airplane 734.0 195.0 765.0 224.0
airplane 778.0 215.0 796.0 234.0
airplane 376.0 236.0 396.0 261.0
airplane 183.0 192.0 220.0 225.0
storagetank 757.0 641.0 770.0 653.0
storagetank 753.0 656.0 767.0 667.0
storagetank 750.0 669.0 761.0 682.0
