harbor 2.0 575.0 718.0 797.0
harbor 1.0 283.0 753.0 509.0
harbor 1.0 32.0 759.0 227.0
ship 23.0 306.0 47.0 373.0
ship 1.0 396.0 24.0 444.0
ship 1.0 454.0 20.0 501.0
ship 36.0 489.0 85.0 508.0
ship 125.0 303.0 158.0 381.0
ship 126.0 410.0 150.0 477.0
ship 202.0 298.0 234.0 385.0
ship 245.0 323.0 273.0 381.0
ship 280.0 307.0 311.0 393.0
ship 319.0 302.0 350.0 388.0
ship 359.0 304.0 390.0 390.0
ship 400.0 322.0 427.0 385.0
ship 477.0 321.0 504.0 391.0
ship 516.0 326.0 543.0 396.0
ship 557.0 323.0 584.0 393.0
ship 592.0 307.0 629.0 400.0
ship 635.0 355.0 660.0 401.0
ship 671.0 334.0 701.0 403.0
ship 708.0 331.0 754.0 407.0
ship 160.0 412.0 180.0 471.0
ship 205.0 415.0 225.0 474.0
ship 280.0 417.0 300.0 476.0
ship 316.0 422.0 341.0 493.0
ship 357.0 419.0 382.0 490.0
ship 398.0 423.0 423.0 494.0
ship 432.0 415.0 463.0 493.0
ship 472.0 423.0 499.0 494.0
ship 514.0 434.0 535.0 490.0
ship 591.0 430.0 616.0 504.0
ship 39.0 584.0 95.0 664.0
ship 29.0 687.0 80.0 779.0
ship 96.0 630.0 126.0 668.0
ship 134.0 602.0 163.0 654.0
ship 175.0 590.0 205.0 673.0
ship 216.0 589.0 246.0 672.0
ship 254.0 595.0 284.0 678.0
ship 293.0 596.0 323.0 679.0
ship 333.0 612.0 359.0 673.0
ship 411.0 594.0 443.0 683.0
ship 607.0 599.0 639.0 688.0
ship 651.0 614.0 700.0 695.0
ship 95.0 689.0 125.0 779.0
ship 135.0 699.0 165.0 764.0
ship 169.0 693.0 206.0 783.0
ship 208.0 699.0 241.0 769.0
ship 248.0 700.0 286.0 795.0
ship 325.0 713.0 359.0 782.0
ship 523.0 716.0 564.0 798.0
ship 111.0 68.0 216.0 102.0
ship 176.0 121.0 208.0 209.0
ship 213.0 124.0 243.0 201.0
ship 291.0 129.0 316.0 198.0
ship 293.0 48.0 318.0 107.0
ship 451.0 38.0 479.0 112.0
ship 496.0 43.0 517.0 96.0
ship 606.0 39.0 640.0 118.0
ship 681.0 38.0 717.0 121.0
ship 727.0 51.0 753.0 120.0
ship 724.0 146.0 751.0 227.0
