bridge 79.0 501.0 613.0 633.0
ship 125.0 55.0 210.0 73.0
ship 73.0 328.0 142.0 346.0
ship 13.0 293.0 53.0 304.0
ship 1.0 339.0 20.0 351.0
ship 260.0 740.0 284.0 768.0
ship 265.0 666.0 282.0 693.0
ship 112.0 676.0 142.0 698.0
ship 69.0 679.0 93.0 691.0
harbor 527.0 21.0 676.0 154.0
harbor 503.0 221.0 662.0 335.0
harbor 511.0 401.0 637.0 491.0
harbor 503.0 526.0 615.0 585.0
harbor 490.0 631.0 605.0 671.0
ship 402.0 279.0 423.0 339.0
ship 494.0 628.0 505.0 658.0
ship 507.0 637.0 517.0 664.0
ship 519.0 640.0 529.0 666.0
ship 543.0 645.0 551.0 664.0
ship 563.0 645.0 574.0 671.0
ship 535.0 561.0 557.0 568.0
ship 567.0 533.0 578.0 558.0
ship 543.0 532.0 554.0 555.0
ship 521.0 526.0 531.0 552.0
ship 508.0 529.0 519.0 556.0
ship 578.0 543.0 587.0 561.0
ship 589.0 567.0 597.0 583.0
ship 516.0 416.0 535.0 492.0
ship 510.0 416.0 518.0 442.0
ship 539.0 408.0 556.0 438.0
ship 564.0 408.0 576.0 446.0
ship 580.0 412.0 599.0 445.0
ship 613.0 406.0 634.0 438.0
ship 616.0 438.0 628.0 444.0
ship 600.0 455.0 612.0 490.0
ship 585.0 456.0 596.0 490.0
ship 570.0 455.0 581.0 488.0
ship 556.0 455.0 565.0 485.0
ship 541.0 459.0 551.0 485.0
ship 507.0 227.0 529.0 328.0
ship 532.0 225.0 547.0 270.0
ship 533.0 282.0 552.0 338.0
ship 556.0 227.0 571.0 269.0
ship 575.0 234.0 587.0 271.0
ship 577.0 280.0 590.0 318.0
ship 615.0 226.0 629.0 271.0
ship 618.0 279.0 630.0 318.0
ship 602.0 280.0 613.0 314.0
ship 643.0 223.0 657.0 266.0
ship 635.0 235.0 644.0 264.0
ship 547.0 22.0 570.0 84.0
ship 581.0 46.0 595.0 89.0
ship 598.0 32.0 622.0 89.0
ship 627.0 63.0 647.0 96.0
ship 651.0 54.0 675.0 97.0
ship 536.0 91.0 558.0 144.0
ship 579.0 99.0 598.0 144.0
ship 601.0 103.0 619.0 146.0
ship 657.0 116.0 672.0 154.0
