harbor 432.0 29.0 660.0 710.0
harbor 695.0 336.0 777.0 677.0
harbor 100.0 48.0 331.0 700.0
harbor 19.0 630.0 797.0 715.0
ship 106.0 80.0 189.0 104.0
ship 127.0 157.0 210.0 181.0
ship 123.0 192.0 205.0 220.0
ship 219.0 436.0 281.0 458.0
ship 14.0 634.0 57.0 650.0
ship 399.0 666.0 429.0 681.0
ship 488.0 675.0 522.0 690.0
ship 486.0 581.0 536.0 599.0
ship 475.0 449.0 537.0 471.0
ship 560.0 402.0 595.0 416.0
ship 598.0 656.0 614.0 696.0
ship 675.0 659.0 689.0 695.0
ship 699.0 552.0 727.0 564.0
ship 741.0 535.0 776.0 549.0
ship 742.0 550.0 775.0 565.0
ship 741.0 488.0 776.0 502.0
ship 480.0 270.0 536.0 287.0
ship 562.0 29.0 645.0 52.0
vehicle 722.0 764.0 754.0 775.0
