airplane 122.0 14.0 198.0 102.0
airplane 549.0 204.0 633.0 291.0
airplane 438.0 206.0 524.0 296.0
airplane 215.0 203.0 299.0 292.0
airplane 119.0 212.0 202.0 300.0
airplane 3.0 225.0 87.0 314.0
airplane 457.0 432.0 549.0 539.0
airplane 354.0 448.0 429.0 522.0
airplane 42.0 463.0 120.0 539.0
airplane 656.0 204.0 741.0 278.0
airplane 433.0 595.0 530.0 671.0
airplane 638.0 518.0 714.0 606.0
airplane 564.0 474.0 637.0 549.0
vehicle 3.0 294.0 29.0 307.0
vehicle 1.0 241.0 8.0 253.0
vehicle 95.0 539.0 108.0 547.0
vehicle 338.0 439.0 347.0 452.0
