baseballfield 139.0 110.0 172.0 131.0
baseballfield 231.0 73.0 278.0 102.0
baseballfield 403.0 116.0 440.0 142.0
baseballfield 488.0 710.0 532.0 742.0
overpass 88.0 246.0 181.0 281.0
overpass 15.0 303.0 111.0 344.0
bridge 159.0 183.0 294.0 257.0
bridge 43.0 121.0 71.0 143.0
bridge 173.0 200.0 203.0 219.0
bridge 192.0 207.0 210.0 221.0
vehicle 75.0 327.0 87.0 339.0
vehicle 331.0 124.0 342.0 134.0
vehicle 384.0 72.0 396.0 82.0
vehicle 447.0 5.0 459.0 15.0
vehicle 399.0 29.0 413.0 43.0
vehicle 327.0 97.0 340.0 111.0
vehicle 374.0 59.0 384.0 70.0
