airplane 50.0 647.0 148.0 728.0
airplane 125.0 560.0 207.0 642.0
airplane 351.0 463.0 441.0 563.0
airplane 470.0 474.0 558.0 573.0
airplane 642.0 437.0 731.0 508.0
airplane 689.0 311.0 795.0 393.0
airplane 697.0 195.0 788.0 278.0
airplane 518.0 137.0 606.0 220.0
airplane 296.0 149.0 384.0 250.0
airplane 170.0 127.0 257.0 229.0
airplane 68.0 136.0 156.0 238.0
vehicle 130.0 609.0 143.0 621.0
vehicle 197.0 535.0 206.0 546.0
vehicle 239.0 528.0 251.0 541.0
vehicle 437.0 564.0 449.0 578.0
vehicle 452.0 560.0 459.0 577.0
vehicle 455.0 539.0 464.0 555.0
vehicle 512.0 579.0 526.0 585.0
vehicle 566.0 513.0 576.0 525.0
vehicle 426.0 455.0 441.0 461.0
vehicle 639.0 474.0 649.0 488.0
vehicle 736.0 448.0 747.0 463.0
vehicle 756.0 472.0 768.0 487.0
vehicle 701.0 63.0 716.0 69.0
vehicle 736.0 67.0 752.0 78.0
vehicle 773.0 88.0 788.0 101.0
vehicle 413.0 199.0 431.0 209.0
vehicle 370.0 305.0 378.0 318.0
vehicle 276.0 263.0 285.0 278.0
vehicle 324.0 302.0 334.0 316.0
vehicle 21.0 199.0 32.0 212.0
vehicle 216.0 257.0 225.0 272.0
vehicle 12.0 301.0 27.0 309.0
vehicle 44.0 302.0 50.0 316.0
vehicle 261.0 229.0 267.0 240.0
