ship 130.0 1.0 144.0 44.0
ship 18.0 29.0 40.0 95.0
ship 116.0 91.0 130.0 136.0
ship 73.0 138.0 91.0 202.0
ship 53.0 234.0 68.0 298.0
ship 100.0 278.0 115.0 344.0
ship 67.0 349.0 83.0 416.0
ship 77.0 454.0 96.0 527.0
ship 95.0 468.0 107.0 527.0
ship 144.0 440.0 158.0 494.0
ship 155.0 435.0 169.0 497.0
ship 99.0 578.0 114.0 634.0
ship 145.0 598.0 167.0 661.0
ship 124.0 680.0 138.0 737.0
ship 225.0 647.0 248.0 694.0
ship 178.0 717.0 190.0 749.0
ship 183.0 714.0 197.0 763.0
ship 195.0 714.0 209.0 765.0
ship 207.0 718.0 221.0 768.0
ship 221.0 724.0 231.0 766.0
