tenniscourt 749.0 590.0 780.0 642.0
tenniscourt 708.0 594.0 738.0 643.0
tenniscourt 700.0 528.0 733.0 580.0
tenniscourt 760.0 526.0 790.0 578.0
tenniscourt 528.0 315.0 561.0 367.0
tenniscourt 15.0 322.0 45.0 375.0
vehicle 758.0 95.0 772.0 101.0
vehicle 612.0 140.0 622.0 145.0
vehicle 368.0 236.0 379.0 240.0
vehicle 361.0 348.0 367.0 358.0
vehicle 378.0 336.0 389.0 341.0
vehicle 379.0 341.0 392.0 346.0
vehicle 619.0 288.0 627.0 300.0
vehicle 494.0 452.0 499.0 466.0
vehicle 497.0 489.0 502.0 499.0
vehicle 161.0 427.0 172.0 432.0
vehicle 217.0 418.0 222.0 430.0
vehicle 197.0 437.0 202.0 447.0
vehicle 220.0 464.0 226.0 474.0
vehicle 200.0 470.0 205.0 482.0
vehicle 161.0 487.0 171.0 490.0
vehicle 222.0 502.0 227.0 512.0
vehicle 224.0 514.0 230.0 527.0
vehicle 226.0 560.0 233.0 570.0
vehicle 229.0 575.0 236.0 594.0
vehicle 233.0 622.0 238.0 629.0
vehicle 518.0 578.0 524.0 588.0
vehicle 519.0 590.0 523.0 600.0
vehicle 531.0 664.0 536.0 675.0
vehicle 480.0 677.0 492.0 682.0
vehicle 527.0 685.0 532.0 695.0
vehicle 561.0 560.0 569.0 567.0
vehicle 681.0 704.0 686.0 715.0
vehicle 642.0 746.0 658.0 751.0
vehicle 612.0 781.0 617.0 790.0
vehicle 10.0 767.0 24.0 773.0
vehicle 48.0 765.0 61.0 770.0
