harbor 276.0 129.0 500.0 721.0
vehicle 593.0 64.0 601.0 78.0
vehicle 601.0 86.0 608.0 95.0
vehicle 630.0 88.0 642.0 95.0
vehicle 633.0 95.0 644.0 101.0
vehicle 637.0 105.0 648.0 112.0
vehicle 639.0 112.0 650.0 119.0
vehicle 666.0 103.0 677.0 110.0
vehicle 659.0 80.0 668.0 86.0
vehicle 617.0 42.0 623.0 46.0
vehicle 659.0 249.0 669.0 256.0
vehicle 674.0 257.0 681.0 264.0
vehicle 690.0 267.0 702.0 275.0
vehicle 735.0 28.0 741.0 38.0
vehicle 743.0 71.0 751.0 82.0
vehicle 735.0 100.0 743.0 114.0
vehicle 747.0 127.0 757.0 139.0
vehicle 761.0 156.0 767.0 168.0
vehicle 794.0 187.0 800.0 199.0
vehicle 719.0 392.0 730.0 397.0
vehicle 742.0 398.0 752.0 405.0
vehicle 744.0 405.0 755.0 411.0
vehicle 753.0 438.0 767.0 446.0
vehicle 495.0 10.0 502.0 20.0
harbor 340.0 187.0 594.0 782.0
ship 181.0 706.0 214.0 766.0
ship 454.0 136.0 491.0 159.0
ship 445.0 166.0 477.0 184.0
ship 439.0 176.0 471.0 195.0
ship 544.0 193.0 570.0 244.0
ship 472.0 221.0 498.0 241.0
ship 461.0 246.0 485.0 262.0
ship 454.0 258.0 476.0 272.0
ship 447.0 268.0 472.0 286.0
ship 440.0 279.0 463.0 294.0
ship 434.0 290.0 456.0 307.0
ship 426.0 299.0 452.0 319.0
ship 421.0 314.0 441.0 328.0
ship 412.0 324.0 436.0 340.0
ship 407.0 339.0 427.0 352.0
ship 394.0 360.0 417.0 376.0
ship 386.0 373.0 408.0 386.0
ship 381.0 383.0 402.0 399.0
ship 366.0 404.0 393.0 423.0
ship 352.0 429.0 376.0 445.0
ship 343.0 460.0 371.0 471.0
ship 336.0 473.0 369.0 486.0
ship 331.0 514.0 362.0 526.0
ship 327.0 529.0 363.0 541.0
ship 419.0 493.0 452.0 505.0
ship 413.0 504.0 449.0 519.0
ship 416.0 522.0 447.0 534.0
ship 407.0 533.0 443.0 548.0
ship 432.0 435.0 458.0 446.0
ship 422.0 446.0 455.0 459.0
ship 420.0 463.0 455.0 475.0
ship 423.0 477.0 451.0 488.0
ship 450.0 408.0 465.0 419.0
ship 464.0 369.0 487.0 385.0
ship 458.0 382.0 481.0 398.0
ship 485.0 350.0 499.0 362.0
ship 519.0 318.0 553.0 343.0
ship 517.0 335.0 547.0 356.0
ship 504.0 346.0 538.0 370.0
ship 554.0 263.0 588.0 289.0
ship 563.0 250.0 594.0 273.0
ship 326.0 556.0 361.0 569.0
ship 324.0 571.0 348.0 580.0
ship 323.0 585.0 351.0 597.0
ship 317.0 594.0 349.0 616.0
ship 309.0 608.0 341.0 631.0
ship 303.0 621.0 332.0 640.0
ship 297.0 633.0 324.0 653.0
ship 289.0 644.0 326.0 667.0
ship 300.0 671.0 326.0 711.0
ship 406.0 563.0 443.0 577.0
ship 412.0 597.0 431.0 612.0
ship 403.0 607.0 425.0 622.0
ship 399.0 620.0 420.0 637.0
ship 389.0 630.0 414.0 649.0
ship 383.0 644.0 408.0 662.0
ship 374.0 653.0 403.0 671.0
ship 362.0 665.0 395.0 693.0
ship 366.0 699.0 402.0 723.0
ship 343.0 738.0 385.0 764.0
ship 468.0 233.0 492.0 251.0
