basketballcourt 517.0 204.0 714.0 325.0
basketballcourt 514.0 358.0 711.0 476.0
vehicle 648.0 116.0 663.0 153.0
vehicle 670.0 117.0 682.0 155.0
vehicle 688.0 128.0 702.0 161.0
vehicle 562.0 69.0 596.0 101.0
vehicle 569.0 55.0 601.0 81.0
vehicle 611.0 8.0 641.0 32.0
vehicle 761.0 17.0 800.0 33.0
vehicle 766.0 39.0 800.0 52.0
vehicle 760.0 59.0 800.0 76.0
vehicle 277.0 52.0 313.0 79.0
vehicle 430.0 1.0 450.0 36.0
vehicle 555.0 114.0 587.0 138.0
vehicle 42.0 672.0 71.0 710.0
vehicle 4.0 717.0 37.0 763.0
vehicle 372.0 645.0 405.0 668.0
vehicle 405.0 561.0 422.0 601.0
