vehicle 24.0 86.0 41.0 93.0
harbor 238.0 100.0 276.0 441.0
vehicle 766.0 10.0 774.0 29.0
vehicle 776.0 250.0 787.0 264.0
vehicle 762.0 392.0 772.0 413.0
vehicle 773.0 524.0 782.0 541.0
vehicle 758.0 617.0 770.0 634.0
vehicle 761.0 689.0 770.0 710.0
vehicle 778.0 708.0 787.0 723.0
vehicle 774.0 755.0 784.0 772.0
vehicle 1.0 257.0 11.0 279.0
vehicle 53.0 665.0 64.0 681.0
vehicle 2.0 13.0 21.0 21.0
ship 524.0 670.0 539.0 694.0
ship 96.0 782.0 188.0 799.0
vehicle 286.0 638.0 304.0 659.0
vehicle 307.0 645.0 321.0 659.0
vehicle 328.0 477.0 335.0 493.0
vehicle 283.0 503.0 290.0 514.0
vehicle 327.0 536.0 354.0 545.0
vehicle 293.0 542.0 317.0 551.0
vehicle 278.0 588.0 300.0 595.0
vehicle 329.0 514.0 353.0 524.0
harbor 291.0 97.0 339.0 423.0
harbor 343.0 99.0 400.0 423.0
harbor 414.0 97.0 460.0 422.0
harbor 469.0 99.0 523.0 435.0
harbor 540.0 96.0 576.0 418.0
harbor 582.0 57.0 623.0 514.0
harbor 361.0 469.0 462.0 575.0
harbor 363.0 529.0 556.0 658.0
ship 265.0 450.0 360.0 472.0
ship 189.0 715.0 228.0 779.0
ship 210.0 738.0 237.0 782.0
ship 582.0 373.0 616.0 510.0
ship 291.0 153.0 314.0 229.0
ship 289.0 228.0 313.0 309.0
ship 255.0 196.0 275.0 249.0
ship 254.0 150.0 272.0 193.0
ship 254.0 278.0 272.0 321.0
ship 254.0 318.0 272.0 361.0
ship 294.0 370.0 313.0 418.0
ship 293.0 317.0 312.0 373.0
ship 317.0 160.0 338.0 223.0
ship 350.0 253.0 371.0 311.0
ship 349.0 360.0 370.0 418.0
ship 372.0 256.0 393.0 314.0
ship 413.0 275.0 434.0 333.0
ship 435.0 354.0 456.0 412.0
ship 535.0 278.0 557.0 329.0
ship 372.0 199.0 394.0 250.0
ship 354.0 159.0 370.0 203.0
ship 374.0 109.0 390.0 153.0
ship 437.0 283.0 453.0 327.0
ship 559.0 183.0 575.0 227.0
ship 437.0 227.0 454.0 276.0
ship 275.0 110.0 293.0 133.0
ship 345.0 103.0 370.0 157.0
ship 373.0 321.0 401.0 413.0
ship 434.0 131.0 462.0 203.0
ship 472.0 146.0 495.0 225.0
ship 472.0 233.0 497.0 307.0
ship 499.0 221.0 519.0 290.0
ship 469.0 350.0 492.0 424.0
ship 496.0 337.0 523.0 434.0
ship 525.0 105.0 556.0 247.0
ship 323.0 67.0 393.0 91.0
ship 450.0 66.0 538.0 91.0
ship 600.0 67.0 615.0 113.0
ship 593.0 114.0 613.0 167.0
ship 559.0 122.0 575.0 157.0
ship 558.0 227.0 575.0 267.0
ship 558.0 308.0 575.0 351.0
ship 600.0 175.0 612.0 211.0
ship 599.0 235.0 614.0 274.0
ship 600.0 299.0 613.0 336.0
ship 363.0 466.0 435.0 485.0
ship 365.0 493.0 461.0 515.0
ship 362.0 527.0 437.0 547.0
ship 286.0 557.0 360.0 585.0
ship 371.0 555.0 416.0 575.0
ship 448.0 528.0 535.0 583.0
ship 371.0 581.0 437.0 624.0
ship 484.0 555.0 555.0 605.0
ship 376.0 594.0 487.0 660.0
ship 254.0 658.0 371.0 741.0
