vehicle 221.0 156.0 235.0 179.0
vehicle 212.0 169.0 222.0 209.0
vehicle 170.0 185.0 188.0 210.0
vehicle 206.0 246.0 225.0 285.0
vehicle 174.0 245.0 189.0 280.0
vehicle 144.0 301.0 164.0 338.0
vehicle 468.0 380.0 482.0 404.0
vehicle 488.0 345.0 500.0 362.0
vehicle 580.0 356.0 596.0 392.0
vehicle 636.0 358.0 659.0 400.0
vehicle 664.0 392.0 676.0 442.0
vehicle 618.0 521.0 628.0 570.0
Expressway-Service-area 89.0 58.0 476.0 602.0
Expressway-Service-area 325.0 145.0 759.0 719.0
vehicle 174.0 669.0 201.0 716.0
vehicle 380.0 565.0 401.0 595.0
