harbor 456.0 186.0 578.0 494.0
harbor 341.0 205.0 448.0 498.0
harbor 271.0 293.0 310.0 520.0
harbor 184.0 302.0 216.0 444.0
vehicle 314.0 616.0 332.0 646.0
vehicle 372.0 616.0 394.0 646.0
vehicle 489.0 615.0 510.0 647.0
vehicle 567.0 651.0 589.0 680.0
vehicle 277.0 751.0 296.0 780.0
vehicle 610.0 650.0 625.0 671.0
vehicle 354.0 752.0 378.0 785.0
vehicle 500.0 763.0 519.0 791.0
vehicle 577.0 759.0 597.0 784.0
ship 528.0 293.0 574.0 311.0
ship 534.0 357.0 571.0 370.0
ship 290.0 322.0 305.0 356.0
ship 202.0 402.0 218.0 432.0
ship 186.0 345.0 196.0 365.0
ship 370.0 444.0 397.0 460.0
ship 453.0 186.0 498.0 203.0
ship 456.0 208.0 507.0 228.0
