airplane 128.0 37.0 182.0 91.0
airplane 336.0 311.0 384.0 361.0
airplane 547.0 356.0 575.0 384.0
airplane 741.0 470.0 780.0 499.0
airplane 432.0 450.0 485.0 495.0
airplane 471.0 504.0 507.0 533.0
airplane 308.0 633.0 335.0 667.0
airplane 198.0 717.0 225.0 746.0
airplane 334.0 615.0 363.0 646.0
airplane 358.0 605.0 393.0 637.0
airplane 391.0 591.0 425.0 626.0
airplane 427.0 565.0 473.0 618.0
airplane 475.0 541.0 514.0 586.0
airplane 514.0 540.0 543.0 569.0
airplane 676.0 614.0 725.0 661.0
storagetank 83.0 694.0 97.0 709.0
storagetank 100.0 688.0 111.0 703.0
storagetank 99.0 715.0 116.0 730.0
