harbor 32.0 7.0 300.0 86.0
harbor 306.0 25.0 541.0 89.0
harbor 21.0 127.0 302.0 202.0
harbor 78.0 238.0 304.0 314.0
harbor 112.0 357.0 310.0 431.0
harbor 158.0 470.0 316.0 539.0
harbor 73.0 547.0 317.0 674.0
harbor 321.0 450.0 424.0 503.0
harbor 318.0 369.0 444.0 422.0
harbor 314.0 286.0 458.0 342.0
harbor 311.0 202.0 490.0 260.0
harbor 309.0 116.0 521.0 175.0
ship 516.0 190.0 530.0 208.0
ship 378.0 602.0 385.0 615.0
ship 386.0 602.0 392.0 615.0
ship 52.0 15.0 64.0 43.0
ship 66.0 15.0 78.0 43.0
ship 94.0 16.0 106.0 44.0
ship 107.0 15.0 119.0 43.0
ship 122.0 17.0 134.0 45.0
ship 132.0 12.0 144.0 40.0
ship 146.0 11.0 160.0 43.0
ship 161.0 13.0 173.0 41.0
ship 188.0 13.0 200.0 41.0
ship 203.0 9.0 214.0 42.0
ship 215.0 13.0 227.0 39.0
ship 229.0 9.0 241.0 42.0
ship 243.0 8.0 255.0 36.0
ship 256.0 9.0 268.0 41.0
ship 285.0 11.0 297.0 43.0
ship 276.0 48.0 288.0 80.0
ship 287.0 51.0 299.0 83.0
ship 249.0 50.0 261.0 82.0
ship 223.0 51.0 235.0 79.0
ship 196.0 49.0 208.0 81.0
ship 183.0 53.0 195.0 85.0
ship 40.0 57.0 52.0 84.0
ship 51.0 55.0 62.0 85.0
ship 64.0 56.0 76.0 83.0
ship 90.0 55.0 102.0 82.0
ship 105.0 55.0 117.0 82.0
ship 117.0 55.0 129.0 82.0
ship 131.0 55.0 143.0 82.0
ship 143.0 56.0 155.0 83.0
ship 155.0 57.0 167.0 84.0
ship 208.0 53.0 220.0 80.0
ship 97.0 250.0 110.0 279.0
ship 123.0 250.0 134.0 277.0
ship 162.0 247.0 175.0 276.0
ship 177.0 246.0 188.0 275.0
ship 191.0 247.0 200.0 276.0
ship 203.0 247.0 213.0 276.0
ship 242.0 245.0 252.0 274.0
ship 255.0 245.0 265.0 274.0
ship 177.0 284.0 187.0 313.0
ship 151.0 283.0 162.0 313.0
ship 216.0 281.0 227.0 313.0
ship 231.0 282.0 242.0 314.0
ship 253.0 281.0 266.0 310.0
ship 267.0 282.0 278.0 310.0
ship 281.0 246.0 291.0 272.0
ship 125.0 286.0 135.0 312.0
ship 294.0 281.0 305.0 309.0
ship 282.0 283.0 293.0 311.0
ship 228.0 247.0 239.0 275.0
ship 268.0 249.0 277.0 272.0
ship 217.0 248.0 226.0 271.0
ship 192.0 283.0 200.0 313.0
ship 204.0 284.0 214.0 315.0
ship 98.0 288.0 107.0 309.0
ship 79.0 248.0 94.0 311.0
ship 113.0 363.0 126.0 400.0
ship 299.0 397.0 309.0 423.0
ship 160.0 477.0 180.0 540.0
ship 210.0 472.0 225.0 502.0
ship 237.0 514.0 247.0 537.0
ship 89.0 549.0 104.0 585.0
ship 75.0 619.0 85.0 648.0
ship 87.0 624.0 95.0 642.0
ship 99.0 624.0 106.0 646.0
ship 112.0 613.0 127.0 657.0
ship 129.0 614.0 145.0 656.0
ship 149.0 618.0 162.0 656.0
ship 176.0 615.0 191.0 653.0
ship 192.0 619.0 206.0 654.0
ship 220.0 615.0 234.0 652.0
ship 236.0 605.0 250.0 651.0
ship 253.0 620.0 263.0 651.0
ship 344.0 484.0 352.0 506.0
ship 410.0 480.0 424.0 499.0
ship 430.0 372.0 445.0 417.0
ship 315.0 319.0 323.0 341.0
ship 529.0 31.0 541.0 81.0
ship 511.0 143.0 521.0 166.0
ship 366.0 206.0 376.0 227.0
ship 311.0 238.0 322.0 261.0
ship 22.0 141.0 38.0 202.0
ship 42.0 135.0 52.0 163.0
ship 43.0 173.0 52.0 201.0
ship 55.0 172.0 66.0 202.0
ship 54.0 134.0 65.0 165.0
ship 69.0 134.0 78.0 164.0
ship 80.0 134.0 90.0 163.0
ship 95.0 137.0 102.0 162.0
ship 69.0 173.0 81.0 201.0
ship 96.0 171.0 107.0 201.0
ship 105.0 133.0 117.0 163.0
ship 108.0 172.0 119.0 202.0
ship 121.0 170.0 133.0 200.0
ship 120.0 132.0 131.0 163.0
ship 133.0 132.0 143.0 162.0
ship 134.0 172.0 143.0 201.0
ship 147.0 170.0 159.0 199.0
ship 146.0 131.0 157.0 159.0
ship 160.0 136.0 169.0 159.0
ship 160.0 171.0 170.0 200.0
ship 173.0 132.0 183.0 160.0
ship 173.0 171.0 185.0 199.0
ship 185.0 169.0 197.0 200.0
ship 186.0 131.0 194.0 159.0
ship 199.0 132.0 209.0 161.0
ship 211.0 131.0 221.0 160.0
ship 199.0 169.0 208.0 194.0
ship 214.0 174.0 222.0 194.0
ship 225.0 131.0 236.0 158.0
ship 238.0 131.0 249.0 160.0
ship 227.0 170.0 236.0 197.0
ship 239.0 169.0 249.0 194.0
ship 252.0 130.0 261.0 158.0
ship 252.0 167.0 262.0 196.0
ship 264.0 168.0 276.0 197.0
ship 263.0 130.0 274.0 160.0
ship 279.0 129.0 287.0 160.0
ship 291.0 132.0 300.0 158.0
ship 279.0 166.0 290.0 197.0
ship 291.0 169.0 301.0 198.0
ship 185.0 510.0 196.0 540.0
ship 198.0 512.0 209.0 539.0
ship 213.0 514.0 222.0 540.0
ship 224.0 511.0 235.0 539.0
ship 263.0 513.0 273.0 539.0
ship 275.0 508.0 288.0 540.0
ship 290.0 509.0 300.0 536.0
ship 303.0 509.0 313.0 538.0
ship 237.0 480.0 246.0 502.0
ship 249.0 472.0 260.0 503.0
ship 263.0 475.0 274.0 501.0
ship 275.0 471.0 287.0 502.0
ship 289.0 470.0 301.0 501.0
ship 363.0 618.0 379.0 626.0
ship 339.0 620.0 355.0 627.0
ship 14.0 426.0 33.0 498.0
ship 131.0 399.0 142.0 428.0
ship 417.0 369.0 425.0 391.0
ship 418.0 397.0 425.0 416.0
ship 409.0 455.0 419.0 476.0
ship 396.0 452.0 405.0 474.0
ship 386.0 452.0 394.0 473.0
ship 376.0 453.0 383.0 476.0
ship 364.0 452.0 372.0 474.0
ship 354.0 455.0 361.0 476.0
ship 342.0 454.0 351.0 478.0
ship 329.0 453.0 339.0 474.0
ship 320.0 457.0 327.0 475.0
ship 365.0 482.0 375.0 505.0
ship 377.0 481.0 384.0 499.0
ship 387.0 481.0 396.0 502.0
ship 397.0 481.0 407.0 503.0
ship 407.0 371.0 413.0 390.0
ship 406.0 397.0 415.0 420.0
ship 395.0 398.0 403.0 420.0
ship 384.0 399.0 392.0 418.0
ship 393.0 369.0 402.0 392.0
ship 382.0 370.0 390.0 391.0
ship 372.0 372.0 380.0 393.0
ship 361.0 370.0 371.0 393.0
ship 351.0 371.0 358.0 388.0
ship 372.0 398.0 381.0 419.0
ship 361.0 402.0 370.0 418.0
ship 351.0 399.0 359.0 420.0
ship 341.0 398.0 349.0 421.0
ship 328.0 400.0 337.0 423.0
ship 339.0 369.0 347.0 391.0
ship 328.0 372.0 337.0 395.0
ship 317.0 373.0 323.0 390.0
ship 297.0 359.0 309.0 389.0
ship 286.0 358.0 294.0 387.0
ship 272.0 394.0 284.0 423.0
ship 129.0 362.0 140.0 391.0
ship 143.0 400.0 152.0 422.0
ship 156.0 400.0 167.0 431.0
ship 143.0 366.0 152.0 391.0
ship 156.0 362.0 165.0 391.0
ship 168.0 361.0 177.0 391.0
ship 170.0 398.0 179.0 428.0
ship 181.0 397.0 192.0 427.0
ship 207.0 395.0 219.0 427.0
ship 181.0 363.0 190.0 388.0
ship 193.0 359.0 204.0 389.0
ship 206.0 357.0 217.0 390.0
ship 219.0 357.0 229.0 389.0
ship 232.0 357.0 243.0 388.0
ship 244.0 360.0 256.0 390.0
ship 258.0 359.0 270.0 389.0
ship 220.0 395.0 231.0 428.0
ship 233.0 395.0 245.0 425.0
ship 246.0 395.0 257.0 427.0
ship 259.0 398.0 270.0 424.0
ship 313.0 287.0 323.0 311.0
ship 325.0 289.0 333.0 310.0
ship 337.0 319.0 347.0 341.0
ship 348.0 318.0 356.0 340.0
ship 347.0 289.0 355.0 311.0
ship 358.0 291.0 366.0 309.0
ship 369.0 288.0 377.0 308.0
ship 381.0 290.0 389.0 309.0
ship 392.0 289.0 400.0 310.0
ship 403.0 289.0 410.0 310.0
ship 415.0 290.0 422.0 307.0
ship 425.0 288.0 432.0 307.0
ship 435.0 286.0 444.0 308.0
ship 359.0 317.0 366.0 336.0
ship 370.0 316.0 378.0 338.0
ship 382.0 317.0 390.0 337.0
ship 393.0 317.0 401.0 333.0
ship 403.0 316.0 411.0 335.0
ship 413.0 315.0 423.0 337.0
ship 427.0 315.0 434.0 336.0
ship 436.0 315.0 444.0 334.0
ship 309.0 126.0 316.0 142.0
ship 322.0 126.0 328.0 141.0
ship 310.0 155.0 318.0 175.0
ship 311.0 207.0 319.0 227.0
ship 323.0 206.0 331.0 228.0
ship 335.0 238.0 343.0 254.0
ship 334.0 206.0 343.0 230.0
ship 345.0 208.0 352.0 227.0
ship 344.0 234.0 354.0 257.0
ship 357.0 233.0 367.0 258.0
ship 400.0 204.0 408.0 226.0
ship 379.0 233.0 389.0 257.0
ship 390.0 234.0 399.0 257.0
ship 402.0 233.0 410.0 256.0
ship 411.0 233.0 420.0 255.0
ship 413.0 207.0 420.0 223.0
ship 433.0 204.0 442.0 227.0
ship 423.0 233.0 433.0 254.0
ship 432.0 232.0 443.0 256.0
ship 447.0 233.0 454.0 249.0
ship 468.0 231.0 477.0 254.0
ship 445.0 202.0 453.0 225.0
ship 456.0 203.0 464.0 226.0
ship 468.0 203.0 475.0 224.0
ship 478.0 232.0 487.0 253.0
ship 322.0 153.0 329.0 174.0
ship 332.0 152.0 341.0 175.0
ship 355.0 154.0 363.0 173.0
ship 365.0 152.0 374.0 174.0
ship 332.0 123.0 339.0 144.0
ship 343.0 122.0 350.0 143.0
ship 355.0 122.0 364.0 144.0
ship 387.0 153.0 395.0 173.0
ship 398.0 119.0 406.0 143.0
ship 409.0 122.0 416.0 143.0
ship 420.0 123.0 426.0 140.0
ship 430.0 119.0 438.0 142.0
ship 411.0 150.0 418.0 172.0
ship 421.0 150.0 429.0 172.0
ship 432.0 149.0 441.0 172.0
ship 443.0 149.0 452.0 171.0
ship 442.0 119.0 450.0 141.0
ship 453.0 118.0 460.0 142.0
ship 465.0 118.0 473.0 142.0
ship 477.0 123.0 483.0 138.0
ship 486.0 116.0 494.0 138.0
ship 475.0 148.0 484.0 170.0
ship 487.0 147.0 495.0 170.0
ship 456.0 149.0 462.0 172.0
ship 498.0 120.0 505.0 139.0
ship 511.0 117.0 520.0 141.0
ship 306.0 31.0 315.0 58.0
ship 319.0 35.0 328.0 59.0
ship 318.0 70.0 326.0 89.0
ship 333.0 34.0 340.0 58.0
ship 344.0 33.0 353.0 60.0
ship 340.0 67.0 349.0 89.0
ship 356.0 34.0 366.0 60.0
ship 366.0 31.0 378.0 59.0
ship 381.0 32.0 390.0 58.0
ship 392.0 35.0 402.0 59.0
ship 406.0 28.0 415.0 56.0
ship 417.0 30.0 425.0 57.0
ship 429.0 28.0 439.0 55.0
ship 441.0 27.0 450.0 53.0
ship 374.0 69.0 381.0 86.0
ship 384.0 67.0 393.0 87.0
ship 397.0 66.0 404.0 86.0
ship 408.0 66.0 415.0 85.0
ship 418.0 64.0 427.0 86.0
ship 428.0 64.0 436.0 85.0
ship 441.0 64.0 449.0 86.0
ship 451.0 65.0 458.0 87.0
ship 462.0 64.0 471.0 86.0
ship 473.0 64.0 481.0 83.0
ship 484.0 63.0 492.0 85.0
ship 465.0 25.0 475.0 53.0
ship 478.0 29.0 489.0 54.0
ship 490.0 27.0 499.0 54.0
ship 503.0 26.0 512.0 52.0
ship 514.0 29.0 524.0 52.0
