ship 459.0 453.0 497.0 490.0
ship 359.0 423.0 371.0 444.0
ship 440.0 543.0 451.0 559.0
ship 515.0 474.0 529.0 494.0
ship 619.0 53.0 641.0 67.0
ship 624.0 155.0 657.0 171.0
ship 622.0 239.0 655.0 263.0
ship 618.0 313.0 644.0 332.0
ship 508.0 417.0 535.0 443.0
ship 525.0 401.0 550.0 429.0
ship 553.0 432.0 569.0 447.0
harbor 604.0 5.0 789.0 70.0
harbor 621.0 142.0 783.0 189.0
harbor 619.0 231.0 739.0 283.0
harbor 613.0 301.0 736.0 387.0
harbor 476.0 311.0 698.0 451.0
harbor 504.0 397.0 628.0 511.0
harbor 458.0 440.0 593.0 579.0
harbor 160.0 464.0 254.0 582.0
vehicle 606.0 664.0 622.0 681.0
vehicle 576.0 684.0 595.0 706.0
vehicle 472.0 727.0 489.0 747.0
vehicle 659.0 715.0 678.0 726.0
ship 665.0 160.0 691.0 174.0
ship 485.0 314.0 513.0 328.0
