tenniscourt 86.0 47.0 172.0 186.0
vehicle 18.0 655.0 40.0 670.0
vehicle 18.0 684.0 42.0 693.0
vehicle 39.0 684.0 62.0 700.0
vehicle 131.0 708.0 157.0 719.0
vehicle 211.0 719.0 244.0 738.0
vehicle 243.0 703.0 268.0 720.0
vehicle 325.0 695.0 341.0 718.0
vehicle 318.0 749.0 334.0 772.0
vehicle 355.0 665.0 379.0 701.0
vehicle 383.0 662.0 403.0 695.0
vehicle 408.0 666.0 433.0 682.0
vehicle 454.0 676.0 476.0 689.0
vehicle 487.0 682.0 507.0 695.0
vehicle 516.0 677.0 538.0 695.0
vehicle 387.0 628.0 406.0 641.0
vehicle 618.0 430.0 637.0 441.0
vehicle 743.0 485.0 761.0 497.0
vehicle 786.0 487.0 800.0 502.0
vehicle 511.0 566.0 517.0 581.0
vehicle 531.0 426.0 543.0 445.0
vehicle 536.0 385.0 550.0 407.0
vehicle 562.0 265.0 573.0 287.0
vehicle 567.0 212.0 581.0 234.0
vehicle 573.0 178.0 588.0 202.0
vehicle 578.0 135.0 595.0 157.0
vehicle 589.0 114.0 600.0 134.0
vehicle 600.0 18.0 615.0 38.0
vehicle 631.0 16.0 647.0 27.0
vehicle 638.0 44.0 653.0 53.0
vehicle 639.0 51.0 658.0 63.0
vehicle 648.0 64.0 666.0 73.0
vehicle 655.0 70.0 676.0 81.0
vehicle 664.0 78.0 681.0 90.0
vehicle 671.0 87.0 688.0 97.0
vehicle 652.0 133.0 675.0 148.0
vehicle 684.0 130.0 704.0 150.0
vehicle 737.0 97.0 753.0 107.0
vehicle 755.0 81.0 775.0 96.0
vehicle 776.0 66.0 792.0 78.0
vehicle 298.0 626.0 312.0 651.0
tenniscourt 181.0 66.0 257.0 187.0
tenniscourt 269.0 86.0 349.0 206.0
