vehicle 27.0 674.0 34.0 686.0
vehicle 24.0 508.0 30.0 518.0
vehicle 119.0 350.0 125.0 360.0
vehicle 134.0 329.0 147.0 336.0
vehicle 115.0 321.0 129.0 326.0
vehicle 82.0 288.0 90.0 297.0
vehicle 77.0 246.0 91.0 253.0
vehicle 101.0 30.0 114.0 37.0
vehicle 177.0 27.0 188.0 32.0
vehicle 296.0 147.0 302.0 155.0
vehicle 315.0 125.0 329.0 130.0
vehicle 370.0 130.0 375.0 140.0
vehicle 380.0 303.0 396.0 308.0
vehicle 416.0 279.0 422.0 287.0
vehicle 488.0 311.0 498.0 315.0
vehicle 495.0 316.0 508.0 321.0
vehicle 566.0 300.0 578.0 305.0
vehicle 321.0 286.0 327.0 296.0
vehicle 392.0 340.0 397.0 350.0
vehicle 637.0 302.0 669.0 308.0
vehicle 684.0 307.0 698.0 312.0
vehicle 632.0 231.0 638.0 243.0
vehicle 562.0 205.0 569.0 209.0
vehicle 562.0 200.0 570.0 203.0
vehicle 528.0 143.0 533.0 152.0
tenniscourt 615.0 125.0 646.0 176.0
tenniscourt 652.0 124.0 684.0 176.0
tenniscourt 696.0 123.0 728.0 173.0
tenniscourt 734.0 121.0 766.0 172.0
vehicle 781.0 329.0 787.0 340.0
vehicle 751.0 324.0 757.0 336.0
vehicle 259.0 523.0 274.0 530.0
vehicle 164.0 565.0 174.0 576.0
vehicle 368.0 554.0 374.0 561.0
vehicle 374.0 551.0 380.0 561.0
vehicle 325.0 557.0 330.0 569.0
vehicle 710.0 557.0 723.0 562.0
vehicle 730.0 588.0 737.0 598.0
vehicle 696.0 581.0 710.0 591.0
vehicle 717.0 586.0 727.0 597.0
vehicle 588.0 561.0 602.0 569.0
vehicle 626.0 560.0 638.0 566.0
vehicle 479.0 522.0 485.0 531.0
vehicle 378.0 503.0 384.0 513.0
vehicle 442.0 696.0 451.0 708.0
vehicle 569.0 738.0 576.0 746.0
vehicle 571.0 755.0 580.0 763.0
vehicle 149.0 403.0 155.0 415.0
vehicle 773.0 67.0 779.0 77.0
vehicle 791.0 155.0 796.0 167.0
vehicle 560.0 111.0 571.0 116.0
vehicle 413.0 145.0 425.0 149.0
vehicle 268.0 224.0 274.0 231.0
vehicle 657.0 541.0 662.0 550.0
vehicle 669.0 537.0 674.0 545.0
