tenniscourt 467.0 225.0 580.0 378.0
tenniscourt 388.0 254.0 500.0 407.0
tenniscourt 554.0 463.0 666.0 611.0
tenniscourt 477.0 486.0 587.0 640.0
tenniscourt 363.0 527.0 475.0 681.0
tenniscourt 286.0 558.0 394.0 713.0
tenniscourt 138.0 563.0 249.0 717.0
tenniscourt 59.0 589.0 167.0 743.0
tenniscourt 276.0 296.0 390.0 449.0
tenniscourt 198.0 324.0 309.0 480.0
vehicle 761.0 437.0 783.0 465.0
vehicle 752.0 529.0 771.0 549.0
vehicle 743.0 442.0 768.0 472.0
vehicle 730.0 448.0 753.0 477.0
vehicle 718.0 454.0 737.0 484.0
vehicle 701.0 459.0 723.0 487.0
vehicle 733.0 419.0 763.0 441.0
vehicle 722.0 412.0 744.0 430.0
vehicle 705.0 382.0 730.0 399.0
vehicle 715.0 393.0 741.0 413.0
vehicle 636.0 301.0 669.0 328.0
vehicle 664.0 329.0 694.0 353.0
vehicle 710.0 216.0 736.0 239.0
vehicle 711.0 235.0 740.0 256.0
vehicle 720.0 247.0 749.0 269.0
vehicle 728.0 260.0 756.0 285.0
vehicle 736.0 277.0 763.0 298.0
vehicle 744.0 286.0 773.0 310.0
vehicle 745.0 303.0 780.0 329.0
vehicle 373.0 189.0 387.0 215.0
vehicle 326.0 182.0 342.0 214.0
vehicle 312.0 182.0 324.0 212.0
vehicle 294.0 183.0 310.0 215.0
vehicle 278.0 183.0 291.0 211.0
vehicle 312.0 103.0 329.0 127.0
vehicle 289.0 105.0 300.0 126.0
vehicle 264.0 181.0 276.0 210.0
vehicle 191.0 93.0 206.0 121.0
vehicle 224.0 94.0 238.0 125.0
vehicle 240.0 97.0 253.0 125.0
vehicle 256.0 97.0 270.0 126.0
vehicle 269.0 106.0 283.0 132.0
vehicle 174.0 90.0 190.0 122.0
vehicle 85.0 174.0 104.0 207.0
vehicle 69.0 175.0 86.0 206.0
vehicle 55.0 174.0 70.0 209.0
vehicle 34.0 180.0 50.0 208.0
vehicle 18.0 174.0 34.0 207.0
vehicle 4.0 179.0 15.0 201.0
vehicle 10.0 98.0 25.0 120.0
vehicle 30.0 101.0 43.0 121.0
vehicle 75.0 103.0 87.0 123.0
vehicle 89.0 99.0 104.0 126.0
vehicle 107.0 103.0 120.0 122.0
vehicle 125.0 101.0 134.0 115.0
vehicle 62.0 101.0 77.0 125.0
vehicle 139.0 91.0 155.0 118.0
vehicle 157.0 90.0 174.0 118.0
vehicle 690.0 371.0 720.0 395.0
