harbor 267.0 613.0 787.0 741.0
harbor 247.0 416.0 656.0 516.0
harbor 244.0 226.0 550.0 322.0
harbor 259.0 51.0 554.0 155.0
ship 465.0 53.0 480.0 93.0
ship 426.0 112.0 444.0 156.0
ship 386.0 114.0 402.0 152.0
ship 350.0 116.0 360.0 149.0
ship 256.0 232.0 266.0 264.0
ship 276.0 228.0 287.0 258.0
ship 311.0 227.0 327.0 264.0
ship 371.0 229.0 383.0 264.0
ship 392.0 228.0 404.0 263.0
ship 410.0 230.0 422.0 257.0
ship 448.0 229.0 460.0 264.0
ship 468.0 227.0 480.0 262.0
ship 489.0 225.0 501.0 260.0
ship 488.0 281.0 500.0 316.0
ship 391.0 280.0 403.0 315.0
ship 333.0 283.0 345.0 318.0
ship 274.0 283.0 286.0 318.0
ship 255.0 286.0 267.0 321.0
ship 248.0 429.0 268.0 497.0
ship 275.0 423.0 292.0 459.0
ship 315.0 423.0 332.0 459.0
ship 373.0 419.0 390.0 455.0
ship 492.0 418.0 509.0 454.0
ship 544.0 430.0 587.0 456.0
ship 378.0 475.0 390.0 510.0
ship 397.0 474.0 409.0 512.0
ship 435.0 472.0 451.0 516.0
ship 493.0 477.0 509.0 511.0
ship 513.0 474.0 525.0 512.0
ship 581.0 467.0 625.0 484.0
ship 265.0 661.0 286.0 726.0
ship 296.0 619.0 315.0 667.0
ship 296.0 685.0 313.0 732.0
ship 344.0 692.0 358.0 733.0
ship 343.0 627.0 358.0 671.0
ship 437.0 683.0 455.0 741.0
ship 460.0 686.0 478.0 730.0
ship 483.0 685.0 498.0 737.0
ship 506.0 687.0 523.0 730.0
ship 506.0 621.0 523.0 666.0
ship 530.0 685.0 547.0 729.0
ship 551.0 621.0 566.0 661.0
ship 574.0 620.0 592.0 663.0
ship 598.0 618.0 613.0 659.0
ship 619.0 614.0 637.0 663.0
ship 688.0 615.0 707.0 659.0
ship 715.0 614.0 728.0 650.0
ship 715.0 680.0 728.0 719.0
ship 690.0 676.0 709.0 722.0
ship 622.0 681.0 640.0 727.0
ship 599.0 679.0 617.0 732.0
ship 572.0 680.0 590.0 722.0
