vehicle 567.0 676.0 573.0 688.0
vehicle 402.0 586.0 416.0 595.0
vehicle 404.0 576.0 413.0 584.0
vehicle 404.0 570.0 413.0 576.0
vehicle 358.0 699.0 369.0 705.0
vehicle 265.0 603.0 272.0 614.0
vehicle 278.0 612.0 286.0 622.0
vehicle 310.0 524.0 320.0 530.0
vehicle 402.0 540.0 409.0 546.0
vehicle 286.0 540.0 294.0 548.0
vehicle 283.0 564.0 291.0 574.0
vehicle 292.0 511.0 301.0 516.0
vehicle 288.0 521.0 298.0 526.0
vehicle 287.0 526.0 296.0 531.0
vehicle 350.0 241.0 360.0 252.0
vehicle 215.0 272.0 222.0 281.0
vehicle 230.0 276.0 238.0 284.0
vehicle 238.0 277.0 245.0 287.0
vehicle 250.0 277.0 257.0 286.0
vehicle 257.0 277.0 263.0 287.0
vehicle 220.0 305.0 226.0 315.0
vehicle 226.0 305.0 233.0 315.0
vehicle 139.0 131.0 148.0 138.0
vehicle 78.0 331.0 86.0 342.0
vehicle 138.0 608.0 149.0 615.0
vehicle 56.0 573.0 66.0 580.0
vehicle 29.0 723.0 38.0 729.0
vehicle 171.0 623.0 182.0 632.0
vehicle 465.0 763.0 473.0 771.0
vehicle 437.0 755.0 446.0 765.0
vehicle 447.0 766.0 456.0 776.0
vehicle 484.0 782.0 492.0 790.0
vehicle 469.0 790.0 479.0 799.0
tenniscourt 282.0 209.0 308.0 264.0
tenniscourt 241.0 203.0 273.0 260.0
tenniscourt 201.0 201.0 236.0 265.0
