harbor 310.0 26.0 417.0 270.0
harbor 439.0 210.0 707.0 428.0
harbor 552.0 527.0 782.0 641.0
ship 364.0 117.0 395.0 129.0
ship 370.0 150.0 402.0 162.0
ship 322.0 156.0 349.0 167.0
ship 311.0 193.0 352.0 207.0
ship 310.0 211.0 359.0 227.0
ship 368.0 187.0 406.0 198.0
ship 372.0 204.0 412.0 220.0
ship 366.0 231.0 416.0 247.0
ship 312.0 239.0 364.0 270.0
ship 439.0 345.0 470.0 381.0
ship 455.0 324.0 489.0 365.0
ship 475.0 317.0 504.0 356.0
ship 499.0 289.0 530.0 332.0
ship 530.0 276.0 559.0 314.0
ship 548.0 271.0 569.0 301.0
ship 577.0 256.0 595.0 281.0
ship 474.0 385.0 507.0 427.0
ship 491.0 373.0 527.0 423.0
ship 510.0 364.0 541.0 407.0
ship 539.0 343.0 561.0 375.0
ship 552.0 333.0 578.0 369.0
ship 589.0 534.0 607.0 591.0
ship 613.0 530.0 635.0 585.0
ship 638.0 541.0 653.0 580.0
ship 674.0 548.0 686.0 582.0
ship 618.0 604.0 636.0 641.0
ship 709.0 590.0 722.0 598.0
