ship 346.0 82.0 379.0 238.0
bridge 421.0 55.0 609.0 729.0
vehicle 243.0 9.0 253.0 27.0
vehicle 271.0 38.0 291.0 45.0
vehicle 268.0 26.0 284.0 33.0
vehicle 334.0 40.0 354.0 47.0
ship 667.0 366.0 701.0 390.0
ship 706.0 385.0 730.0 403.0
ship 740.0 390.0 764.0 407.0
ship 770.0 404.0 799.0 420.0
ship 335.0 517.0 357.0 567.0
ship 397.0 540.0 414.0 580.0
vehicle 241.0 697.0 250.0 711.0
vehicle 577.0 764.0 599.0 771.0
vehicle 620.0 763.0 644.0 771.0
vehicle 647.0 764.0 667.0 773.0
vehicle 699.0 766.0 720.0 778.0
vehicle 731.0 776.0 750.0 787.0
ship 393.0 119.0 410.0 145.0
ship 250.0 370.0 293.0 394.0
