bridge 74.0 182.0 725.0 360.0
harbor 674.0 250.0 800.0 375.0
harbor 173.0 614.0 276.0 668.0
harbor 128.0 316.0 384.0 408.0
harbor 79.0 385.0 337.0 523.0
harbor 103.0 501.0 265.0 567.0
ship 136.0 378.0 145.0 399.0
ship 146.0 376.0 154.0 393.0
ship 153.0 371.0 169.0 394.0
ship 180.0 364.0 189.0 386.0
ship 201.0 364.0 207.0 380.0
ship 344.0 327.0 360.0 365.0
ship 363.0 339.0 385.0 397.0
ship 354.0 371.0 370.0 406.0
ship 306.0 385.0 323.0 426.0
ship 293.0 389.0 306.0 422.0
ship 280.0 393.0 293.0 427.0
ship 260.0 401.0 273.0 431.0
ship 241.0 407.0 253.0 436.0
ship 232.0 409.0 243.0 436.0
ship 214.0 418.0 225.0 443.0
ship 185.0 433.0 193.0 450.0
ship 177.0 435.0 185.0 453.0
ship 176.0 461.0 185.0 478.0
ship 199.0 455.0 207.0 474.0
ship 223.0 447.0 233.0 474.0
ship 242.0 446.0 251.0 469.0
ship 260.0 441.0 269.0 461.0
ship 268.0 438.0 281.0 467.0
ship 279.0 437.0 291.0 463.0
ship 287.0 433.0 302.0 466.0
ship 303.0 430.0 318.0 468.0
ship 242.0 506.0 249.0 525.0
ship 255.0 524.0 267.0 554.0
ship 245.0 529.0 256.0 562.0
ship 231.0 507.0 240.0 527.0
ship 222.0 509.0 232.0 530.0
ship 214.0 514.0 223.0 532.0
ship 221.0 539.0 237.0 567.0
ship 210.0 539.0 221.0 562.0
ship 206.0 517.0 215.0 534.0
ship 172.0 526.0 180.0 541.0
ship 166.0 530.0 174.0 544.0
ship 155.0 534.0 161.0 547.0
ship 173.0 551.0 179.0 564.0
ship 750.0 337.0 764.0 356.0
