airplane 35.0 87.0 57.0 107.0
airplane 66.0 86.0 91.0 110.0
airplane 49.0 287.0 68.0 305.0
airplane 78.0 307.0 101.0 326.0
airplane 111.0 324.0 131.0 344.0
airplane 11.0 370.0 29.0 387.0
airplane 121.0 426.0 145.0 442.0
airplane 296.0 439.0 322.0 459.0
airplane 234.0 399.0 254.0 416.0
airplane 327.0 458.0 350.0 475.0
airplane 356.0 473.0 380.0 493.0
airplane 317.0 546.0 339.0 562.0
airplane 406.0 504.0 428.0 523.0
airplane 474.0 521.0 499.0 543.0
airplane 523.0 516.0 546.0 537.0
airplane 557.0 517.0 583.0 537.0
airplane 590.0 554.0 618.0 575.0
airplane 597.0 578.0 623.0 598.0
airplane 599.0 602.0 628.0 623.0
airplane 548.0 646.0 569.0 662.0
storagetank 356.0 94.0 370.0 106.0
storagetank 374.0 92.0 388.0 105.0
storagetank 393.0 92.0 407.0 106.0
storagetank 411.0 92.0 425.0 105.0
airplane 139.0 11.0 149.0 21.0
airplane 120.0 38.0 131.0 47.0
airplane 148.0 35.0 157.0 45.0
