airplane 566.0 415.0 594.0 447.0
airplane 393.0 391.0 417.0 421.0
airplane 656.0 474.0 676.0 503.0
airplane 81.0 421.0 101.0 445.0
airplane 116.0 238.0 145.0 255.0
airplane 281.0 318.0 315.0 336.0
airplane 562.0 478.0 586.0 502.0
airplane 485.0 562.0 509.0 589.0
airplane 164.0 235.0 193.0 254.0
airplane 210.0 245.0 231.0 262.0
airplane 301.0 336.0 330.0 358.0
airplane 336.0 336.0 365.0 354.0
airplane 34.0 391.0 63.0 409.0
airplane 76.0 392.0 102.0 417.0
airplane 99.0 406.0 119.0 428.0
airplane 97.0 436.0 120.0 458.0
airplane 153.0 435.0 178.0 459.0
airplane 154.0 463.0 178.0 488.0
airplane 173.0 449.0 198.0 475.0
airplane 80.0 478.0 101.0 504.0
airplane 97.0 493.0 119.0 517.0
airplane 99.0 524.0 120.0 546.0
airplane 78.0 538.0 99.0 561.0
airplane 235.0 451.0 252.0 471.0
airplane 253.0 461.0 274.0 487.0
airplane 177.0 506.0 201.0 532.0
airplane 99.0 554.0 119.0 575.0
airplane 78.0 567.0 100.0 589.0
airplane 360.0 464.0 384.0 479.0
airplane 488.0 478.0 509.0 500.0
airplane 485.0 507.0 504.0 531.0
airplane 561.0 564.0 583.0 591.0
airplane 679.0 550.0 696.0 574.0
airplane 751.0 532.0 773.0 561.0
vehicle 666.0 514.0 679.0 522.0
vehicle 578.0 554.0 594.0 561.0
vehicle 565.0 533.0 580.0 540.0
vehicle 489.0 458.0 507.0 463.0
vehicle 478.0 383.0 498.0 389.0
vehicle 174.0 393.0 188.0 401.0
vehicle 254.0 442.0 270.0 449.0
vehicle 255.0 500.0 273.0 509.0
vehicle 83.0 459.0 101.0 466.0
vehicle 70.0 355.0 83.0 361.0
vehicle 201.0 335.0 207.0 348.0
vehicle 9.0 54.0 16.0 68.0
vehicle 15.0 231.0 24.0 245.0
