harbor 53.0 51.0 226.0 400.0
harbor 117.0 438.0 262.0 781.0
ship 68.0 60.0 144.0 93.0
ship 89.0 123.0 179.0 159.0
ship 123.0 197.0 195.0 222.0
ship 131.0 223.0 213.0 258.0
ship 136.0 260.0 210.0 287.0
ship 141.0 292.0 209.0 317.0
ship 150.0 322.0 210.0 346.0
ship 150.0 354.0 223.0 384.0
ship 158.0 448.0 223.0 473.0
ship 154.0 475.0 218.0 500.0
ship 159.0 502.0 223.0 525.0
ship 165.0 536.0 218.0 550.0
ship 167.0 558.0 235.0 580.0
ship 174.0 585.0 228.0 603.0
ship 181.0 615.0 251.0 658.0
ship 188.0 659.0 260.0 689.0
ship 193.0 688.0 239.0 714.0
ship 195.0 707.0 261.0 737.0
ship 203.0 739.0 258.0 764.0
