overpass 414.0 380.0 574.0 549.0
overpass 332.0 161.0 437.0 269.0
storagetank 434.0 108.0 442.0 116.0
storagetank 392.0 137.0 403.0 148.0
storagetank 457.0 147.0 471.0 161.0
storagetank 466.0 162.0 481.0 176.0
storagetank 469.0 190.0 477.0 198.0
storagetank 459.0 196.0 467.0 204.0
storagetank 481.0 194.0 494.0 208.0
storagetank 468.0 206.0 478.0 216.0
storagetank 500.0 210.0 518.0 226.0
storagetank 480.0 221.0 498.0 238.0
storagetank 481.0 243.0 498.0 260.0
storagetank 499.0 232.0 518.0 249.0
airplane 221.0 550.0 242.0 578.0
airplane 265.0 586.0 286.0 606.0
airplane 170.0 768.0 199.0 792.0
airplane 171.0 712.0 195.0 732.0
airplane 138.0 581.0 160.0 607.0
airplane 250.0 452.0 274.0 477.0
airplane 221.0 455.0 241.0 477.0
airplane 138.0 467.0 175.0 504.0
airplane 138.0 337.0 178.0 375.0
airplane 166.0 246.0 191.0 269.0
airplane 161.0 1.0 186.0 23.0
airplane 156.0 72.0 191.0 106.0
airplane 170.0 140.0 206.0 174.0
airplane 157.0 176.0 194.0 211.0
airplane 61.0 128.0 85.0 148.0
airplane 23.0 185.0 68.0 220.0
airplane 28.0 225.0 69.0 261.0
airplane 28.0 268.0 67.0 305.0
airplane 29.0 311.0 70.0 349.0
airplane 30.0 353.0 68.0 390.0
airplane 42.0 479.0 69.0 503.0
airplane 83.0 510.0 106.0 535.0
airplane 41.0 530.0 70.0 551.0
airplane 42.0 564.0 67.0 587.0
airplane 33.0 592.0 59.0 613.0
airplane 33.0 649.0 55.0 671.0
airplane 32.0 675.0 69.0 712.0
airplane 35.0 719.0 72.0 755.0
vehicle 312.0 361.0 315.0 371.0
vehicle 310.0 373.0 314.0 381.0
vehicle 175.0 354.0 185.0 357.0
vehicle 150.0 393.0 158.0 396.0
vehicle 150.0 399.0 159.0 401.0
vehicle 172.0 404.0 180.0 408.0
vehicle 142.0 292.0 148.0 299.0
vehicle 73.0 553.0 83.0 558.0
vehicle 59.0 560.0 68.0 563.0
vehicle 179.0 698.0 186.0 701.0
vehicle 22.0 547.0 26.0 558.0
