airplane 4.0 34.0 54.0 83.0
airplane 65.0 34.0 114.0 82.0
airplane 129.0 34.0 177.0 81.0
airplane 191.0 35.0 240.0 84.0
airplane 253.0 36.0 303.0 83.0
airplane 317.0 34.0 366.0 84.0
airplane 379.0 35.0 428.0 84.0
airplane 442.0 34.0 490.0 83.0
airplane 505.0 34.0 553.0 82.0
airplane 43.0 208.0 93.0 256.0
airplane 106.0 207.0 155.0 255.0
airplane 170.0 206.0 218.0 255.0
airplane 229.0 205.0 280.0 256.0
airplane 295.0 206.0 344.0 257.0
airplane 418.0 206.0 468.0 254.0
airplane 484.0 209.0 532.0 258.0
airplane 542.0 205.0 593.0 253.0
airplane 1.0 202.0 28.0 256.0
airplane 20.0 382.0 70.0 432.0
airplane 83.0 383.0 132.0 431.0
airplane 145.0 380.0 194.0 429.0
airplane 208.0 381.0 257.0 429.0
airplane 270.0 377.0 320.0 429.0
airplane 334.0 380.0 382.0 429.0
airplane 396.0 381.0 444.0 431.0
airplane 459.0 384.0 508.0 433.0
airplane 522.0 379.0 571.0 427.0
airplane 582.0 380.0 633.0 429.0
airplane 647.0 380.0 696.0 429.0
airplane 708.0 381.0 757.0 430.0
