vehicle 572.0 671.0 582.0 691.0
vehicle 527.0 557.0 536.0 580.0
vehicle 522.0 489.0 531.0 511.0
vehicle 550.0 444.0 558.0 464.0
vehicle 517.0 431.0 525.0 451.0
vehicle 521.0 327.0 530.0 355.0
vehicle 496.0 240.0 508.0 261.0
vehicle 528.0 229.0 536.0 250.0
vehicle 508.0 171.0 520.0 195.0
vehicle 591.0 83.0 615.0 96.0
vehicle 544.0 65.0 569.0 83.0
vehicle 227.0 576.0 235.0 596.0
vehicle 218.0 461.0 225.0 482.0
vehicle 216.0 354.0 225.0 380.0
vehicle 238.0 184.0 251.0 205.0
vehicle 232.0 19.0 239.0 41.0
overpass 201.0 302.0 247.0 590.0
overpass 493.0 271.0 574.0 497.0
