harbor 52.0 144.0 126.0 418.0
harbor 182.0 142.0 264.0 398.0
harbor 307.0 131.0 394.0 392.0
harbor 433.0 127.0 509.0 291.0
harbor 558.0 120.0 629.0 255.0
ship 673.0 1.0 776.0 227.0
ship 140.0 529.0 341.0 667.0
harbor 114.0 606.0 174.0 710.0
ship 193.0 550.0 232.0 569.0
ship 183.0 637.0 239.0 667.0
ship 57.0 295.0 89.0 309.0
ship 186.0 293.0 216.0 302.0
ship 233.0 333.0 263.0 344.0
ship 360.0 371.0 396.0 384.0
ship 344.0 144.0 378.0 156.0
ship 307.0 148.0 322.0 155.0
ship 435.0 170.0 457.0 181.0
ship 473.0 196.0 505.0 208.0
ship 557.0 151.0 581.0 161.0
ship 555.0 166.0 581.0 177.0
ship 598.0 176.0 631.0 187.0
ship 599.0 193.0 627.0 202.0
ship 671.0 155.0 696.0 209.0
ship 713.0 180.0 741.0 193.0
ship 720.0 115.0 765.0 136.0
ship 343.0 159.0 378.0 171.0
ship 596.0 163.0 624.0 175.0
