vehicle 586.0 575.0 604.0 588.0
vehicle 618.0 755.0 626.0 770.0
vehicle 264.0 518.0 272.0 533.0
vehicle 382.0 514.0 391.0 530.0
vehicle 453.0 505.0 461.0 518.0
vehicle 552.0 467.0 567.0 480.0
vehicle 635.0 450.0 645.0 467.0
harbor 121.0 396.0 145.0 467.0
harbor 146.0 353.0 177.0 452.0
harbor 218.0 290.0 253.0 436.0
harbor 267.0 315.0 296.0 422.0
harbor 312.0 265.0 364.0 413.0
harbor 405.0 286.0 437.0 397.0
harbor 452.0 301.0 477.0 402.0
harbor 502.0 228.0 538.0 306.0
harbor 564.0 213.0 594.0 330.0
harbor 621.0 185.0 644.0 325.0
ship 558.0 217.0 568.0 233.0
ship 177.0 349.0 185.0 365.0
ship 282.0 313.0 293.0 334.0
ship 320.0 119.0 331.0 126.0
tenniscourt 563.0 675.0 607.0 746.0
tenniscourt 605.0 666.0 648.0 737.0
