airplane 73.0 295.0 114.0 350.0
airplane 72.0 600.0 109.0 649.0
airplane 307.0 664.0 360.0 704.0
airplane 368.0 665.0 420.0 702.0
airplane 337.0 676.0 390.0 716.0
airplane 256.0 454.0 298.0 506.0
airplane 291.0 405.0 333.0 462.0
airplane 252.0 277.0 291.0 334.0
airplane 288.0 232.0 328.0 288.0
airplane 305.0 150.0 361.0 191.0
airplane 252.0 103.0 290.0 159.0
airplane 447.0 66.0 475.0 116.0
airplane 254.0 17.0 291.0 71.0
airplane 289.0 1.0 329.0 31.0
airplane 449.0 189.0 475.0 221.0
airplane 427.0 668.0 479.0 703.0
airplane 460.0 676.0 511.0 713.0
airplane 486.0 667.0 540.0 700.0
airplane 548.0 665.0 599.0 701.0
airplane 581.0 672.0 632.0 709.0
airplane 670.0 662.0 722.0 699.0
airplane 701.0 671.0 752.0 708.0
vehicle 586.0 524.0 609.0 537.0
vehicle 615.0 516.0 640.0 534.0
vehicle 76.0 698.0 100.0 723.0
vehicle 80.0 740.0 113.0 767.0
vehicle 82.0 654.0 106.0 665.0
vehicle 75.0 562.0 104.0 587.0
vehicle 145.0 553.0 159.0 586.0
vehicle 76.0 346.0 98.0 363.0
vehicle 89.0 247.0 113.0 260.0
vehicle 628.0 166.0 652.0 177.0
