harbor 338.0 432.0 413.0 646.0
harbor 20.0 336.0 99.0 385.0
harbor 32.0 167.0 341.0 473.0
vehicle 16.0 426.0 29.0 441.0
vehicle 1.0 417.0 8.0 431.0
vehicle 2.0 441.0 10.0 452.0
vehicle 231.0 565.0 246.0 574.0
vehicle 272.0 564.0 286.0 572.0
vehicle 276.0 575.0 292.0 583.0
vehicle 257.0 512.0 270.0 519.0
vehicle 250.0 487.0 264.0 493.0
vehicle 249.0 476.0 264.0 484.0
vehicle 195.0 415.0 203.0 428.0
vehicle 184.0 413.0 191.0 427.0
vehicle 175.0 412.0 181.0 426.0
vehicle 166.0 410.0 172.0 424.0
vehicle 159.0 410.0 164.0 423.0
vehicle 149.0 407.0 156.0 422.0
vehicle 110.0 400.0 118.0 410.0
vehicle 125.0 404.0 134.0 417.0
vehicle 398.0 90.0 417.0 104.0
vehicle 750.0 227.0 763.0 235.0
vehicle 708.0 20.0 722.0 26.0
harbor 178.0 67.0 269.0 130.0
harbor 254.0 110.0 293.0 181.0
harbor 322.0 190.0 406.0 223.0
harbor 399.0 248.0 459.0 287.0
harbor 520.0 301.0 541.0 333.0
harbor 529.0 355.0 566.0 388.0
vehicle 560.0 182.0 569.0 188.0
ship 161.0 64.0 201.0 104.0
ship 205.0 105.0 237.0 138.0
ship 318.0 32.0 334.0 54.0
ship 33.0 267.0 70.0 282.0
ship 38.0 253.0 71.0 268.0
ship 41.0 221.0 76.0 236.0
ship 37.0 207.0 83.0 226.0
ship 49.0 195.0 89.0 214.0
ship 49.0 180.0 90.0 197.0
ship 56.0 167.0 100.0 184.0
ship 70.0 261.0 99.0 289.0
ship 87.0 215.0 105.0 250.0
ship 104.0 215.0 123.0 258.0
ship 83.0 277.0 107.0 304.0
ship 132.0 245.0 153.0 293.0
ship 109.0 300.0 133.0 323.0
ship 147.0 253.0 169.0 304.0
ship 144.0 331.0 166.0 357.0
ship 179.0 284.0 199.0 334.0
ship 161.0 349.0 188.0 377.0
ship 206.0 324.0 230.0 371.0
ship 227.0 332.0 246.0 375.0
ship 292.0 372.0 308.0 411.0
ship 311.0 394.0 342.0 410.0
ship 301.0 422.0 333.0 445.0
ship 297.0 454.0 326.0 472.0
ship 376.0 430.0 414.0 471.0
ship 362.0 445.0 394.0 475.0
ship 363.0 471.0 391.0 499.0
ship 358.0 493.0 383.0 515.0
ship 351.0 511.0 381.0 537.0
ship 339.0 518.0 376.0 557.0
ship 383.0 537.0 399.0 577.0
ship 221.0 94.0 239.0 116.0
ship 158.0 341.0 179.0 363.0
ship 261.0 359.0 275.0 397.0
ship 45.0 239.0 75.0 251.0
ship 28.0 336.0 71.0 350.0
ship 78.0 348.0 97.0 360.0
vehicle 141.0 403.0 151.0 418.0
