storagetank 466.0 538.0 478.0 550.0
storagetank 468.0 554.0 476.0 561.0
storagetank 523.0 471.0 540.0 487.0
storagetank 522.0 493.0 537.0 512.0
storagetank 493.0 536.0 511.0 557.0
storagetank 523.0 538.0 541.0 560.0
storagetank 554.0 540.0 571.0 562.0
storagetank 584.0 542.0 602.0 565.0
storagetank 546.0 471.0 560.0 488.0
storagetank 571.0 475.0 585.0 490.0
storagetank 591.0 476.0 604.0 490.0
storagetank 545.0 497.0 559.0 514.0
storagetank 569.0 498.0 584.0 514.0
storagetank 588.0 500.0 603.0 517.0
storagetank 528.0 428.0 536.0 437.0
storagetank 528.0 439.0 536.0 449.0
storagetank 541.0 431.0 547.0 439.0
storagetank 540.0 441.0 546.0 447.0
storagetank 548.0 431.0 556.0 440.0
storagetank 547.0 441.0 556.0 450.0
storagetank 506.0 288.0 517.0 301.0
storagetank 503.0 313.0 513.0 322.0
storagetank 522.0 315.0 531.0 326.0
harbor 375.0 131.0 461.0 178.0
harbor 363.0 214.0 425.0 257.0
harbor 351.0 302.0 406.0 335.0
ship 51.0 116.0 77.0 188.0
ship 215.0 9.0 239.0 62.0
ship 162.0 100.0 171.0 111.0
ship 179.0 230.0 191.0 259.0
ship 83.0 468.0 102.0 504.0
ship 71.0 621.0 102.0 677.0
