ship 24.0 43.0 703.0 164.0
ship 309.0 183.0 593.0 238.0
ship 737.0 55.0 778.0 191.0
harbor 1.0 292.0 320.0 563.0
ship 18.0 290.0 108.0 383.0
ship 114.0 366.0 155.0 421.0
ship 130.0 358.0 168.0 412.0
ship 97.0 305.0 138.0 360.0
ship 177.0 330.0 223.0 387.0
ship 186.0 354.0 230.0 405.0
ship 195.0 365.0 247.0 415.0
ship 206.0 381.0 249.0 432.0
ship 212.0 401.0 261.0 444.0
ship 222.0 408.0 278.0 460.0
ship 234.0 423.0 285.0 478.0
ship 245.0 438.0 298.0 490.0
ship 256.0 451.0 309.0 504.0
ship 260.0 473.0 309.0 517.0
ship 271.0 485.0 320.0 530.0
