groundtrackfield 147.0 41.0 643.0 271.0
baseballfield 516.0 481.0 611.0 577.0
baseballfield 295.0 635.0 386.0 723.0
tenniscourt 37.0 501.0 68.0 567.0
tenniscourt 121.0 602.0 152.0 668.0
tenniscourt 78.0 602.0 109.0 668.0
tenniscourt 37.0 602.0 68.0 668.0
tenniscourt 120.0 501.0 151.0 567.0
tenniscourt 79.0 501.0 110.0 567.0
vehicle 234.0 741.0 247.0 754.0
vehicle 156.0 724.0 162.0 738.0
vehicle 166.0 727.0 172.0 738.0
vehicle 174.0 728.0 180.0 742.0
vehicle 158.0 742.0 164.0 755.0
vehicle 175.0 744.0 180.0 756.0
vehicle 149.0 740.0 154.0 753.0
vehicle 85.0 722.0 102.0 739.0
vehicle 89.0 736.0 110.0 757.0
vehicle 63.0 726.0 87.0 749.0
vehicle 59.0 733.0 79.0 754.0
vehicle 63.0 776.0 80.0 781.0
vehicle 96.0 774.0 120.0 783.0
vehicle 129.0 775.0 150.0 784.0
vehicle 231.0 775.0 268.0 784.0
vehicle 287.0 777.0 320.0 785.0
vehicle 18.0 774.0 58.0 784.0
vehicle 5.0 84.0 13.0 99.0
vehicle 2.0 140.0 8.0 156.0
