harbor 1.0 329.0 213.0 733.0
ship 519.0 392.0 556.0 524.0
ship 499.0 550.0 510.0 583.0
ship 533.0 563.0 569.0 577.0
ship 528.0 600.0 575.0 615.0
harbor 620.0 302.0 784.0 613.0
harbor 294.0 323.0 415.0 696.0
ship 1.0 346.0 73.0 368.0
ship 634.0 300.0 705.0 326.0
ship 619.0 338.0 685.0 363.0
ship 622.0 389.0 686.0 413.0
ship 624.0 443.0 689.0 466.0
ship 704.0 400.0 775.0 426.0
ship 703.0 503.0 774.0 529.0
ship 706.0 470.0 775.0 495.0
ship 697.0 335.0 777.0 361.0
ship 712.0 376.0 767.0 395.0
ship 704.0 443.0 762.0 464.0
ship 627.0 469.0 685.0 490.0
ship 632.0 496.0 687.0 516.0
ship 643.0 523.0 690.0 541.0
ship 629.0 364.0 687.0 385.0
ship 648.0 547.0 687.0 563.0
ship 705.0 536.0 781.0 562.0
ship 37.0 627.0 96.0 653.0
ship 35.0 516.0 94.0 542.0
ship 33.0 539.0 92.0 565.0
ship 137.0 453.0 196.0 479.0
ship 135.0 423.0 194.0 449.0
ship 117.0 630.0 194.0 670.0
ship 46.0 659.0 95.0 677.0
ship 37.0 604.0 86.0 622.0
ship 33.0 571.0 82.0 589.0
ship 125.0 600.0 175.0 621.0
ship 121.0 569.0 170.0 587.0
ship 128.0 545.0 177.0 563.0
ship 139.0 509.0 188.0 527.0
ship 137.0 483.0 186.0 501.0
ship 147.0 374.0 196.0 392.0
ship 132.0 343.0 181.0 361.0
ship 132.0 396.0 181.0 414.0
ship 60.0 715.0 97.0 731.0
ship 621.0 579.0 692.0 613.0
ship 631.0 419.0 685.0 436.0
