vehicle 696.0 671.0 729.0 683.0
vehicle 707.0 750.0 746.0 767.0
harbor 46.0 56.0 479.0 513.0
ship 681.0 335.0 721.0 375.0
ship 591.0 432.0 627.0 467.0
harbor 183.0 201.0 617.0 647.0
ship 426.0 94.0 480.0 140.0
ship 233.0 305.0 289.0 344.0
ship 172.0 375.0 213.0 414.0
ship 82.0 464.0 130.0 507.0
ship 485.0 322.0 526.0 361.0
ship 470.0 343.0 506.0 384.0
ship 360.0 373.0 385.0 392.0
ship 387.0 358.0 406.0 372.0
ship 407.0 340.0 428.0 357.0
ship 422.0 321.0 440.0 332.0
ship 439.0 305.0 457.0 311.0
ship 459.0 280.0 480.0 302.0
ship 470.0 243.0 512.0 282.0
ship 514.0 206.0 551.0 242.0
ship 380.0 436.0 417.0 474.0
ship 324.0 474.0 379.0 521.0
ship 602.0 419.0 637.0 454.0
ship 613.0 404.0 653.0 442.0
