storagetank 318.0 126.0 371.0 177.0
storagetank 317.0 249.0 370.0 297.0
storagetank 296.0 350.0 367.0 417.0
storagetank 471.0 255.0 522.0 302.0
storagetank 479.0 319.0 515.0 352.0
storagetank 538.0 256.0 588.0 305.0
storagetank 539.0 319.0 590.0 368.0
storagetank 605.0 259.0 643.0 296.0
storagetank 658.0 259.0 698.0 297.0
storagetank 610.0 313.0 644.0 346.0
storagetank 656.0 313.0 698.0 351.0
storagetank 659.0 375.0 703.0 418.0
storagetank 423.0 407.0 473.0 452.0
storagetank 496.0 409.0 542.0 453.0
storagetank 423.0 480.0 475.0 530.0
storagetank 496.0 477.0 543.0 521.0
storagetank 406.0 586.0 460.0 637.0
storagetank 473.0 588.0 526.0 638.0
storagetank 542.0 588.0 598.0 637.0
storagetank 503.0 648.0 557.0 700.0
storagetank 571.0 649.0 625.0 700.0
storagetank 645.0 661.0 687.0 703.0
storagetank 699.0 661.0 742.0 703.0
storagetank 502.0 715.0 557.0 768.0
storagetank 570.0 717.0 623.0 769.0
storagetank 637.0 718.0 691.0 768.0
storagetank 705.0 717.0 761.0 769.0
storagetank 353.0 705.0 377.0 726.0
vehicle 673.0 67.0 677.0 75.0
vehicle 700.0 66.0 703.0 74.0
vehicle 711.0 49.0 714.0 57.0
vehicle 722.0 49.0 726.0 56.0
vehicle 737.0 49.0 739.0 56.0
vehicle 750.0 49.0 752.0 57.0
vehicle 141.0 87.0 150.0 90.0
vehicle 134.0 94.0 144.0 98.0
vehicle 152.0 60.0 159.0 64.0
vehicle 151.0 71.0 162.0 75.0
vehicle 153.0 82.0 162.0 85.0
vehicle 95.0 9.0 98.0 16.0
vehicle 108.0 10.0 111.0 18.0
storagetank 544.0 198.0 551.0 204.0
storagetank 543.0 209.0 549.0 221.0
storagetank 564.0 199.0 571.0 205.0
storagetank 481.0 527.0 489.0 536.0
storagetank 553.0 518.0 575.0 542.0
storagetank 588.0 518.0 612.0 540.0
vehicle 712.0 526.0 726.0 532.0
vehicle 665.0 526.0 680.0 531.0
vehicle 627.0 587.0 635.0 591.0
vehicle 687.0 622.0 695.0 628.0
storagetank 605.0 618.0 616.0 627.0
vehicle 491.0 71.0 497.0 95.0
vehicle 741.0 51.0 743.0 56.0
vehicle 716.0 28.0 739.0 32.0
