ship 126.0 3.0 149.0 19.0
ship 72.0 375.0 88.0 451.0
ship 239.0 533.0 254.0 597.0
ship 249.0 614.0 258.0 642.0
ship 245.0 771.0 253.0 792.0
harbor 248.0 262.0 676.0 648.0
storagetank 693.0 90.0 704.0 104.0
storagetank 705.0 99.0 718.0 110.0
storagetank 720.0 106.0 732.0 118.0
storagetank 680.0 104.0 694.0 118.0
storagetank 695.0 110.0 709.0 124.0
storagetank 709.0 118.0 724.0 131.0
storagetank 656.0 124.0 665.0 133.0
storagetank 676.0 134.0 685.0 144.0
storagetank 694.0 143.0 703.0 153.0
storagetank 650.0 139.0 657.0 149.0
storagetank 666.0 161.0 672.0 169.0
storagetank 681.0 168.0 691.0 176.0
storagetank 701.0 176.0 710.0 185.0
storagetank 647.0 178.0 656.0 187.0
storagetank 656.0 185.0 666.0 195.0
storagetank 667.0 188.0 676.0 198.0
storagetank 679.0 193.0 688.0 205.0
storagetank 690.0 197.0 700.0 210.0
storagetank 655.0 196.0 665.0 209.0
storagetank 667.0 201.0 679.0 214.0
storagetank 680.0 206.0 689.0 219.0
storagetank 675.0 227.0 685.0 240.0
storagetank 685.0 234.0 695.0 243.0
storagetank 699.0 236.0 704.0 243.0
storagetank 717.0 250.0 730.0 265.0
storagetank 703.0 264.0 718.0 278.0
storagetank 719.0 272.0 733.0 287.0
storagetank 733.0 258.0 748.0 276.0
storagetank 749.0 267.0 766.0 283.0
storagetank 766.0 276.0 780.0 293.0
storagetank 736.0 281.0 751.0 296.0
storagetank 752.0 288.0 767.0 305.0
storagetank 719.0 298.0 730.0 312.0
storagetank 732.0 303.0 746.0 316.0
storagetank 744.0 311.0 758.0 326.0
storagetank 728.0 318.0 738.0 327.0
storagetank 738.0 324.0 749.0 335.0
