baseballfield 105.0 585.0 205.0 686.0
basketballcourt 387.0 58.0 470.0 146.0
basketballcourt 442.0 22.0 525.0 109.0
tenniscourt 661.0 721.0 699.0 790.0
tenniscourt 737.0 334.0 775.0 403.0
tenniscourt 698.0 329.0 736.0 398.0
tenniscourt 726.0 431.0 764.0 500.0
tenniscourt 690.0 427.0 728.0 496.0
tenniscourt 717.0 528.0 755.0 597.0
tenniscourt 679.0 525.0 717.0 594.0
tenniscourt 708.0 626.0 746.0 695.0
tenniscourt 669.0 623.0 707.0 692.0
tenniscourt 700.0 724.0 738.0 793.0
vehicle 1.0 220.0 6.0 238.0
vehicle 1.0 367.0 5.0 383.0
vehicle 276.0 495.0 289.0 514.0
vehicle 771.0 770.0 776.0 784.0
vehicle 779.0 775.0 786.0 791.0
vehicle 778.0 794.0 783.0 800.0
vehicle 780.0 755.0 788.0 771.0
vehicle 783.0 719.0 790.0 735.0
vehicle 786.0 701.0 792.0 715.0
vehicle 788.0 665.0 796.0 681.0
vehicle 795.0 593.0 800.0 607.0
