airplane 124.0 51.0 161.0 82.0
airplane 139.0 94.0 183.0 128.0
airplane 157.0 130.0 196.0 166.0
airplane 183.0 206.0 222.0 238.0
airplane 230.0 332.0 269.0 361.0
airplane 245.0 364.0 289.0 407.0
airplane 262.0 412.0 300.0 445.0
airplane 288.0 483.0 327.0 516.0
airplane 205.0 573.0 240.0 599.0
airplane 302.0 522.0 340.0 554.0
airplane 358.0 490.0 380.0 514.0
airplane 219.0 605.0 246.0 626.0
airplane 221.0 638.0 245.0 658.0
airplane 316.0 556.0 360.0 593.0
airplane 430.0 573.0 475.0 608.0
airplane 345.0 629.0 383.0 661.0
airplane 246.0 666.0 269.0 684.0
airplane 268.0 732.0 297.0 751.0
airplane 276.0 760.0 300.0 777.0
airplane 302.0 776.0 318.0 797.0
airplane 500.0 548.0 523.0 566.0
airplane 402.0 119.0 432.0 154.0
airplane 248.0 78.0 288.0 114.0
airplane 78.0 219.0 102.0 239.0
airplane 64.0 191.0 90.0 210.0
airplane 15.0 61.0 40.0 80.0
airplane 598.0 40.0 619.0 57.0
airplane 240.0 47.0 265.0 59.0
