harbor 79.0 332.0 617.0 470.0
ship 603.0 230.0 624.0 290.0
harbor 28.0 513.0 671.0 617.0
ship 452.0 232.0 466.0 265.0
vehicle 84.0 323.0 97.0 331.0
vehicle 81.0 339.0 93.0 346.0
vehicle 1.0 622.0 24.0 630.0
vehicle 322.0 615.0 350.0 622.0
vehicle 297.0 612.0 311.0 618.0
vehicle 3.0 22.0 12.0 35.0
vehicle 525.0 22.0 537.0 28.0
ship 484.0 356.0 501.0 406.0
ship 546.0 371.0 560.0 401.0
ship 529.0 418.0 548.0 467.0
ship 421.0 418.0 435.0 455.0
ship 333.0 349.0 351.0 409.0
ship 360.0 424.0 372.0 453.0
ship 267.0 331.0 286.0 410.0
ship 172.0 421.0 189.0 467.0
ship 203.0 342.0 221.0 409.0
ship 248.0 421.0 264.0 455.0
ship 287.0 420.0 300.0 453.0
ship 210.0 215.0 226.0 277.0
ship 247.0 211.0 266.0 272.0
ship 292.0 212.0 307.0 251.0
ship 372.0 211.0 387.0 265.0
ship 391.0 209.0 408.0 263.0
ship 410.0 214.0 430.0 275.0
ship 629.0 231.0 650.0 293.0
ship 653.0 230.0 671.0 271.0
ship 505.0 339.0 525.0 406.0
ship 548.0 417.0 560.0 449.0
ship 565.0 416.0 577.0 453.0
ship 353.0 344.0 372.0 405.0
ship 376.0 357.0 392.0 405.0
ship 398.0 335.0 418.0 408.0
ship 162.0 364.0 176.0 409.0
ship 182.0 345.0 199.0 411.0
ship 246.0 354.0 262.0 410.0
ship 194.0 422.0 209.0 467.0
ship 211.0 421.0 229.0 475.0
ship 436.0 419.0 454.0 469.0
ship 458.0 418.0 472.0 457.0
ship 474.0 418.0 489.0 461.0
ship 619.0 518.0 641.0 597.0
ship 639.0 562.0 649.0 592.0
ship 448.0 557.0 459.0 585.0
ship 500.0 559.0 508.0 580.0
ship 543.0 581.0 567.0 592.0
