basketballcourt 586.0 192.0 670.0 258.0
tenniscourt 651.0 173.0 682.0 200.0
tenniscourt 666.0 183.0 699.0 211.0
tenniscourt 682.0 196.0 717.0 222.0
vehicle 373.0 6.0 383.0 18.0
vehicle 422.0 15.0 433.0 23.0
vehicle 384.0 35.0 394.0 45.0
vehicle 374.0 32.0 383.0 40.0
vehicle 350.0 54.0 359.0 63.0
vehicle 317.0 37.0 326.0 44.0
vehicle 322.0 78.0 334.0 90.0
vehicle 185.0 155.0 198.0 167.0
vehicle 203.0 149.0 217.0 162.0
vehicle 248.0 149.0 260.0 161.0
vehicle 291.0 119.0 305.0 133.0
vehicle 190.0 202.0 202.0 214.0
vehicle 173.0 231.0 185.0 243.0
vehicle 212.0 185.0 224.0 193.0
vehicle 148.0 243.0 159.0 255.0
vehicle 105.0 282.0 118.0 293.0
vehicle 75.0 312.0 83.0 322.0
vehicle 265.0 332.0 277.0 342.0
vehicle 560.0 346.0 573.0 356.0
vehicle 541.0 293.0 550.0 303.0
vehicle 364.0 236.0 379.0 243.0
vehicle 482.0 494.0 492.0 506.0
vehicle 286.0 364.0 300.0 377.0
vehicle 215.0 404.0 226.0 415.0
vehicle 135.0 435.0 149.0 446.0
vehicle 219.0 551.0 230.0 560.0
vehicle 15.0 672.0 30.0 684.0
vehicle 456.0 503.0 466.0 513.0
vehicle 441.0 651.0 450.0 662.0
vehicle 456.0 700.0 466.0 713.0
vehicle 436.0 675.0 445.0 685.0
vehicle 255.0 603.0 267.0 612.0
vehicle 519.0 748.0 531.0 761.0
vehicle 504.0 736.0 517.0 747.0
vehicle 594.0 768.0 609.0 779.0
vehicle 617.0 651.0 629.0 658.0
vehicle 646.0 655.0 658.0 667.0
vehicle 694.0 704.0 706.0 714.0
vehicle 490.0 331.0 502.0 341.0
vehicle 317.0 330.0 331.0 340.0
vehicle 389.0 469.0 404.0 479.0
vehicle 451.0 579.0 465.0 585.0
vehicle 452.0 573.0 469.0 579.0
vehicle 454.0 618.0 468.0 626.0
vehicle 675.0 704.0 688.0 712.0
vehicle 651.0 355.0 661.0 364.0
vehicle 643.0 351.0 656.0 360.0
vehicle 1.0 382.0 9.0 393.0
vehicle 62.0 90.0 73.0 101.0
vehicle 751.0 16.0 762.0 28.0
