vehicle 20.0 751.0 46.0 784.0
vehicle 100.0 637.0 122.0 665.0
vehicle 114.0 498.0 135.0 525.0
vehicle 148.0 382.0 223.0 493.0
vehicle 173.0 356.0 197.0 386.0
vehicle 249.0 351.0 268.0 376.0
vehicle 77.0 257.0 102.0 279.0
vehicle 8.0 137.0 34.0 156.0
vehicle 295.0 190.0 313.0 218.0
vehicle 279.0 155.0 304.0 191.0
vehicle 330.0 21.0 349.0 48.0
vehicle 338.0 307.0 368.0 327.0
vehicle 509.0 348.0 530.0 374.0
vehicle 603.0 399.0 628.0 417.0
vehicle 614.0 430.0 640.0 450.0
vehicle 551.0 481.0 582.0 503.0
vehicle 612.0 174.0 630.0 199.0
vehicle 684.0 535.0 715.0 551.0
vehicle 609.0 510.0 640.0 532.0
vehicle 402.0 565.0 419.0 594.0
vehicle 719.0 561.0 746.0 581.0
vehicle 766.0 456.0 794.0 469.0
vehicle 781.0 591.0 800.0 608.0
vehicle 604.0 58.0 622.0 86.0
vehicle 635.0 41.0 655.0 69.0
overpass 105.0 77.0 373.0 473.0
overpass 375.0 207.0 636.0 611.0
