vehicle 712.0 54.0 749.0 88.0
vehicle 420.0 285.0 451.0 294.0
vehicle 172.0 345.0 222.0 399.0
vehicle 550.0 369.0 570.0 399.0
vehicle 551.0 392.0 561.0 416.0
vehicle 495.0 494.0 518.0 522.0
vehicle 505.0 605.0 531.0 634.0
vehicle 176.0 701.0 200.0 728.0
vehicle 369.0 709.0 400.0 720.0
vehicle 261.0 601.0 285.0 631.0
vehicle 190.0 609.0 200.0 640.0
vehicle 180.0 540.0 204.0 576.0
vehicle 190.0 459.0 201.0 474.0
vehicle 221.0 475.0 232.0 491.0
Expressway-Service-area 254.0 311.0 622.0 721.0
Expressway-Service-area 89.0 226.0 530.0 654.0
