tenniscourt 543.0 669.0 576.0 720.0
tenniscourt 578.0 667.0 614.0 719.0
tenniscourt 617.0 666.0 648.0 717.0
tenniscourt 651.0 664.0 684.0 715.0
tenniscourt 688.0 662.0 719.0 713.0
tenniscourt 722.0 658.0 756.0 712.0
vehicle 786.0 682.0 792.0 694.0
vehicle 789.0 706.0 795.0 718.0
vehicle 519.0 743.0 526.0 753.0
vehicle 474.0 392.0 479.0 401.0
vehicle 451.0 483.0 460.0 488.0
vehicle 459.0 198.0 464.0 207.0
vehicle 178.0 173.0 185.0 185.0
vehicle 186.0 267.0 192.0 279.0
vehicle 292.0 340.0 298.0 349.0
vehicle 342.0 369.0 355.0 374.0
vehicle 198.0 662.0 212.0 672.0
vehicle 346.0 710.0 358.0 715.0
vehicle 94.0 619.0 105.0 628.0
vehicle 191.0 550.0 197.0 561.0
vehicle 186.0 500.0 193.0 511.0
