vehicle 191.0 474.0 250.0 488.0
vehicle 286.0 474.0 345.0 488.0
vehicle 368.0 490.0 424.0 505.0
vehicle 469.0 521.0 494.0 552.0
vehicle 392.0 514.0 429.0 549.0
vehicle 376.0 520.0 399.0 548.0
vehicle 361.0 525.0 384.0 554.0
vehicle 280.0 531.0 296.0 555.0
vehicle 288.0 228.0 340.0 258.0
vehicle 315.0 224.0 369.0 258.0
vehicle 368.0 222.0 419.0 255.0
vehicle 399.0 224.0 442.0 254.0
vehicle 464.0 228.0 500.0 264.0
vehicle 490.0 230.0 526.0 271.0
vehicle 140.0 298.0 174.0 308.0
overpass 298.0 331.0 408.0 458.0
Expressway-Service-area 59.0 40.0 661.0 312.0
Expressway-Service-area 92.0 479.0 688.0 749.0
