harbor 8.0 82.0 64.0 225.0
harbor 124.0 67.0 170.0 237.0
harbor 192.0 55.0 270.0 239.0
harbor 404.0 90.0 788.0 555.0
ship 11.0 97.0 28.0 153.0
ship 35.0 83.0 62.0 156.0
ship 134.0 83.0 169.0 157.0
ship 124.0 164.0 150.0 236.0
ship 194.0 88.0 240.0 237.0
ship 491.0 198.0 572.0 232.0
ship 492.0 238.0 573.0 272.0
ship 604.0 272.0 721.0 316.0
ship 428.0 321.0 575.0 369.0
ship 407.0 438.0 436.0 485.0
ship 558.0 451.0 593.0 553.0
ship 596.0 452.0 631.0 554.0
ship 671.0 453.0 708.0 529.0
ship 715.0 453.0 750.0 550.0
ship 749.0 418.0 778.0 481.0
ship 641.0 452.0 665.0 508.0
ship 613.0 409.0 677.0 433.0
ship 257.0 73.0 284.0 95.0
