airplane 118.0 9.0 168.0 49.0
airplane 184.0 5.0 234.0 48.0
airplane 248.0 4.0 300.0 46.0
airplane 310.0 1.0 369.0 44.0
airplane 113.0 140.0 175.0 188.0
airplane 246.0 140.0 304.0 187.0
airplane 312.0 136.0 370.0 184.0
airplane 78.0 304.0 132.0 343.0
airplane 144.0 297.0 203.0 344.0
airplane 216.0 303.0 271.0 342.0
airplane 286.0 300.0 339.0 342.0
airplane 80.0 469.0 138.0 513.0
airplane 211.0 468.0 273.0 515.0
airplane 24.0 642.0 70.0 678.0
airplane 82.0 640.0 141.0 681.0
airplane 149.0 637.0 214.0 681.0
airplane 219.0 637.0 277.0 681.0
airplane 19.0 754.0 69.0 786.0
airplane 152.0 748.0 210.0 795.0
airplane 221.0 755.0 278.0 797.0
