vehicle 221.0 232.0 247.0 252.0
vehicle 261.0 252.0 282.0 265.0
vehicle 523.0 295.0 547.0 307.0
vehicle 556.0 294.0 581.0 307.0
vehicle 624.0 215.0 637.0 242.0
vehicle 592.0 222.0 602.0 247.0
vehicle 451.0 645.0 475.0 657.0
vehicle 484.0 720.0 497.0 746.0
vehicle 662.0 688.0 671.0 711.0
vehicle 144.0 696.0 162.0 721.0
vehicle 81.0 685.0 101.0 711.0
vehicle 8.0 622.0 26.0 648.0
basketballcourt 44.0 447.0 215.0 592.0
baseballfield 381.0 345.0 581.0 519.0
tenniscourt 692.0 307.0 762.0 440.0
tenniscourt 703.0 479.0 773.0 612.0
vehicle 267.0 61.0 285.0 83.0
vehicle 253.0 95.0 271.0 117.0
vehicle 401.0 141.0 415.0 166.0
