vehicle 502.0 509.0 535.0 529.0
vehicle 426.0 560.0 485.0 578.0
vehicle 541.0 471.0 561.0 504.0
vehicle 395.0 488.0 475.0 550.0
vehicle 480.0 419.0 559.0 485.0
vehicle 208.0 435.0 246.0 471.0
vehicle 219.0 358.0 232.0 379.0
vehicle 240.0 358.0 254.0 380.0
vehicle 245.0 320.0 258.0 351.0
vehicle 255.0 349.0 294.0 385.0
vehicle 300.0 319.0 342.0 345.0
vehicle 321.0 282.0 378.0 320.0
vehicle 338.0 331.0 376.0 364.0
vehicle 388.0 300.0 428.0 328.0
vehicle 426.0 272.0 466.0 300.0
vehicle 471.0 241.0 516.0 274.0
vehicle 546.0 192.0 585.0 225.0
vehicle 656.0 111.0 704.0 148.0
vehicle 746.0 52.0 786.0 84.0
Expressway-Service-area 76.0 125.0 454.0 494.0
Expressway-Service-area 361.0 368.0 696.0 679.0
