harbor 33.0 36.0 709.0 236.0
harbor 32.0 386.0 799.0 567.0
harbor 170.0 646.0 778.0 777.0
ship 33.0 161.0 53.0 208.0
ship 66.0 148.0 86.0 198.0
ship 92.0 72.0 112.0 122.0
ship 93.0 131.0 113.0 181.0
ship 137.0 138.0 157.0 188.0
ship 186.0 137.0 206.0 187.0
ship 294.0 136.0 314.0 186.0
ship 382.0 134.0 402.0 184.0
ship 553.0 146.0 580.0 226.0
ship 590.0 139.0 623.0 234.0
ship 628.0 136.0 661.0 231.0
ship 675.0 138.0 708.0 233.0
ship 589.0 35.0 611.0 113.0
ship 30.0 430.0 64.0 537.0
ship 84.0 393.0 108.0 465.0
ship 121.0 386.0 149.0 465.0
ship 212.0 405.0 237.0 464.0
ship 259.0 410.0 277.0 453.0
ship 287.0 404.0 307.0 462.0
ship 316.0 416.0 339.0 464.0
ship 349.0 391.0 375.0 462.0
ship 380.0 389.0 406.0 460.0
ship 510.0 406.0 537.0 455.0
ship 599.0 406.0 622.0 453.0
ship 738.0 416.0 757.0 455.0
ship 671.0 476.0 695.0 544.0
ship 639.0 479.0 664.0 523.0
ship 509.0 475.0 537.0 538.0
ship 217.0 492.0 240.0 555.0
ship 183.0 485.0 206.0 548.0
ship 153.0 486.0 180.0 563.0
ship 82.0 484.0 104.0 553.0
ship 184.0 665.0 274.0 701.0
ship 176.0 714.0 289.0 745.0
ship 177.0 746.0 239.0 768.0
ship 377.0 652.0 392.0 692.0
ship 423.0 648.0 439.0 695.0
ship 466.0 648.0 488.0 697.0
ship 583.0 652.0 600.0 690.0
ship 648.0 656.0 671.0 695.0
ship 694.0 654.0 714.0 692.0
