harbor 105.0 477.0 201.0 786.0
harbor 181.0 144.0 357.0 761.0
harbor 255.0 163.0 443.0 761.0
harbor 335.0 171.0 520.0 768.0
harbor 415.0 201.0 598.0 776.0
harbor 502.0 252.0 668.0 777.0
harbor 698.0 252.0 787.0 360.0
ship 163.0 480.0 180.0 488.0
ship 183.0 499.0 200.0 508.0
ship 153.0 518.0 170.0 527.0
ship 177.0 531.0 189.0 541.0
ship 171.0 548.0 185.0 556.0
ship 145.0 551.0 161.0 559.0
ship 165.0 565.0 181.0 573.0
ship 140.0 568.0 156.0 576.0
ship 160.0 579.0 178.0 590.0
ship 136.0 583.0 151.0 590.0
ship 134.0 591.0 150.0 600.0
ship 125.0 625.0 143.0 633.0
ship 121.0 641.0 136.0 649.0
ship 119.0 650.0 136.0 658.0
ship 136.0 672.0 154.0 683.0
ship 107.0 691.0 124.0 699.0
ship 323.0 163.0 348.0 173.0
ship 316.0 187.0 350.0 203.0
ship 300.0 330.0 319.0 343.0
ship 269.0 354.0 285.0 367.0
ship 290.0 380.0 308.0 394.0
ship 244.0 385.0 273.0 397.0
ship 282.0 424.0 300.0 434.0
ship 275.0 444.0 291.0 451.0
ship 260.0 503.0 277.0 511.0
ship 254.0 522.0 274.0 534.0
ship 243.0 561.0 262.0 570.0
ship 210.0 572.0 235.0 584.0
ship 207.0 595.0 226.0 604.0
ship 229.0 619.0 246.0 630.0
ship 220.0 648.0 239.0 660.0
ship 182.0 693.0 201.0 703.0
ship 177.0 713.0 199.0 722.0
ship 173.0 722.0 195.0 733.0
ship 366.0 273.0 388.0 287.0
ship 390.0 314.0 405.0 322.0
ship 355.0 337.0 371.0 345.0
ship 332.0 427.0 352.0 435.0
ship 351.0 451.0 370.0 462.0
ship 307.0 631.0 327.0 639.0
ship 303.0 660.0 320.0 670.0
ship 285.0 717.0 307.0 729.0
ship 255.0 722.0 275.0 731.0
ship 457.0 243.0 479.0 253.0
ship 457.0 253.0 476.0 264.0
ship 483.0 260.0 503.0 271.0
ship 446.0 281.0 465.0 292.0
ship 429.0 362.0 449.0 373.0
ship 456.0 370.0 475.0 380.0
ship 453.0 389.0 471.0 401.0
ship 438.0 438.0 458.0 450.0
ship 428.0 469.0 450.0 478.0
ship 423.0 489.0 444.0 499.0
ship 379.0 561.0 400.0 570.0
ship 374.0 580.0 394.0 590.0
ship 402.0 588.0 418.0 598.0
ship 369.0 599.0 389.0 611.0
ship 391.0 627.0 410.0 637.0
ship 549.0 215.0 566.0 226.0
ship 574.0 220.0 599.0 233.0
ship 541.0 247.0 560.0 253.0
ship 568.0 260.0 587.0 269.0
ship 563.0 273.0 581.0 283.0
ship 518.0 323.0 539.0 333.0
ship 531.0 394.0 552.0 405.0
ship 499.0 399.0 522.0 410.0
ship 516.0 453.0 539.0 464.0
ship 484.0 469.0 503.0 479.0
ship 480.0 491.0 497.0 502.0
ship 504.0 509.0 525.0 522.0
ship 472.0 515.0 491.0 524.0
ship 471.0 526.0 490.0 537.0
ship 483.0 591.0 505.0 603.0
ship 474.0 615.0 497.0 625.0
ship 466.0 637.0 492.0 651.0
ship 434.0 652.0 452.0 664.0
ship 451.0 706.0 472.0 719.0
ship 424.0 708.0 441.0 720.0
ship 444.0 732.0 463.0 741.0
ship 650.0 261.0 668.0 306.0
ship 700.0 295.0 711.0 314.0
ship 633.0 369.0 658.0 380.0
ship 621.0 400.0 651.0 416.0
ship 617.0 422.0 642.0 436.0
ship 583.0 427.0 605.0 440.0
ship 559.0 521.0 584.0 535.0
ship 555.0 545.0 577.0 558.0
ship 577.0 588.0 603.0 598.0
ship 542.0 589.0 567.0 603.0
ship 571.0 598.0 602.0 611.0
ship 569.0 611.0 598.0 622.0
ship 506.0 728.0 531.0 741.0
ship 536.0 734.0 565.0 751.0
ship 748.0 333.0 761.0 360.0
