airplane 126.0 112.0 171.0 154.0
airplane 216.0 191.0 253.0 235.0
airplane 179.0 377.0 224.0 415.0
airplane 454.0 62.0 524.0 133.0
airplane 440.0 142.0 493.0 179.0
airplane 545.0 75.0 593.0 126.0
airplane 613.0 88.0 658.0 135.0
airplane 615.0 258.0 661.0 302.0
airplane 476.0 499.0 516.0 533.0
airplane 570.0 498.0 605.0 541.0
airplane 637.0 488.0 684.0 541.0
airplane 339.0 646.0 385.0 685.0
airplane 633.0 680.0 681.0 718.0
vehicle 412.0 174.0 417.0 187.0
vehicle 330.0 499.0 337.0 511.0
vehicle 363.0 619.0 375.0 627.0
vehicle 360.0 624.0 373.0 632.0
vehicle 639.0 547.0 646.0 562.0
vehicle 634.0 547.0 641.0 562.0
vehicle 698.0 513.0 715.0 522.0
vehicle 696.0 519.0 714.0 526.0
vehicle 696.0 523.0 713.0 531.0
