harbor 24.0 559.0 790.0 712.0
harbor 38.0 310.0 788.0 455.0
harbor 65.0 47.0 782.0 209.0
ship 65.0 62.0 101.0 127.0
ship 67.0 137.0 103.0 202.0
ship 108.0 62.0 133.0 124.0
ship 108.0 138.0 133.0 200.0
ship 137.0 140.0 162.0 202.0
ship 170.0 140.0 195.0 202.0
ship 137.0 65.0 162.0 127.0
ship 169.0 64.0 194.0 126.0
ship 199.0 57.0 224.0 119.0
ship 228.0 58.0 253.0 120.0
ship 257.0 57.0 282.0 119.0
ship 288.0 54.0 313.0 116.0
ship 320.0 55.0 345.0 117.0
ship 350.0 54.0 375.0 116.0
ship 381.0 56.0 406.0 118.0
ship 294.0 141.0 318.0 195.0
ship 322.0 137.0 347.0 198.0
ship 383.0 140.0 408.0 201.0
ship 412.0 138.0 437.0 199.0
ship 444.0 143.0 469.0 204.0
ship 477.0 142.0 502.0 203.0
ship 511.0 140.0 536.0 201.0
ship 540.0 132.0 565.0 193.0
ship 575.0 137.0 600.0 198.0
ship 641.0 137.0 666.0 198.0
ship 674.0 136.0 699.0 197.0
ship 708.0 136.0 733.0 197.0
ship 708.0 53.0 733.0 114.0
ship 677.0 53.0 702.0 114.0
ship 642.0 51.0 667.0 112.0
ship 612.0 50.0 637.0 111.0
ship 579.0 52.0 604.0 113.0
ship 541.0 50.0 566.0 111.0
ship 509.0 49.0 534.0 110.0
ship 478.0 49.0 503.0 110.0
ship 445.0 53.0 470.0 114.0
ship 38.0 323.0 61.0 381.0
ship 42.0 395.0 65.0 453.0
ship 73.0 322.0 96.0 376.0
ship 102.0 319.0 125.0 373.0
ship 139.0 317.0 162.0 371.0
ship 165.0 319.0 188.0 373.0
ship 196.0 316.0 219.0 370.0
ship 231.0 314.0 254.0 368.0
ship 265.0 315.0 288.0 369.0
ship 295.0 314.0 318.0 368.0
ship 330.0 325.0 351.0 370.0
ship 392.0 312.0 415.0 366.0
ship 427.0 312.0 450.0 366.0
ship 453.0 314.0 476.0 368.0
ship 488.0 314.0 511.0 368.0
ship 521.0 312.0 544.0 366.0
ship 553.0 312.0 576.0 366.0
ship 586.0 309.0 609.0 363.0
ship 617.0 310.0 640.0 364.0
ship 650.0 313.0 673.0 367.0
ship 682.0 313.0 705.0 367.0
ship 712.0 313.0 735.0 367.0
ship 747.0 386.0 770.0 440.0
ship 714.0 392.0 732.0 435.0
ship 650.0 385.0 673.0 439.0
ship 617.0 391.0 640.0 445.0
ship 586.0 388.0 609.0 442.0
ship 554.0 388.0 577.0 442.0
ship 494.0 391.0 512.0 440.0
ship 423.0 385.0 446.0 448.0
ship 393.0 385.0 416.0 448.0
ship 331.0 393.0 351.0 448.0
ship 360.0 386.0 380.0 441.0
ship 298.0 393.0 318.0 448.0
ship 265.0 393.0 285.0 448.0
ship 235.0 393.0 255.0 448.0
ship 200.0 395.0 220.0 450.0
ship 168.0 399.0 188.0 454.0
ship 138.0 396.0 158.0 451.0
ship 104.0 397.0 124.0 452.0
ship 74.0 392.0 94.0 447.0
ship 35.0 579.0 53.0 632.0
ship 46.0 646.0 64.0 699.0
ship 78.0 652.0 99.0 700.0
ship 73.0 578.0 94.0 626.0
ship 107.0 575.0 128.0 623.0
ship 136.0 576.0 157.0 624.0
ship 171.0 572.0 192.0 620.0
ship 203.0 570.0 224.0 618.0
ship 232.0 574.0 255.0 618.0
ship 267.0 572.0 290.0 616.0
ship 297.0 573.0 319.0 625.0
ship 328.0 564.0 350.0 616.0
ship 362.0 566.0 384.0 618.0
ship 393.0 568.0 415.0 620.0
ship 428.0 566.0 451.0 623.0
ship 460.0 563.0 483.0 620.0
ship 521.0 562.0 544.0 619.0
ship 553.0 569.0 571.0 609.0
ship 586.0 575.0 604.0 615.0
ship 653.0 564.0 676.0 621.0
ship 684.0 562.0 707.0 619.0
ship 715.0 560.0 738.0 617.0
ship 107.0 648.0 128.0 696.0
ship 141.0 647.0 162.0 695.0
ship 172.0 646.0 193.0 701.0
ship 203.0 643.0 224.0 698.0
ship 236.0 644.0 257.0 699.0
ship 269.0 644.0 290.0 699.0
ship 301.0 647.0 322.0 702.0
ship 334.0 644.0 355.0 699.0
ship 365.0 642.0 386.0 697.0
ship 398.0 643.0 418.0 700.0
ship 462.0 644.0 486.0 695.0
ship 494.0 644.0 518.0 695.0
ship 524.0 642.0 548.0 693.0
ship 555.0 646.0 579.0 697.0
ship 653.0 642.0 677.0 693.0
ship 684.0 642.0 708.0 693.0
ship 714.0 638.0 740.0 695.0
