tenniscourt 98.0 212.0 148.0 321.0
tenniscourt 96.0 552.0 146.0 661.0
tenniscourt 28.0 551.0 80.0 663.0
tenniscourt 33.0 212.0 83.0 321.0
tenniscourt 31.0 382.0 81.0 491.0
tenniscourt 98.0 383.0 148.0 492.0
baseballfield 471.0 259.0 684.0 466.0
vehicle 66.0 150.0 87.0 158.0
vehicle 104.0 148.0 127.0 157.0
vehicle 324.0 148.0 347.0 157.0
vehicle 259.0 147.0 280.0 156.0
vehicle 363.0 145.0 388.0 153.0
vehicle 136.0 149.0 156.0 156.0
vehicle 227.0 146.0 251.0 156.0
vehicle 433.0 144.0 456.0 153.0
vehicle 620.0 141.0 647.0 151.0
vehicle 720.0 140.0 749.0 151.0
vehicle 684.0 141.0 705.0 150.0
vehicle 657.0 143.0 676.0 150.0
vehicle 725.0 771.0 749.0 783.0
vehicle 695.0 778.0 723.0 793.0
vehicle 63.0 779.0 96.0 797.0
