harbor 439.0 635.0 728.0 780.0
harbor 444.0 387.0 724.0 540.0
harbor 450.0 182.0 721.0 311.0
harbor 409.0 32.0 715.0 112.0
ship 421.0 53.0 445.0 113.0
ship 518.0 63.0 532.0 101.0
ship 544.0 54.0 560.0 95.0
ship 566.0 56.0 583.0 104.0
ship 643.0 53.0 661.0 98.0
ship 465.0 261.0 481.0 301.0
ship 514.0 188.0 526.0 222.0
ship 514.0 258.0 530.0 299.0
ship 541.0 183.0 560.0 228.0
ship 541.0 246.0 560.0 301.0
ship 588.0 180.0 608.0 234.0
ship 592.0 245.0 612.0 301.0
ship 611.0 181.0 632.0 228.0
ship 614.0 244.0 634.0 305.0
ship 644.0 188.0 660.0 231.0
ship 665.0 185.0 684.0 229.0
ship 691.0 188.0 711.0 232.0
ship 697.0 247.0 716.0 299.0
ship 456.0 464.0 480.0 529.0
ship 481.0 390.0 507.0 450.0
ship 562.0 460.0 585.0 516.0
ship 615.0 390.0 640.0 445.0
ship 667.0 456.0 690.0 518.0
ship 696.0 457.0 718.0 473.0
ship 706.0 485.0 720.0 520.0
ship 487.0 649.0 507.0 690.0
ship 513.0 645.0 528.0 694.0
ship 481.0 706.0 507.0 767.0
ship 507.0 709.0 531.0 765.0
ship 545.0 648.0 559.0 687.0
ship 562.0 656.0 576.0 690.0
ship 593.0 653.0 610.0 695.0
ship 615.0 659.0 631.0 700.0
ship 559.0 710.0 583.0 764.0
ship 612.0 713.0 634.0 772.0
ship 642.0 715.0 664.0 774.0
ship 669.0 715.0 692.0 769.0
ship 701.0 651.0 724.0 705.0
ship 646.0 647.0 669.0 701.0
ship 668.0 656.0 685.0 695.0
