ship 358.0 16.0 381.0 60.0
ship 364.0 19.0 402.0 80.0
ship 392.0 30.0 420.0 69.0
ship 393.0 36.0 432.0 104.0
ship 412.0 48.0 456.0 116.0
ship 427.0 57.0 475.0 122.0
ship 459.0 65.0 493.0 125.0
ship 474.0 76.0 509.0 138.0
ship 304.0 108.0 352.0 141.0
ship 293.0 122.0 337.0 149.0
ship 282.0 141.0 356.0 195.0
ship 271.0 167.0 335.0 216.0
ship 251.0 198.0 320.0 244.0
ship 241.0 228.0 313.0 273.0
ship 234.0 251.0 306.0 299.0
ship 221.0 267.0 290.0 318.0
ship 212.0 296.0 288.0 352.0
ship 196.0 324.0 266.0 372.0
ship 185.0 348.0 254.0 398.0
ship 171.0 371.0 242.0 421.0
ship 157.0 398.0 231.0 447.0
ship 143.0 423.0 217.0 473.0
ship 135.0 451.0 206.0 499.0
ship 134.0 475.0 196.0 518.0
ship 115.0 492.0 183.0 545.0
ship 101.0 520.0 170.0 576.0
ship 84.0 546.0 154.0 598.0
ship 79.0 571.0 144.0 621.0
ship 70.0 591.0 139.0 644.0
ship 349.0 740.0 447.0 793.0
ship 450.0 686.0 531.0 730.0
ship 448.0 708.0 522.0 755.0
ship 469.0 745.0 515.0 767.0
ship 504.0 669.0 552.0 699.0
ship 485.0 638.0 558.0 681.0
ship 500.0 614.0 572.0 658.0
ship 508.0 588.0 581.0 635.0
ship 559.0 590.0 592.0 612.0
ship 539.0 553.0 601.0 598.0
ship 540.0 528.0 613.0 573.0
ship 534.0 494.0 620.0 555.0
ship 586.0 502.0 629.0 535.0
ship 590.0 489.0 637.0 520.0
ship 588.0 458.0 652.0 488.0
ship 617.0 434.0 669.0 466.0
ship 624.0 418.0 675.0 450.0
ship 611.0 379.0 684.0 422.0
ship 627.0 365.0 694.0 406.0
ship 659.0 356.0 704.0 389.0
ship 665.0 339.0 713.0 371.0
ship 676.0 327.0 715.0 355.0
ship 656.0 281.0 730.0 322.0
ship 673.0 271.0 743.0 305.0
ship 700.0 263.0 743.0 292.0
ship 565.0 134.0 633.0 228.0
ship 612.0 147.0 649.0 202.0
ship 621.0 149.0 666.0 223.0
ship 647.0 168.0 674.0 214.0
vehicle 773.0 285.0 793.0 302.0
vehicle 660.0 566.0 680.0 594.0
vehicle 644.0 641.0 663.0 659.0
vehicle 779.0 538.0 798.0 563.0
vehicle 702.0 36.0 721.0 63.0
vehicle 234.0 186.0 251.0 210.0
vehicle 70.0 485.0 85.0 505.0
vehicle 46.0 525.0 64.0 551.0
vehicle 16.0 560.0 36.0 574.0
vehicle 14.0 580.0 42.0 593.0
