airplane 18.0 341.0 123.0 440.0
airplane 62.0 239.0 114.0 291.0
airplane 126.0 197.0 177.0 243.0
airplane 178.0 148.0 239.0 213.0
airplane 231.0 80.0 324.0 179.0
airplane 315.0 86.0 363.0 132.0
airplane 346.0 48.0 386.0 97.0
airplane 380.0 36.0 422.0 79.0
airplane 439.0 11.0 476.0 35.0
airplane 480.0 7.0 519.0 38.0
airplane 578.0 12.0 619.0 39.0
airplane 631.0 13.0 670.0 41.0
airplane 667.0 37.0 698.0 72.0
airplane 468.0 113.0 511.0 145.0
airplane 493.0 96.0 531.0 124.0
airplane 537.0 92.0 576.0 123.0
airplane 521.0 117.0 561.0 147.0
airplane 561.0 119.0 600.0 147.0
airplane 386.0 221.0 426.0 250.0
airplane 412.0 203.0 449.0 233.0
airplane 463.0 202.0 504.0 232.0
airplane 437.0 224.0 480.0 253.0
airplane 508.0 199.0 550.0 230.0
airplane 483.0 219.0 524.0 253.0
airplane 540.0 223.0 584.0 251.0
airplane 591.0 224.0 630.0 252.0
airplane 556.0 288.0 672.0 389.0
airplane 262.0 442.0 310.0 474.0
airplane 323.0 443.0 356.0 476.0
airplane 404.0 421.0 464.0 469.0
airplane 461.0 424.0 514.0 473.0
airplane 235.0 585.0 289.0 630.0
airplane 315.0 583.0 364.0 614.0
airplane 384.0 568.0 437.0 633.0
airplane 460.0 582.0 505.0 614.0
airplane 516.0 577.0 578.0 632.0
airplane 578.0 578.0 617.0 607.0
airplane 576.0 427.0 617.0 461.0
airplane 665.0 467.0 695.0 491.0
airplane 673.0 512.0 700.0 544.0
airplane 662.0 551.0 696.0 581.0
airplane 631.0 576.0 678.0 612.0
airplane 219.0 728.0 274.0 766.0
airplane 291.0 733.0 350.0 787.0
vehicle 239.0 195.0 250.0 220.0
vehicle 667.0 370.0 677.0 394.0
vehicle 680.0 374.0 690.0 401.0
vehicle 680.0 629.0 691.0 653.0
