harbor 535.0 294.0 779.0 719.0
harbor 21.0 565.0 584.0 800.0
ship 55.0 578.0 99.0 669.0
ship 97.0 567.0 141.0 677.0
ship 205.0 635.0 239.0 710.0
ship 277.0 649.0 317.0 722.0
ship 353.0 658.0 397.0 731.0
ship 392.0 662.0 434.0 740.0
ship 466.0 690.0 497.0 750.0
ship 501.0 701.0 538.0 769.0
ship 297.0 747.0 386.0 795.0
ship 534.0 294.0 660.0 336.0
ship 549.0 337.0 664.0 385.0
ship 683.0 298.0 778.0 336.0
ship 687.0 337.0 780.0 374.0
ship 692.0 376.0 769.0 410.0
ship 569.0 451.0 667.0 494.0
ship 701.0 521.0 768.0 554.0
ship 605.0 536.0 674.0 564.0
ship 588.0 607.0 673.0 633.0
ship 703.0 600.0 765.0 630.0
ship 699.0 636.0 732.0 651.0
