overpass 79.0 243.0 669.0 557.0
vehicle 310.0 83.0 331.0 125.0
vehicle 374.0 15.0 403.0 66.0
vehicle 490.0 93.0 511.0 132.0
vehicle 521.0 192.0 542.0 233.0
vehicle 607.0 340.0 644.0 361.0
vehicle 481.0 476.0 505.0 528.0
vehicle 345.0 542.0 363.0 585.0
vehicle 443.0 546.0 459.0 581.0
vehicle 309.0 671.0 331.0 713.0
vehicle 459.0 660.0 476.0 699.0
vehicle 495.0 750.0 511.0 790.0
vehicle 654.0 617.0 673.0 658.0
vehicle 721.0 533.0 740.0 572.0
vehicle 731.0 462.0 752.0 507.0
vehicle 714.0 209.0 750.0 256.0
vehicle 768.0 183.0 794.0 221.0
vehicle 10.0 316.0 33.0 358.0
vehicle 623.0 43.0 646.0 80.0
