ship 57.0 3.0 73.0 96.0
ship 115.0 23.0 136.0 116.0
ship 58.0 197.0 73.0 274.0
ship 78.0 192.0 95.0 257.0
ship 120.0 233.0 135.0 327.0
ship 80.0 268.0 94.0 330.0
ship 58.0 283.0 73.0 345.0
ship 77.0 416.0 105.0 519.0
ship 76.0 521.0 92.0 579.0
ship 39.0 729.0 59.0 787.0
harbor 71.0 205.0 144.0 344.0
harbor 87.0 422.0 154.0 585.0
harbor 48.0 634.0 134.0 795.0
harbor 97.0 593.0 138.0 633.0
bridge 494.0 339.0 506.0 350.0
bridge 494.0 475.0 516.0 488.0
bridge 506.0 650.0 517.0 657.0
bridge 482.0 169.0 502.0 178.0
bridge 719.0 110.0 728.0 135.0
bridge 586.0 662.0 597.0 680.0
