harbor 127.0 248.0 660.0 439.0
harbor 227.0 608.0 756.0 800.0
ship 13.0 416.0 126.0 449.0
ship 82.0 641.0 161.0 669.0
ship 631.0 244.0 658.0 332.0
ship 479.0 260.0 508.0 334.0
ship 406.0 261.0 430.0 321.0
ship 335.0 260.0 354.0 317.0
ship 307.0 258.0 326.0 322.0
ship 262.0 259.0 281.0 323.0
ship 234.0 268.0 252.0 327.0
ship 185.0 340.0 210.0 419.0
ship 331.0 340.0 356.0 419.0
ship 365.0 348.0 395.0 434.0
ship 407.0 344.0 437.0 430.0
ship 481.0 346.0 511.0 438.0
ship 554.0 355.0 582.0 433.0
ship 281.0 648.0 298.0 699.0
ship 311.0 649.0 342.0 728.0
ship 352.0 623.0 384.0 732.0
ship 396.0 613.0 430.0 732.0
ship 442.0 648.0 470.0 731.0
ship 529.0 642.0 557.0 725.0
ship 566.0 613.0 604.0 741.0
ship 614.0 633.0 648.0 737.0
ship 655.0 656.0 689.0 748.0
ship 680.0 750.0 748.0 794.0
