airplane 245.0 10.0 312.0 51.0
airplane 211.0 198.0 317.0 264.0
airplane 196.0 302.0 322.0 387.0
airplane 196.0 418.0 324.0 504.0
airplane 196.0 509.0 318.0 580.0
airplane 197.0 591.0 318.0 660.0
airplane 207.0 674.0 316.0 736.0
airplane 241.0 761.0 301.0 800.0
airplane 483.0 102.0 590.0 169.0
airplane 478.0 198.0 586.0 259.0
airplane 478.0 302.0 599.0 377.0
airplane 484.0 404.0 591.0 468.0
airplane 484.0 495.0 604.0 584.0
airplane 492.0 594.0 598.0 662.0
airplane 490.0 672.0 599.0 738.0
airplane 660.0 546.0 761.0 609.0
