airplane 92.0 8.0 136.0 55.0
airplane 139.0 52.0 187.0 98.0
airplane 186.0 98.0 229.0 143.0
airplane 327.0 36.0 369.0 79.0
airplane 414.0 123.0 457.0 165.0
airplane 503.0 204.0 545.0 246.0
airplane 418.0 318.0 465.0 366.0
airplane 588.0 287.0 629.0 329.0
airplane 631.0 328.0 672.0 372.0
airplane 674.0 372.0 717.0 414.0
airplane 165.0 299.0 210.0 341.0
airplane 213.0 345.0 256.0 387.0
airplane 261.0 389.0 303.0 431.0
airplane 69.0 395.0 109.0 436.0
airplane 133.0 514.0 187.0 555.0
airplane 221.0 512.0 274.0 557.0
airplane 291.0 513.0 343.0 553.0
airplane 357.0 511.0 410.0 554.0
airplane 425.0 511.0 477.0 552.0
airplane 491.0 510.0 542.0 555.0
airplane 558.0 510.0 611.0 553.0
airplane 626.0 507.0 681.0 554.0
airplane 131.0 649.0 185.0 686.0
airplane 353.0 648.0 412.0 691.0
airplane 573.0 652.0 646.0 708.0
vehicle 116.0 270.0 139.0 294.0
