ship 414.0 483.0 440.0 497.0
ship 421.0 549.0 444.0 557.0
ship 422.0 571.0 440.0 579.0
ship 360.0 601.0 386.0 611.0
ship 364.0 618.0 383.0 625.0
ship 361.0 633.0 386.0 639.0
ship 536.0 523.0 549.0 552.0
ship 719.0 433.0 736.0 440.0
ship 411.0 422.0 438.0 431.0
ship 445.0 460.0 464.0 468.0
ship 365.0 546.0 382.0 553.0
ship 361.0 575.0 386.0 586.0
ship 362.0 398.0 384.0 406.0
ship 688.0 191.0 703.0 197.0
ship 360.0 351.0 377.0 357.0
ship 310.0 171.0 341.0 182.0
ship 361.0 307.0 376.0 313.0
ship 530.0 304.0 547.0 312.0
ship 527.0 330.0 548.0 337.0
ship 315.0 567.0 346.0 581.0
ship 306.0 602.0 333.0 612.0
ship 300.0 640.0 320.0 646.0
ship 64.0 322.0 91.0 331.0
ship 315.0 233.0 346.0 244.0
ship 351.0 157.0 378.0 164.0
ship 357.0 175.0 374.0 182.0
ship 316.0 198.0 345.0 207.0
ship 358.0 203.0 376.0 210.0
ship 358.0 212.0 376.0 219.0
ship 326.0 209.0 346.0 219.0
ship 320.0 220.0 343.0 232.0
ship 364.0 221.0 380.0 229.0
ship 355.0 231.0 381.0 241.0
ship 359.0 249.0 377.0 257.0
ship 361.0 260.0 378.0 267.0
ship 358.0 268.0 379.0 276.0
ship 359.0 287.0 378.0 295.0
ship 406.0 184.0 432.0 193.0
ship 414.0 193.0 430.0 199.0
ship 446.0 189.0 458.0 196.0
ship 441.0 206.0 461.0 215.0
ship 413.0 202.0 428.0 209.0
ship 414.0 213.0 430.0 220.0
ship 414.0 222.0 431.0 228.0
ship 443.0 221.0 461.0 228.0
ship 443.0 231.0 459.0 237.0
ship 442.0 239.0 457.0 246.0
ship 413.0 229.0 432.0 236.0
ship 415.0 239.0 432.0 245.0
ship 299.0 368.0 323.0 378.0
ship 325.0 369.0 348.0 378.0
ship 305.0 379.0 325.0 388.0
ship 360.0 368.0 382.0 377.0
ship 361.0 379.0 379.0 386.0
ship 361.0 422.0 381.0 430.0
ship 358.0 520.0 382.0 530.0
ship 362.0 554.0 380.0 561.0
ship 501.0 181.0 515.0 187.0
ship 495.0 188.0 516.0 195.0
ship 522.0 191.0 540.0 197.0
ship 522.0 200.0 543.0 207.0
ship 523.0 207.0 540.0 214.0
ship 590.0 203.0 607.0 210.0
ship 524.0 220.0 540.0 226.0
ship 524.0 229.0 550.0 238.0
ship 590.0 234.0 613.0 241.0
ship 594.0 245.0 611.0 251.0
ship 525.0 254.0 541.0 261.0
ship 524.0 263.0 541.0 274.0
ship 595.0 256.0 613.0 264.0
ship 593.0 271.0 618.0 282.0
ship 528.0 282.0 553.0 295.0
ship 600.0 284.0 615.0 289.0
ship 599.0 291.0 618.0 298.0
ship 602.0 299.0 620.0 306.0
ship 604.0 307.0 623.0 315.0
ship 598.0 335.0 627.0 345.0
ship 688.0 206.0 712.0 214.0
ship 684.0 219.0 711.0 226.0
ship 688.0 228.0 713.0 236.0
ship 676.0 242.0 688.0 256.0
ship 687.0 242.0 697.0 256.0
ship 698.0 241.0 709.0 256.0
ship 708.0 245.0 717.0 261.0
ship 712.0 272.0 721.0 286.0
ship 705.0 278.0 717.0 291.0
ship 695.0 278.0 707.0 293.0
ship 678.0 282.0 688.0 295.0
ship 678.0 296.0 695.0 305.0
ship 700.0 295.0 722.0 305.0
ship 707.0 316.0 720.0 331.0
ship 697.0 317.0 709.0 331.0
ship 678.0 322.0 690.0 335.0
ship 683.0 337.0 696.0 343.0
ship 720.0 360.0 730.0 374.0
ship 713.0 365.0 725.0 378.0
ship 701.0 365.0 712.0 378.0
ship 709.0 382.0 730.0 388.0
ship 716.0 396.0 733.0 402.0
ship 719.0 406.0 735.0 414.0
ship 720.0 450.0 737.0 457.0
ship 704.0 491.0 717.0 496.0
ship 738.0 611.0 753.0 619.0
ship 736.0 630.0 755.0 637.0
harbor 44.0 155.0 111.0 667.0
harbor 131.0 157.0 195.0 600.0
harbor 218.0 157.0 288.0 668.0
harbor 292.0 152.0 407.0 661.0
harbor 402.0 163.0 483.0 663.0
harbor 490.0 168.0 566.0 671.0
harbor 580.0 174.0 708.0 725.0
harbor 671.0 179.0 775.0 711.0
