tenniscourt 653.0 159.0 681.0 211.0
tenniscourt 618.0 161.0 646.0 215.0
tenniscourt 666.0 234.0 699.0 287.0
tenniscourt 629.0 236.0 662.0 288.0
vehicle 502.0 308.0 514.0 313.0
vehicle 388.0 417.0 402.0 422.0
vehicle 490.0 321.0 502.0 325.0
vehicle 252.0 254.0 264.0 259.0
vehicle 250.0 233.0 264.0 239.0
vehicle 174.0 279.0 186.0 284.0
vehicle 739.0 433.0 744.0 445.0
vehicle 742.0 470.0 748.0 482.0
vehicle 743.0 487.0 749.0 497.0
vehicle 757.0 499.0 763.0 509.0
vehicle 762.0 560.0 767.0 570.0
vehicle 695.0 586.0 704.0 599.0
vehicle 714.0 675.0 720.0 685.0
vehicle 706.0 675.0 714.0 684.0
vehicle 699.0 675.0 706.0 685.0
vehicle 694.0 675.0 699.0 682.0
vehicle 576.0 680.0 583.0 691.0
vehicle 623.0 612.0 636.0 617.0
vehicle 712.0 607.0 723.0 612.0
vehicle 532.0 617.0 541.0 621.0
vehicle 264.0 627.0 274.0 632.0
vehicle 159.0 632.0 171.0 637.0
vehicle 64.0 636.0 76.0 642.0
vehicle 95.0 482.0 100.0 490.0
vehicle 97.0 518.0 102.0 527.0
vehicle 115.0 521.0 121.0 532.0
vehicle 428.0 415.0 433.0 426.0
vehicle 82.0 101.0 88.0 112.0
vehicle 66.0 101.0 71.0 110.0
vehicle 88.0 163.0 94.0 173.0
vehicle 30.0 244.0 40.0 248.0
vehicle 8.0 265.0 19.0 270.0
vehicle 104.0 372.0 110.0 383.0
vehicle 106.0 401.0 111.0 411.0
vehicle 107.0 412.0 112.0 420.0
vehicle 110.0 444.0 115.0 451.0
vehicle 152.0 259.0 162.0 264.0
vehicle 168.0 258.0 178.0 263.0
vehicle 181.0 258.0 191.0 263.0
vehicle 217.0 255.0 231.0 260.0
vehicle 186.0 685.0 221.0 694.0
vehicle 179.0 728.0 196.0 734.0
vehicle 21.0 705.0 28.0 718.0
vehicle 15.0 706.0 23.0 717.0
vehicle 9.0 705.0 15.0 718.0
vehicle 403.0 110.0 408.0 121.0
vehicle 402.0 97.0 408.0 109.0
vehicle 384.0 28.0 391.0 38.0
vehicle 614.0 136.0 628.0 143.0
vehicle 710.0 64.0 717.0 72.0
vehicle 667.0 134.0 677.0 138.0
