storagetank 636.0 8.0 656.0 29.0
storagetank 648.0 41.0 667.0 62.0
storagetank 660.0 72.0 680.0 94.0
storagetank 676.0 103.0 693.0 124.0
storagetank 705.0 150.0 726.0 172.0
storagetank 674.0 160.0 696.0 183.0
storagetank 719.0 190.0 742.0 213.0
storagetank 691.0 200.0 712.0 224.0
airplane 247.0 149.0 284.0 186.0
airplane 56.0 321.0 79.0 344.0
airplane 5.0 340.0 38.0 378.0
airplane 582.0 577.0 619.0 607.0
airplane 571.0 690.0 616.0 731.0
airplane 480.0 767.0 503.0 790.0
airplane 650.0 730.0 678.0 754.0
airplane 589.0 777.0 617.0 799.0
airplane 752.0 725.0 777.0 754.0
vehicle 755.0 100.0 760.0 109.0
vehicle 741.0 134.0 747.0 143.0
vehicle 759.0 110.0 766.0 117.0
vehicle 770.0 124.0 773.0 129.0
vehicle 744.0 154.0 754.0 160.0
vehicle 748.0 163.0 756.0 167.0
vehicle 752.0 174.0 761.0 180.0
vehicle 753.0 178.0 762.0 183.0
vehicle 755.0 182.0 764.0 188.0
vehicle 756.0 187.0 766.0 192.0
vehicle 759.0 192.0 766.0 197.0
vehicle 760.0 194.0 769.0 200.0
vehicle 761.0 197.0 768.0 203.0
vehicle 764.0 198.0 772.0 205.0
vehicle 699.0 22.0 705.0 32.0
vehicle 712.0 33.0 717.0 43.0
vehicle 703.0 33.0 708.0 42.0
vehicle 554.0 189.0 563.0 196.0
vehicle 476.0 257.0 483.0 262.0
vehicle 508.0 225.0 512.0 229.0
vehicle 524.0 269.0 528.0 273.0
vehicle 476.0 175.0 481.0 179.0
vehicle 519.0 145.0 525.0 150.0
vehicle 502.0 157.0 509.0 163.0
vehicle 495.0 181.0 500.0 186.0
vehicle 535.0 157.0 541.0 162.0
vehicle 552.0 147.0 560.0 153.0
vehicle 512.0 153.0 516.0 157.0
vehicle 536.0 138.0 544.0 144.0
vehicle 528.0 145.0 534.0 150.0
vehicle 521.0 150.0 528.0 155.0
vehicle 461.0 193.0 466.0 199.0
vehicle 481.0 184.0 485.0 188.0
vehicle 491.0 177.0 495.0 180.0
vehicle 486.0 181.0 490.0 185.0
vehicle 446.0 228.0 456.0 237.0
vehicle 449.0 226.0 456.0 233.0
vehicle 451.0 224.0 461.0 233.0
vehicle 460.0 218.0 468.0 225.0
vehicle 459.0 252.0 466.0 259.0
vehicle 449.0 259.0 455.0 266.0
vehicle 445.0 262.0 451.0 269.0
vehicle 445.0 279.0 448.0 282.0
vehicle 393.0 256.0 400.0 262.0
vehicle 391.0 277.0 397.0 282.0
vehicle 315.0 313.0 322.0 319.0
vehicle 407.0 259.0 412.0 264.0
vehicle 402.0 249.0 408.0 255.0
vehicle 379.0 247.0 384.0 252.0
vehicle 377.0 250.0 381.0 254.0
vehicle 369.0 262.0 375.0 266.0
vehicle 401.0 260.0 408.0 266.0
vehicle 364.0 275.0 370.0 280.0
vehicle 380.0 270.0 385.0 274.0
vehicle 377.0 272.0 382.0 277.0
vehicle 375.0 274.0 379.0 278.0
vehicle 293.0 315.0 301.0 322.0
vehicle 272.0 332.0 277.0 338.0
vehicle 277.0 329.0 282.0 336.0
vehicle 301.0 310.0 307.0 316.0
vehicle 245.0 356.0 251.0 362.0
vehicle 255.0 351.0 259.0 356.0
vehicle 277.0 345.0 283.0 350.0
vehicle 290.0 322.0 293.0 326.0
vehicle 298.0 312.0 304.0 319.0
vehicle 259.0 360.0 264.0 364.0
vehicle 266.0 353.0 273.0 358.0
vehicle 270.0 355.0 276.0 360.0
vehicle 297.0 321.0 301.0 326.0
vehicle 376.0 289.0 382.0 295.0
vehicle 384.0 414.0 388.0 419.0
vehicle 436.0 383.0 445.0 391.0
vehicle 407.0 397.0 412.0 402.0
vehicle 390.0 409.0 395.0 415.0
vehicle 387.0 411.0 393.0 416.0
vehicle 396.0 414.0 401.0 420.0
vehicle 393.0 416.0 398.0 421.0
vehicle 387.0 420.0 393.0 425.0
vehicle 378.0 418.0 384.0 425.0
vehicle 375.0 422.0 380.0 426.0
vehicle 301.0 491.0 310.0 498.0
vehicle 195.0 636.0 200.0 640.0
vehicle 210.0 653.0 215.0 657.0
vehicle 211.0 656.0 220.0 663.0
vehicle 315.0 621.0 319.0 625.0
vehicle 281.0 677.0 291.0 682.0
vehicle 267.0 688.0 277.0 695.0
vehicle 388.0 482.0 396.0 489.0
vehicle 392.0 490.0 395.0 497.0
vehicle 400.0 498.0 406.0 504.0
vehicle 392.0 502.0 398.0 508.0
vehicle 397.0 506.0 401.0 511.0
vehicle 397.0 508.0 404.0 513.0
vehicle 97.0 644.0 104.0 652.0
vehicle 92.0 533.0 102.0 537.0
vehicle 99.0 537.0 111.0 543.0
vehicle 139.0 465.0 146.0 471.0
vehicle 112.0 487.0 121.0 494.0
vehicle 161.0 452.0 169.0 460.0
vehicle 227.0 458.0 232.0 463.0
vehicle 167.0 429.0 171.0 434.0
vehicle 171.0 425.0 177.0 432.0
vehicle 175.0 423.0 180.0 428.0
vehicle 191.0 411.0 195.0 416.0
vehicle 219.0 398.0 225.0 406.0
vehicle 194.0 430.0 201.0 436.0
vehicle 179.0 438.0 184.0 443.0
vehicle 171.0 464.0 177.0 469.0
vehicle 124.0 524.0 129.0 528.0
vehicle 183.0 433.0 187.0 438.0
vehicle 87.0 325.0 93.0 330.0
