ship 609.0 474.0 637.0 503.0
ship 665.0 422.0 684.0 450.0
ship 301.0 396.0 321.0 420.0
ship 335.0 468.0 361.0 498.0
ship 625.0 672.0 646.0 695.0
ship 505.0 648.0 536.0 679.0
ship 612.0 715.0 635.0 736.0
ship 505.0 385.0 528.0 410.0
ship 465.0 306.0 478.0 327.0
ship 674.0 621.0 694.0 645.0
ship 298.0 332.0 321.0 352.0
ship 549.0 611.0 562.0 631.0
ship 474.0 407.0 495.0 426.0
ship 374.0 297.0 389.0 308.0
ship 271.0 11.0 291.0 24.0
ship 327.0 170.0 343.0 199.0
ship 389.0 413.0 410.0 431.0
ship 277.0 382.0 289.0 400.0
vehicle 402.0 11.0 424.0 25.0
vehicle 505.0 65.0 516.0 81.0
vehicle 526.0 53.0 535.0 72.0
vehicle 559.0 38.0 571.0 60.0
vehicle 592.0 30.0 604.0 47.0
vehicle 520.0 84.0 539.0 98.0
vehicle 598.0 63.0 616.0 78.0
vehicle 645.0 46.0 655.0 63.0
vehicle 487.0 147.0 508.0 165.0
vehicle 578.0 120.0 601.0 134.0
vehicle 586.0 146.0 610.0 161.0
vehicle 508.0 188.0 533.0 207.0
vehicle 552.0 205.0 572.0 219.0
ship 340.0 170.0 359.0 196.0
harbor 579.0 615.0 711.0 757.0
harbor 465.0 417.0 693.0 684.0
harbor 332.0 325.0 638.0 553.0
harbor 271.0 262.0 460.0 425.0
harbor 203.0 141.0 432.0 307.0
harbor 248.0 1.0 380.0 77.0
