storagetank 70.0 485.0 86.0 501.0
storagetank 47.0 496.0 68.0 515.0
storagetank 74.0 503.0 89.0 517.0
storagetank 3.0 493.0 31.0 520.0
storagetank 533.0 710.0 539.0 717.0
storagetank 532.0 719.0 538.0 725.0
storagetank 577.0 718.0 583.0 724.0
storagetank 576.0 727.0 582.0 733.0
storagetank 604.0 596.0 656.0 650.0
storagetank 557.0 627.0 568.0 639.0
storagetank 573.0 629.0 585.0 641.0
storagetank 556.0 569.0 587.0 603.0
storagetank 501.0 561.0 534.0 594.0
storagetank 522.0 515.0 534.0 527.0
storagetank 620.0 528.0 661.0 570.0
storagetank 585.0 558.0 590.0 563.0
storagetank 592.0 559.0 599.0 565.0
storagetank 599.0 528.0 605.0 534.0
storagetank 599.0 534.0 605.0 539.0
storagetank 599.0 540.0 604.0 545.0
storagetank 597.0 546.0 602.0 551.0
storagetank 716.0 530.0 723.0 538.0
storagetank 713.0 540.0 720.0 549.0
storagetank 712.0 551.0 719.0 560.0
storagetank 727.0 533.0 736.0 542.0
storagetank 735.0 541.0 743.0 549.0
storagetank 671.0 326.0 681.0 336.0
storagetank 670.0 335.0 679.0 345.0
storagetank 666.0 360.0 676.0 369.0
storagetank 664.0 370.0 674.0 378.0
storagetank 694.0 72.0 723.0 99.0
storagetank 634.0 90.0 669.0 121.0
storagetank 715.0 110.0 726.0 121.0
storagetank 619.0 162.0 637.0 178.0
storagetank 639.0 165.0 656.0 181.0
storagetank 617.0 180.0 634.0 194.0
storagetank 636.0 183.0 651.0 197.0
chimney 589.0 163.0 629.0 185.0
chimney 608.0 63.0 640.0 72.0
chimney 563.0 321.0 600.0 359.0
chimney 491.0 753.0 518.0 778.0
chimney 698.0 694.0 704.0 707.0
chimney 707.0 720.0 713.0 732.0
chimney 703.0 741.0 710.0 755.0
chimney 679.0 761.0 685.0 774.0
chimney 677.0 780.0 681.0 792.0
chimney 726.0 557.0 729.0 561.0
chimney 724.0 566.0 728.0 571.0
chimney 722.0 574.0 727.0 579.0
chimney 722.0 582.0 726.0 588.0
chimney 720.0 592.0 725.0 598.0
chimney 713.0 632.0 720.0 639.0
bridge 109.0 494.0 157.0 509.0
ship 100.0 40.0 140.0 240.0
