storagetank 368.0 413.0 392.0 436.0
storagetank 401.0 413.0 423.0 435.0
storagetank 370.0 445.0 389.0 468.0
storagetank 401.0 445.0 423.0 466.0
storagetank 369.0 478.0 389.0 499.0
storagetank 399.0 479.0 422.0 498.0
storagetank 370.0 511.0 391.0 533.0
storagetank 399.0 508.0 425.0 533.0
storagetank 369.0 537.0 392.0 560.0
storagetank 402.0 538.0 423.0 561.0
storagetank 370.0 567.0 392.0 589.0
storagetank 401.0 566.0 425.0 589.0
storagetank 370.0 594.0 392.0 618.0
storagetank 402.0 594.0 425.0 617.0
storagetank 370.0 623.0 393.0 646.0
storagetank 401.0 624.0 423.0 647.0
storagetank 779.0 353.0 796.0 374.0
storagetank 743.0 358.0 760.0 373.0
storagetank 761.0 377.0 781.0 397.0
storagetank 780.0 394.0 796.0 412.0
storagetank 689.0 404.0 712.0 428.0
storagetank 656.0 437.0 680.0 460.0
storagetank 722.0 439.0 746.0 463.0
storagetank 752.0 468.0 776.0 493.0
storagetank 690.0 468.0 715.0 495.0
storagetank 719.0 498.0 748.0 527.0
storagetank 785.0 498.0 800.0 524.0
storagetank 752.0 531.0 779.0 556.0
bridge 667.0 154.0 701.0 212.0
bridge 696.0 168.0 719.0 206.0
harbor 145.0 149.0 298.0 252.0
harbor 155.0 358.0 287.0 637.0
ship 133.0 150.0 153.0 211.0
ship 16.0 191.0 28.0 248.0
ship 142.0 412.0 158.0 465.0
ship 142.0 545.0 159.0 626.0
ship 533.0 733.0 543.0 760.0
ship 542.0 736.0 551.0 761.0
ship 551.0 733.0 561.0 762.0
ship 560.0 736.0 570.0 763.0
ship 569.0 736.0 579.0 763.0
ship 528.0 761.0 557.0 770.0
ship 528.0 768.0 556.0 779.0
ship 521.0 780.0 530.0 800.0
ship 531.0 780.0 540.0 800.0
ship 541.0 782.0 550.0 800.0
