harbor 357.0 453.0 441.0 601.0
harbor 351.0 637.0 447.0 692.0
ship 588.0 505.0 632.0 523.0
ship 565.0 335.0 630.0 356.0
ship 427.0 246.0 448.0 308.0
ship 514.0 205.0 548.0 269.0
ship 581.0 263.0 642.0 284.0
ship 182.0 726.0 228.0 756.0
vehicle 134.0 651.0 168.0 667.0
vehicle 174.0 649.0 204.0 663.0
vehicle 162.0 675.0 195.0 689.0
vehicle 139.0 691.0 166.0 723.0
vehicle 79.0 471.0 91.0 508.0
vehicle 155.0 382.0 184.0 393.0
vehicle 119.0 293.0 132.0 323.0
vehicle 68.0 159.0 84.0 191.0
vehicle 117.0 177.0 128.0 208.0
vehicle 253.0 76.0 267.0 93.0
vehicle 16.0 8.0 38.0 35.0
vehicle 757.0 195.0 769.0 226.0
vehicle 757.0 230.0 770.0 264.0
vehicle 708.0 89.0 722.0 120.0
vehicle 754.0 52.0 766.0 83.0
vehicle 657.0 27.0 686.0 41.0
vehicle 764.0 582.0 777.0 618.0
vehicle 8.0 225.0 39.0 248.0
vehicle 150.0 318.0 183.0 343.0
vehicle 186.0 300.0 225.0 327.0
ship 363.0 480.0 421.0 499.0
ship 362.0 507.0 404.0 524.0
ship 367.0 529.0 425.0 550.0
ship 363.0 554.0 439.0 577.0
ship 365.0 579.0 438.0 601.0
ship 363.0 633.0 448.0 664.0
ship 351.0 672.0 398.0 692.0
ship 52.0 756.0 77.0 790.0
ship 194.0 312.0 233.0 337.0
ship 240.0 294.0 279.0 322.0
