harbor 516.0 249.0 547.0 305.0
harbor 567.0 210.0 602.0 259.0
ship 574.0 209.0 594.0 226.0
ship 626.0 178.0 652.0 196.0
ship 168.0 202.0 185.0 215.0
ship 216.0 188.0 236.0 202.0
ship 219.0 403.0 260.0 432.0
ship 311.0 368.0 345.0 392.0
ship 19.0 350.0 37.0 364.0
ship 379.0 35.0 394.0 49.0
ship 426.0 21.0 464.0 53.0
storagetank 608.0 507.0 617.0 518.0
storagetank 597.0 516.0 605.0 527.0
storagetank 614.0 518.0 623.0 528.0
storagetank 604.0 526.0 613.0 536.0
storagetank 624.0 531.0 633.0 542.0
storagetank 613.0 540.0 623.0 550.0
storagetank 632.0 542.0 639.0 554.0
storagetank 621.0 550.0 631.0 561.0
storagetank 628.0 560.0 637.0 573.0
storagetank 639.0 552.0 647.0 564.0
storagetank 671.0 435.0 677.0 442.0
storagetank 680.0 430.0 685.0 436.0
storagetank 684.0 435.0 690.0 442.0
storagetank 690.0 442.0 696.0 451.0
storagetank 676.0 441.0 682.0 449.0
storagetank 681.0 449.0 686.0 459.0
storagetank 688.0 461.0 695.0 469.0
storagetank 693.0 466.0 700.0 475.0
storagetank 700.0 475.0 705.0 483.0
storagetank 704.0 484.0 712.0 493.0
storagetank 698.0 454.0 703.0 460.0
storagetank 703.0 463.0 709.0 470.0
storagetank 708.0 470.0 715.0 476.0
storagetank 713.0 478.0 720.0 487.0
storagetank 709.0 521.0 717.0 531.0
storagetank 718.0 512.0 727.0 526.0
storagetank 727.0 526.0 736.0 536.0
storagetank 719.0 537.0 724.0 543.0
storagetank 725.0 506.0 737.0 518.0
storagetank 736.0 518.0 746.0 532.0
storagetank 738.0 495.0 751.0 508.0
storagetank 748.0 508.0 760.0 523.0
storagetank 752.0 484.0 763.0 499.0
storagetank 761.0 499.0 773.0 513.0
storagetank 699.0 422.0 709.0 432.0
storagetank 709.0 413.0 720.0 426.0
storagetank 705.0 432.0 717.0 445.0
storagetank 717.0 425.0 727.0 436.0
storagetank 713.0 442.0 723.0 455.0
storagetank 724.0 435.0 734.0 447.0
storagetank 732.0 445.0 742.0 458.0
storagetank 720.0 452.0 730.0 465.0
storagetank 728.0 464.0 738.0 478.0
storagetank 739.0 456.0 748.0 468.0
storagetank 738.0 387.0 749.0 401.0
storagetank 725.0 396.0 737.0 408.0
storagetank 734.0 407.0 746.0 421.0
storagetank 747.0 398.0 757.0 412.0
storagetank 755.0 409.0 766.0 425.0
storagetank 742.0 420.0 753.0 432.0
storagetank 749.0 431.0 762.0 444.0
storagetank 762.0 422.0 773.0 436.0
storagetank 758.0 442.0 770.0 455.0
storagetank 770.0 433.0 782.0 447.0
