bridge 230.0 1.0 421.0 800.0
vehicle 357.0 765.0 365.0 782.0
vehicle 267.0 755.0 277.0 777.0
vehicle 307.0 687.0 317.0 705.0
vehicle 364.0 699.0 374.0 716.0
vehicle 280.0 605.0 289.0 623.0
vehicle 346.0 499.0 357.0 514.0
vehicle 285.0 393.0 301.0 456.0
vehicle 266.0 388.0 274.0 405.0
vehicle 288.0 338.0 296.0 356.0
vehicle 343.0 355.0 351.0 370.0
vehicle 376.0 322.0 384.0 337.0
vehicle 337.0 270.0 345.0 285.0
vehicle 349.0 260.0 357.0 275.0
vehicle 286.0 250.0 294.0 267.0
vehicle 299.0 292.0 305.0 304.0
vehicle 268.0 219.0 281.0 279.0
vehicle 258.0 204.0 265.0 216.0
vehicle 334.0 149.0 343.0 163.0
vehicle 281.0 154.0 288.0 166.0
vehicle 290.0 123.0 300.0 138.0
vehicle 355.0 88.0 363.0 100.0
vehicle 256.0 86.0 264.0 99.0
vehicle 265.0 61.0 276.0 77.0
vehicle 279.0 39.0 286.0 53.0
vehicle 289.0 44.0 299.0 60.0
vehicle 254.0 1.0 260.0 8.0
vehicle 559.0 20.0 574.0 27.0
vehicle 538.0 31.0 547.0 50.0
dam 60.0 18.0 231.0 686.0
ship 745.0 85.0 800.0 120.0
