airplane 389.0 124.0 440.0 160.0
airplane 361.0 156.0 406.0 195.0
airplane 421.0 156.0 466.0 188.0
airplane 450.0 129.0 490.0 156.0
airplane 480.0 153.0 530.0 193.0
airplane 539.0 149.0 589.0 187.0
airplane 570.0 110.0 621.0 156.0
airplane 598.0 148.0 649.0 186.0
airplane 362.0 311.0 411.0 347.0
airplane 420.0 307.0 476.0 348.0
airplane 482.0 308.0 532.0 346.0
airplane 570.0 275.0 625.0 312.0
airplane 607.0 365.0 655.0 404.0
airplane 365.0 466.0 420.0 506.0
airplane 428.0 463.0 477.0 502.0
airplane 486.0 463.0 541.0 502.0
airplane 547.0 461.0 602.0 500.0
airplane 609.0 457.0 659.0 498.0
airplane 614.0 617.0 665.0 658.0
vehicle 718.0 689.0 729.0 713.0
vehicle 734.0 690.0 744.0 712.0
vehicle 733.0 753.0 743.0 776.0
