airplane 87.0 34.0 122.0 84.0
airplane 96.0 110.0 124.0 154.0
airplane 177.0 24.0 211.0 76.0
airplane 180.0 83.0 212.0 125.0
airplane 181.0 134.0 215.0 182.0
airplane 180.0 195.0 213.0 242.0
airplane 133.0 360.0 175.0 392.0
airplane 46.0 400.0 76.0 442.0
airplane 43.0 446.0 77.0 493.0
airplane 48.0 496.0 87.0 543.0
airplane 141.0 398.0 174.0 443.0
airplane 139.0 447.0 174.0 496.0
airplane 139.0 502.0 169.0 545.0
airplane 180.0 395.0 214.0 441.0
airplane 183.0 447.0 214.0 492.0
airplane 180.0 498.0 215.0 546.0
airplane 321.0 350.0 358.0 393.0
airplane 426.0 309.0 461.0 352.0
airplane 432.0 391.0 466.0 429.0
airplane 324.0 428.0 358.0 476.0
airplane 432.0 468.0 464.0 510.0
airplane 365.0 516.0 394.0 548.0
airplane 429.0 549.0 464.0 588.0
airplane 277.0 608.0 307.0 649.0
airplane 368.0 587.0 400.0 634.0
airplane 432.0 627.0 464.0 671.0
airplane 144.0 553.0 176.0 599.0
airplane 181.0 551.0 216.0 598.0
airplane 50.0 549.0 87.0 590.0
airplane 52.0 597.0 85.0 643.0
airplane 51.0 647.0 85.0 694.0
airplane 209.0 680.0 240.0 724.0
airplane 436.0 704.0 473.0 749.0
airplane 491.0 40.0 534.0 77.0
airplane 538.0 38.0 585.0 69.0
airplane 645.0 36.0 688.0 67.0
airplane 731.0 199.0 769.0 248.0
airplane 668.0 281.0 715.0 307.0
airplane 542.0 551.0 573.0 591.0
airplane 542.0 597.0 577.0 640.0
airplane 574.0 521.0 607.0 564.0
airplane 734.0 454.0 769.0 501.0
airplane 746.0 507.0 793.0 563.0
airplane 757.0 567.0 789.0 616.0
vehicle 707.0 648.0 728.0 656.0
vehicle 708.0 607.0 726.0 616.0
vehicle 763.0 258.0 783.0 267.0
vehicle 760.0 273.0 782.0 283.0
vehicle 597.0 364.0 615.0 372.0
vehicle 597.0 387.0 615.0 395.0
vehicle 596.0 400.0 617.0 408.0
vehicle 321.0 289.0 343.0 299.0
vehicle 8.0 435.0 29.0 448.0
vehicle 4.0 410.0 24.0 420.0
vehicle 4.0 396.0 23.0 405.0
vehicle 9.0 281.0 31.0 296.0
vehicle 1.0 373.0 19.0 385.0
vehicle 117.0 245.0 138.0 255.0
vehicle 165.0 212.0 172.0 230.0
vehicle 219.0 569.0 231.0 593.0
vehicle 626.0 295.0 653.0 307.0
