ship 159.0 20.0 201.0 206.0
ship 29.0 202.0 72.0 385.0
ship 177.0 353.0 203.0 469.0
ship 197.0 524.0 293.0 607.0
ship 322.0 598.0 464.0 655.0
ship 33.0 631.0 77.0 756.0
ship 1.0 428.0 28.0 452.0
harbor 370.0 570.0 425.0 613.0
harbor 231.0 523.0 288.0 570.0
chimney 677.0 370.0 698.0 431.0
storagetank 252.0 8.0 276.0 34.0
storagetank 254.0 38.0 274.0 66.0
storagetank 378.0 136.0 420.0 179.0
storagetank 452.0 144.0 490.0 188.0
storagetank 224.0 219.0 245.0 245.0
storagetank 249.0 221.0 272.0 248.0
storagetank 238.0 268.0 277.0 310.0
storagetank 301.0 274.0 336.0 318.0
storagetank 236.0 321.0 279.0 369.0
storagetank 300.0 336.0 339.0 377.0
storagetank 377.0 203.0 415.0 249.0
storagetank 444.0 214.0 483.0 258.0
storagetank 368.0 283.0 411.0 327.0
storagetank 436.0 291.0 476.0 337.0
storagetank 365.0 342.0 404.0 387.0
storagetank 431.0 350.0 471.0 394.0
storagetank 361.0 415.0 399.0 452.0
storagetank 423.0 421.0 459.0 461.0
storagetank 361.0 475.0 393.0 514.0
storagetank 286.0 476.0 312.0 512.0
storagetank 312.0 498.0 337.0 535.0
storagetank 243.0 394.0 263.0 423.0
storagetank 277.0 398.0 298.0 430.0
storagetank 313.0 401.0 335.0 433.0
storagetank 246.0 430.0 267.0 463.0
storagetank 306.0 436.0 318.0 449.0
storagetank 326.0 436.0 337.0 449.0
storagetank 306.0 452.0 318.0 464.0
storagetank 324.0 455.0 336.0 470.0
storagetank 421.0 479.0 431.0 493.0
storagetank 433.0 478.0 444.0 495.0
storagetank 446.0 479.0 456.0 494.0
storagetank 420.0 495.0 428.0 509.0
storagetank 444.0 495.0 455.0 509.0
storagetank 418.0 512.0 431.0 531.0
storagetank 433.0 506.0 449.0 522.0
storagetank 435.0 555.0 444.0 569.0
storagetank 530.0 214.0 554.0 243.0
storagetank 532.0 186.0 559.0 212.0
storagetank 573.0 29.0 586.0 47.0
storagetank 571.0 47.0 585.0 61.0
storagetank 671.0 56.0 700.0 88.0
storagetank 715.0 58.0 748.0 92.0
storagetank 762.0 61.0 794.0 99.0
storagetank 666.0 104.0 696.0 136.0
storagetank 712.0 101.0 743.0 139.0
storagetank 757.0 109.0 790.0 147.0
storagetank 656.0 162.0 688.0 200.0
storagetank 704.0 171.0 734.0 201.0
storagetank 749.0 173.0 781.0 207.0
storagetank 652.0 211.0 684.0 248.0
storagetank 696.0 219.0 728.0 249.0
storagetank 744.0 220.0 775.0 255.0
storagetank 655.0 292.0 671.0 312.0
storagetank 724.0 345.0 760.0 391.0
