airplane 196.0 525.0 234.0 570.0
airplane 196.0 586.0 231.0 626.0
airplane 259.0 549.0 294.0 589.0
airplane 215.0 467.0 260.0 504.0
airplane 267.0 466.0 314.0 502.0
airplane 322.0 462.0 367.0 499.0
airplane 373.0 462.0 419.0 498.0
airplane 411.0 422.0 459.0 471.0
airplane 362.0 588.0 398.0 633.0
airplane 412.0 368.0 442.0 409.0
airplane 423.0 262.0 452.0 300.0
airplane 428.0 208.0 462.0 247.0
airplane 460.0 165.0 496.0 197.0
airplane 503.0 135.0 534.0 167.0
airplane 614.0 137.0 660.0 184.0
airplane 586.0 204.0 640.0 252.0
airplane 665.0 37.0 695.0 78.0
airplane 663.0 85.0 696.0 120.0
vehicle 688.0 283.0 708.0 291.0
vehicle 693.0 293.0 710.0 301.0
vehicle 690.0 304.0 712.0 311.0
vehicle 691.0 314.0 706.0 320.0
vehicle 689.0 353.0 709.0 361.0
vehicle 690.0 405.0 709.0 413.0
vehicle 694.0 416.0 709.0 423.0
vehicle 695.0 436.0 712.0 443.0
vehicle 695.0 446.0 713.0 454.0
vehicle 694.0 566.0 716.0 575.0
vehicle 698.0 608.0 715.0 615.0
vehicle 694.0 618.0 717.0 627.0
vehicle 124.0 709.0 131.0 724.0
vehicle 133.0 710.0 140.0 725.0
vehicle 152.0 709.0 159.0 724.0
vehicle 164.0 709.0 171.0 725.0
vehicle 173.0 709.0 180.0 723.0
vehicle 182.0 709.0 190.0 724.0
vehicle 193.0 708.0 202.0 727.0
vehicle 87.0 735.0 109.0 744.0
vehicle 90.0 765.0 106.0 772.0
vehicle 170.0 769.0 188.0 776.0
vehicle 170.0 779.0 185.0 786.0
vehicle 214.0 734.0 230.0 740.0
vehicle 213.0 744.0 230.0 750.0
vehicle 216.0 754.0 232.0 761.0
vehicle 216.0 763.0 230.0 771.0
vehicle 217.0 774.0 232.0 781.0
vehicle 216.0 783.0 233.0 790.0
vehicle 216.0 794.0 233.0 800.0
vehicle 90.0 787.0 108.0 794.0
vehicle 204.0 709.0 210.0 724.0
vehicle 692.0 323.0 710.0 330.0
vehicle 728.0 212.0 736.0 234.0
