ship 39.0 52.0 61.0 59.0
ship 94.0 27.0 125.0 34.0
ship 90.0 35.0 125.0 42.0
ship 249.0 215.0 279.0 230.0
ship 269.0 47.0 311.0 58.0
ship 277.0 56.0 315.0 64.0
ship 345.0 51.0 384.0 62.0
ship 632.0 38.0 664.0 62.0
ship 744.0 214.0 772.0 234.0
ship 752.0 224.0 775.0 243.0
ship 728.0 246.0 748.0 264.0
ship 483.0 322.0 527.0 337.0
ship 528.0 308.0 578.0 331.0
ship 417.0 332.0 466.0 348.0
ship 270.0 344.0 296.0 350.0
ship 273.0 353.0 310.0 361.0
storagetank 599.0 521.0 627.0 548.0
storagetank 561.0 523.0 584.0 547.0
