vehicle 355.0 565.0 386.0 592.0
vehicle 390.0 578.0 421.0 601.0
vehicle 431.0 586.0 468.0 611.0
vehicle 330.0 432.0 364.0 456.0
vehicle 508.0 365.0 542.0 398.0
vehicle 644.0 272.0 665.0 292.0
vehicle 299.0 141.0 320.0 165.0
vehicle 325.0 180.0 344.0 202.0
vehicle 292.0 202.0 356.0 240.0
vehicle 268.0 224.0 324.0 255.0
vehicle 255.0 232.0 286.0 256.0
vehicle 232.0 249.0 252.0 265.0
vehicle 215.0 262.0 238.0 282.0
vehicle 344.0 272.0 361.0 285.0
vehicle 298.0 292.0 326.0 324.0
vehicle 236.0 288.0 259.0 351.0
vehicle 279.0 309.0 302.0 329.0
vehicle 264.0 312.0 305.0 339.0
vehicle 261.0 335.0 295.0 359.0
vehicle 275.0 350.0 304.0 369.0
Expressway-Service-area 60.0 14.0 470.0 448.0
Expressway-Service-area 296.0 371.0 639.0 772.0
