airplane 113.0 75.0 173.0 120.0
airplane 177.0 73.0 236.0 117.0
airplane 240.0 73.0 298.0 115.0
airplane 305.0 77.0 364.0 121.0
airplane 179.0 191.0 237.0 234.0
airplane 241.0 189.0 299.0 233.0
airplane 306.0 189.0 364.0 233.0
airplane 53.0 307.0 110.0 350.0
airplane 114.0 308.0 172.0 355.0
airplane 179.0 311.0 236.0 354.0
airplane 248.0 316.0 298.0 351.0
airplane 179.0 434.0 235.0 482.0
airplane 110.0 457.0 160.0 505.0
airplane 246.0 437.0 305.0 480.0
airplane 313.0 438.0 372.0 484.0
airplane 473.0 473.0 551.0 556.0
airplane 507.0 246.0 550.0 309.0
airplane 491.0 326.0 548.0 408.0
airplane 687.0 383.0 774.0 467.0
vehicle 755.0 520.0 793.0 538.0
