harbor 161.0 331.0 374.0 625.0
harbor 392.0 359.0 517.0 681.0
ship 488.0 54.0 550.0 97.0
harbor 628.0 386.0 714.0 676.0
ship 559.0 626.0 629.0 653.0
vehicle 445.0 708.0 462.0 740.0
ship 170.0 331.0 328.0 372.0
ship 164.0 514.0 297.0 556.0
ship 332.0 386.0 369.0 521.0
ship 423.0 443.0 515.0 489.0
ship 414.0 364.0 478.0 384.0
ship 461.0 486.0 509.0 510.0
ship 442.0 415.0 484.0 441.0
ship 449.0 534.0 508.0 561.0
ship 429.0 624.0 507.0 665.0
ship 449.0 589.0 501.0 619.0
ship 626.0 402.0 688.0 423.0
ship 643.0 477.0 690.0 497.0
ship 649.0 505.0 690.0 523.0
ship 643.0 543.0 690.0 563.0
ship 643.0 569.0 691.0 588.0
ship 651.0 642.0 697.0 658.0
