vehicle 279.0 776.0 286.0 788.0
vehicle 221.0 555.0 228.0 566.0
vehicle 529.0 696.0 537.0 706.0
vehicle 646.0 646.0 653.0 685.0
vehicle 688.0 545.0 696.0 549.0
vehicle 608.0 452.0 617.0 467.0
vehicle 182.0 175.0 193.0 180.0
vehicle 400.0 533.0 410.0 540.0
vehicle 473.0 592.0 482.0 597.0
vehicle 160.0 124.0 165.0 133.0
overpass 88.0 79.0 236.0 232.0
overpass 193.0 570.0 270.0 596.0
overpass 616.0 487.0 657.0 659.0
overpass 548.0 153.0 601.0 273.0
overpass 117.0 162.0 206.0 189.0
overpass 562.0 539.0 719.0 601.0
