tenniscourt 567.0 602.0 605.0 670.0
tenniscourt 614.0 604.0 645.0 664.0
tenniscourt 656.0 602.0 689.0 665.0
tenniscourt 700.0 598.0 732.0 658.0
tenniscourt 623.0 688.0 647.0 737.0
tenniscourt 658.0 686.0 686.0 737.0
vehicle 131.0 682.0 144.0 693.0
vehicle 143.0 689.0 152.0 699.0
vehicle 222.0 666.0 233.0 675.0
vehicle 454.0 629.0 464.0 641.0
vehicle 389.0 551.0 397.0 565.0
vehicle 394.0 564.0 402.0 575.0
vehicle 489.0 685.0 503.0 698.0
vehicle 661.0 762.0 666.0 775.0
vehicle 533.0 502.0 541.0 514.0
