tenniscourt 579.0 195.0 656.0 254.0
tenniscourt 595.0 230.0 677.0 290.0
tenniscourt 479.0 244.0 560.0 305.0
tenniscourt 499.0 277.0 577.0 341.0
tenniscourt 379.0 302.0 456.0 370.0
tenniscourt 406.0 338.0 482.0 406.0
vehicle 363.0 379.0 379.0 394.0
vehicle 282.0 445.0 294.0 455.0
tenniscourt 108.0 297.0 196.0 372.0
tenniscourt 88.0 344.0 164.0 404.0
tenniscourt 165.0 344.0 232.0 425.0
vehicle 728.0 147.0 743.0 158.0
vehicle 736.0 163.0 748.0 172.0
vehicle 741.0 180.0 754.0 188.0
vehicle 746.0 193.0 758.0 202.0
vehicle 752.0 209.0 763.0 216.0
vehicle 25.0 391.0 38.0 406.0
vehicle 6.0 374.0 21.0 389.0
vehicle 1.0 369.0 13.0 380.0
