harbor 11.0 145.0 615.0 690.0
harbor 54.0 31.0 124.0 105.0
ship 62.0 162.0 85.0 190.0
ship 86.0 80.0 118.0 107.0
ship 89.0 185.0 112.0 211.0
ship 56.0 218.0 81.0 247.0
ship 129.0 216.0 159.0 244.0
ship 97.0 254.0 123.0 283.0
ship 124.0 281.0 153.0 316.0
ship 144.0 297.0 163.0 321.0
ship 177.0 260.0 203.0 282.0
ship 207.0 285.0 236.0 315.0
ship 195.0 336.0 215.0 359.0
ship 250.0 326.0 277.0 349.0
ship 275.0 331.0 307.0 367.0
ship 319.0 378.0 345.0 407.0
ship 314.0 447.0 341.0 484.0
ship 367.0 497.0 392.0 526.0
ship 371.0 507.0 413.0 551.0
ship 395.0 526.0 429.0 560.0
ship 453.0 492.0 489.0 535.0
ship 431.0 559.0 468.0 591.0
ship 511.0 543.0 549.0 584.0
ship 554.0 563.0 597.0 614.0
ship 494.0 623.0 540.0 676.0
