harbor 88.0 463.0 331.0 767.0
harbor 11.0 360.0 251.0 574.0
harbor 31.0 220.0 298.0 356.0
harbor 260.0 9.0 380.0 285.0
harbor 409.0 34.0 518.0 341.0
harbor 520.0 49.0 615.0 371.0
harbor 624.0 57.0 709.0 383.0
harbor 719.0 44.0 777.0 337.0
vehicle 324.0 299.0 332.0 317.0
vehicle 406.0 341.0 415.0 363.0
vehicle 520.0 383.0 532.0 406.0
vehicle 321.0 377.0 340.0 392.0
vehicle 301.0 428.0 318.0 442.0
vehicle 389.0 421.0 405.0 434.0
vehicle 450.0 411.0 463.0 427.0
vehicle 463.0 481.0 472.0 499.0
vehicle 465.0 566.0 484.0 575.0
vehicle 376.0 765.0 394.0 773.0
vehicle 374.0 763.0 392.0 771.0
ship 662.0 306.0 683.0 317.0
ship 665.0 263.0 690.0 274.0
ship 748.0 44.0 772.0 55.0
ship 750.0 56.0 768.0 66.0
ship 745.0 69.0 769.0 80.0
ship 748.0 81.0 767.0 91.0
ship 745.0 107.0 767.0 119.0
ship 740.0 146.0 764.0 156.0
ship 742.0 157.0 762.0 168.0
ship 738.0 181.0 762.0 192.0
ship 733.0 191.0 758.0 202.0
ship 737.0 204.0 757.0 213.0
ship 737.0 241.0 754.0 251.0
ship 734.0 272.0 752.0 282.0
ship 731.0 303.0 751.0 314.0
ship 731.0 327.0 749.0 336.0
ship 625.0 356.0 650.0 368.0
ship 625.0 340.0 650.0 353.0
ship 625.0 329.0 651.0 340.0
ship 626.0 313.0 653.0 325.0
ship 631.0 301.0 655.0 313.0
ship 626.0 287.0 656.0 299.0
ship 632.0 258.0 659.0 269.0
ship 635.0 245.0 659.0 256.0
ship 639.0 231.0 663.0 241.0
ship 668.0 221.0 691.0 232.0
ship 671.0 206.0 695.0 218.0
ship 637.0 203.0 663.0 215.0
ship 672.0 194.0 696.0 204.0
ship 639.0 176.0 667.0 186.0
ship 582.0 166.0 605.0 178.0
ship 579.0 181.0 606.0 191.0
ship 576.0 194.0 607.0 208.0
ship 540.0 176.0 568.0 188.0
ship 539.0 190.0 563.0 201.0
ship 535.0 205.0 564.0 216.0
ship 533.0 218.0 564.0 231.0
ship 573.0 236.0 601.0 248.0
ship 536.0 232.0 564.0 245.0
ship 571.0 248.0 596.0 263.0
ship 531.0 285.0 558.0 301.0
ship 566.0 291.0 589.0 304.0
ship 563.0 304.0 588.0 316.0
ship 561.0 318.0 587.0 331.0
ship 560.0 333.0 585.0 344.0
ship 521.0 330.0 551.0 342.0
ship 530.0 344.0 552.0 358.0
ship 543.0 135.0 567.0 147.0
ship 539.0 161.0 569.0 174.0
ship 578.0 153.0 602.0 164.0
ship 544.0 122.0 572.0 134.0
ship 577.0 138.0 610.0 150.0
ship 643.0 162.0 669.0 174.0
ship 676.0 150.0 700.0 164.0
ship 677.0 138.0 704.0 150.0
ship 580.0 125.0 609.0 136.0
ship 541.0 107.0 571.0 119.0
ship 549.0 94.0 574.0 105.0
ship 584.0 110.0 613.0 123.0
ship 586.0 97.0 613.0 108.0
ship 550.0 65.0 575.0 77.0
ship 591.0 68.0 620.0 82.0
ship 590.0 55.0 619.0 67.0
ship 655.0 64.0 678.0 77.0
ship 686.0 67.0 706.0 76.0
ship 682.0 83.0 706.0 94.0
ship 655.0 80.0 677.0 91.0
ship 649.0 91.0 671.0 101.0
ship 682.0 95.0 709.0 108.0
ship 648.0 105.0 673.0 118.0
ship 648.0 120.0 673.0 132.0
ship 648.0 135.0 671.0 146.0
ship 277.0 233.0 304.0 246.0
ship 284.0 220.0 308.0 232.0
ship 319.0 215.0 358.0 232.0
ship 315.0 233.0 353.0 247.0
ship 278.0 193.0 306.0 204.0
ship 322.0 182.0 365.0 199.0
ship 410.0 277.0 447.0 294.0
ship 412.0 296.0 447.0 311.0
ship 459.0 300.0 491.0 315.0
ship 459.0 287.0 489.0 299.0
ship 465.0 273.0 493.0 286.0
ship 409.0 227.0 451.0 244.0
ship 466.0 243.0 497.0 257.0
ship 469.0 227.0 499.0 240.0
ship 415.0 211.0 454.0 225.0
ship 466.0 213.0 502.0 226.0
ship 472.0 199.0 504.0 213.0
ship 416.0 192.0 457.0 209.0
ship 469.0 185.0 502.0 197.0
ship 255.0 149.0 312.0 167.0
ship 321.0 166.0 364.0 182.0
ship 323.0 147.0 367.0 164.0
ship 419.0 177.0 457.0 192.0
ship 419.0 159.0 459.0 175.0
ship 471.0 170.0 502.0 180.0
ship 473.0 154.0 504.0 168.0
ship 266.0 131.0 313.0 149.0
ship 269.0 114.0 315.0 131.0
ship 260.0 91.0 317.0 113.0
ship 325.0 128.0 370.0 145.0
ship 260.0 73.0 319.0 92.0
ship 328.0 95.0 373.0 109.0
ship 330.0 75.0 377.0 93.0
ship 332.0 57.0 380.0 74.0
ship 274.0 54.0 321.0 72.0
ship 271.0 34.0 323.0 53.0
ship 335.0 39.0 374.0 55.0
ship 431.0 40.0 469.0 59.0
ship 428.0 59.0 469.0 76.0
ship 427.0 92.0 464.0 106.0
ship 429.0 108.0 464.0 121.0
ship 425.0 123.0 462.0 139.0
ship 421.0 140.0 461.0 156.0
ship 475.0 139.0 506.0 153.0
ship 477.0 94.0 511.0 108.0
ship 479.0 79.0 512.0 92.0
ship 480.0 61.0 517.0 74.0
ship 481.0 47.0 517.0 58.0
ship 268.0 12.0 324.0 33.0
ship 335.0 21.0 376.0 37.0
ship 38.0 263.0 86.0 303.0
ship 41.0 316.0 74.0 356.0
ship 55.0 307.0 86.0 345.0
ship 68.0 297.0 102.0 338.0
ship 108.0 262.0 139.0 301.0
ship 120.0 253.0 155.0 294.0
ship 138.0 245.0 165.0 277.0
ship 155.0 239.0 177.0 258.0
ship 182.0 209.0 204.0 237.0
ship 189.0 216.0 213.0 249.0
ship 202.0 227.0 224.0 256.0
ship 213.0 238.0 233.0 262.0
ship 222.0 245.0 243.0 271.0
ship 233.0 256.0 252.0 280.0
ship 248.0 261.0 265.0 285.0
ship 218.0 290.0 247.0 313.0
ship 195.0 318.0 229.0 344.0
ship 189.0 341.0 216.0 369.0
ship 177.0 348.0 203.0 381.0
ship 168.0 360.0 192.0 389.0
ship 153.0 369.0 182.0 403.0
ship 142.0 380.0 164.0 407.0
ship 129.0 392.0 153.0 421.0
ship 219.0 375.0 249.0 413.0
ship 176.0 411.0 204.0 448.0
ship 145.0 435.0 178.0 472.0
ship 129.0 448.0 165.0 488.0
ship 114.0 459.0 150.0 499.0
ship 98.0 470.0 134.0 514.0
ship 37.0 453.0 68.0 492.0
ship 67.0 495.0 103.0 533.0
ship 16.0 455.0 56.0 504.0
ship 55.0 508.0 88.0 546.0
ship 40.0 522.0 73.0 558.0
ship 17.0 535.0 50.0 572.0
ship 287.0 467.0 318.0 504.0
ship 265.0 490.0 292.0 524.0
ship 256.0 503.0 283.0 534.0
ship 213.0 533.0 242.0 566.0
ship 162.0 560.0 196.0 605.0
ship 120.0 600.0 150.0 641.0
ship 104.0 614.0 136.0 653.0
ship 87.0 626.0 119.0 664.0
ship 157.0 643.0 181.0 670.0
ship 143.0 651.0 170.0 681.0
ship 133.0 660.0 160.0 693.0
ship 248.0 569.0 265.0 588.0
ship 240.0 577.0 255.0 597.0
ship 225.0 587.0 241.0 606.0
ship 281.0 610.0 301.0 621.0
ship 278.0 624.0 298.0 638.0
ship 272.0 651.0 295.0 664.0
ship 270.0 664.0 293.0 677.0
ship 263.0 677.0 285.0 700.0
ship 205.0 716.0 227.0 742.0
