tenniscourt 573.0 27.0 655.0 94.0
tenniscourt 542.0 68.0 626.0 138.0
tenniscourt 662.0 326.0 708.0 398.0
vehicle 64.0 723.0 88.0 738.0
vehicle 139.0 760.0 159.0 785.0
vehicle 593.0 342.0 613.0 364.0
vehicle 600.0 411.0 612.0 423.0
vehicle 608.0 416.0 618.0 430.0
vehicle 613.0 423.0 624.0 436.0
vehicle 622.0 427.0 634.0 442.0
vehicle 629.0 436.0 639.0 447.0
vehicle 639.0 439.0 656.0 456.0
vehicle 650.0 445.0 664.0 463.0
vehicle 660.0 452.0 674.0 470.0
vehicle 675.0 454.0 682.0 470.0
vehicle 681.0 464.0 693.0 478.0
vehicle 693.0 476.0 704.0 492.0
vehicle 617.0 305.0 631.0 320.0
