airplane 134.0 162.0 181.0 216.0
airplane 134.0 229.0 181.0 289.0
airplane 131.0 297.0 184.0 361.0
airplane 346.0 155.0 386.0 210.0
airplane 308.0 191.0 348.0 242.0
airplane 347.0 221.0 385.0 275.0
airplane 307.0 251.0 349.0 308.0
airplane 346.0 284.0 388.0 341.0
airplane 308.0 319.0 349.0 373.0
airplane 310.0 385.0 351.0 439.0
airplane 470.0 246.0 518.0 305.0
airplane 516.0 277.0 564.0 339.0
airplane 516.0 213.0 563.0 273.0
airplane 461.0 372.0 521.0 438.0
airplane 511.0 334.0 579.0 407.0
airplane 473.0 319.0 518.0 368.0
airplane 682.0 149.0 721.0 200.0
airplane 648.0 183.0 687.0 234.0
airplane 683.0 215.0 726.0 267.0
airplane 680.0 330.0 738.0 410.0
airplane 637.0 373.0 687.0 434.0
vehicle 81.0 320.0 92.0 350.0
vehicle 72.0 371.0 90.0 393.0
vehicle 143.0 367.0 161.0 390.0
vehicle 156.0 367.0 176.0 389.0
vehicle 785.0 589.0 800.0 614.0
