harbor 43.0 226.0 786.0 567.0
harbor 499.0 56.0 781.0 265.0
ship 123.0 253.0 226.0 364.0
ship 241.0 385.0 339.0 485.0
ship 380.0 453.0 423.0 521.0
ship 459.0 398.0 494.0 508.0
ship 499.0 419.0 530.0 503.0
ship 537.0 410.0 565.0 500.0
ship 581.0 406.0 610.0 491.0
ship 634.0 411.0 688.0 475.0
ship 741.0 351.0 769.0 468.0
ship 533.0 69.0 563.0 151.0
ship 529.0 175.0 554.0 234.0
ship 580.0 76.0 604.0 152.0
ship 581.0 169.0 605.0 254.0
ship 614.0 173.0 640.0 258.0
ship 618.0 74.0 640.0 153.0
ship 656.0 80.0 695.0 147.0
ship 704.0 62.0 733.0 155.0
ship 660.0 171.0 692.0 264.0
ship 702.0 178.0 725.0 253.0
