harbor 192.0 48.0 749.0 272.0
harbor 333.0 348.0 761.0 556.0
harbor 443.0 662.0 777.0 772.0
harbor 1.0 1.0 396.0 713.0
vehicle 85.0 556.0 118.0 584.0
ship 449.0 672.0 479.0 761.0
ship 484.0 670.0 514.0 759.0
ship 547.0 684.0 569.0 746.0
ship 578.0 690.0 600.0 752.0
ship 606.0 703.0 624.0 750.0
ship 639.0 689.0 658.0 751.0
ship 666.0 672.0 694.0 762.0
ship 695.0 681.0 721.0 758.0
ship 724.0 671.0 758.0 763.0
ship 698.0 465.0 725.0 541.0
ship 671.0 461.0 690.0 523.0
ship 628.0 456.0 661.0 553.0
ship 599.0 456.0 627.0 537.0
ship 564.0 460.0 591.0 534.0
ship 533.0 453.0 557.0 522.0
ship 497.0 455.0 527.0 537.0
ship 466.0 457.0 494.0 553.0
ship 436.0 456.0 464.0 548.0
ship 397.0 460.0 418.0 529.0
ship 333.0 368.0 363.0 453.0
ship 364.0 349.0 396.0 442.0
ship 395.0 345.0 429.0 439.0
ship 431.0 380.0 453.0 435.0
ship 465.0 355.0 495.0 438.0
ship 499.0 360.0 524.0 437.0
ship 529.0 348.0 559.0 442.0
ship 565.0 362.0 595.0 441.0
ship 607.0 385.0 626.0 437.0
ship 631.0 387.0 650.0 439.0
ship 662.0 355.0 689.0 442.0
ship 697.0 371.0 725.0 442.0
ship 660.0 169.0 691.0 270.0
ship 701.0 191.0 721.0 229.0
ship 624.0 174.0 658.0 264.0
ship 565.0 163.0 593.0 236.0
ship 501.0 168.0 529.0 241.0
ship 461.0 161.0 499.0 259.0
ship 427.0 161.0 460.0 247.0
ship 398.0 159.0 419.0 223.0
ship 360.0 152.0 395.0 240.0
ship 333.0 156.0 355.0 211.0
ship 298.0 149.0 330.0 246.0
ship 255.0 151.0 290.0 233.0
ship 203.0 149.0 222.0 203.0
ship 197.0 51.0 227.0 141.0
ship 231.0 54.0 258.0 134.0
ship 263.0 56.0 290.0 136.0
ship 309.0 62.0 334.0 132.0
ship 402.0 87.0 426.0 131.0
ship 434.0 59.0 463.0 142.0
ship 471.0 79.0 495.0 146.0
ship 513.0 90.0 531.0 143.0
ship 536.0 75.0 560.0 151.0
ship 568.0 62.0 596.0 148.0
ship 601.0 53.0 632.0 157.0
ship 639.0 85.0 661.0 143.0
ship 668.0 103.0 689.0 157.0
ship 1.0 49.0 45.0 95.0
ship 1.0 93.0 35.0 119.0
ship 12.0 151.0 55.0 185.0
ship 25.0 172.0 68.0 206.0
ship 42.0 195.0 79.0 223.0
ship 56.0 218.0 93.0 246.0
ship 69.0 231.0 112.0 261.0
ship 72.0 251.0 130.0 287.0
ship 86.0 278.0 136.0 306.0
ship 98.0 289.0 151.0 326.0
ship 116.0 316.0 158.0 350.0
ship 130.0 333.0 172.0 367.0
ship 153.0 375.0 204.0 404.0
ship 163.0 400.0 214.0 429.0
ship 177.0 417.0 226.0 452.0
ship 194.0 436.0 243.0 471.0
ship 200.0 461.0 249.0 496.0
ship 214.0 483.0 263.0 518.0
ship 222.0 500.0 271.0 535.0
ship 241.0 522.0 290.0 557.0
ship 300.0 593.0 349.0 628.0
ship 329.0 648.0 378.0 683.0
ship 337.0 669.0 398.0 708.0
