tenniscourt 62.0 39.0 95.0 91.0
tenniscourt 66.0 111.0 99.0 163.0
tenniscourt 30.0 112.0 63.0 166.0
tenniscourt 23.0 40.0 57.0 92.0
tenniscourt 445.0 354.0 475.0 404.0
tenniscourt 276.0 648.0 308.0 701.0
tenniscourt 142.0 652.0 176.0 709.0
tenniscourt 706.0 690.0 741.0 743.0
tenniscourt 181.0 718.0 211.0 771.0
tenniscourt 302.0 715.0 329.0 768.0
vehicle 119.0 292.0 133.0 297.0
vehicle 325.0 269.0 339.0 273.0
vehicle 382.0 279.0 392.0 284.0
vehicle 394.0 279.0 408.0 284.0
vehicle 682.0 305.0 694.0 310.0
vehicle 717.0 306.0 728.0 311.0
vehicle 622.0 124.0 627.0 131.0
tenniscourt 97.0 493.0 126.0 545.0
vehicle 90.0 579.0 101.0 584.0
vehicle 670.0 785.0 676.0 796.0
vehicle 661.0 661.0 666.0 670.0
tenniscourt 360.0 143.0 389.0 195.0
