harbor 624.0 267.0 779.0 714.0
harbor 143.0 314.0 478.0 430.0
harbor 12.0 519.0 464.0 702.0
harbor 465.0 169.0 603.0 698.0
ship 149.0 353.0 173.0 410.0
ship 179.0 348.0 202.0 414.0
ship 234.0 352.0 256.0 422.0
ship 260.0 343.0 286.0 421.0
ship 292.0 355.0 309.0 406.0
ship 317.0 350.0 342.0 416.0
ship 372.0 357.0 395.0 416.0
ship 395.0 366.0 420.0 420.0
ship 423.0 353.0 445.0 421.0
ship 450.0 357.0 475.0 424.0
ship 419.0 551.0 439.0 586.0
ship 365.0 522.0 390.0 590.0
ship 308.0 546.0 327.0 595.0
ship 223.0 520.0 248.0 593.0
ship 178.0 541.0 195.0 582.0
ship 144.0 539.0 166.0 584.0
ship 111.0 521.0 137.0 579.0
ship 33.0 612.0 54.0 701.0
ship 89.0 620.0 118.0 690.0
ship 118.0 601.0 146.0 690.0
ship 150.0 623.0 176.0 686.0
ship 182.0 630.0 201.0 688.0
ship 239.0 627.0 263.0 687.0
ship 296.0 622.0 323.0 685.0
ship 496.0 488.0 540.0 503.0
ship 486.0 536.0 549.0 555.0
ship 482.0 555.0 536.0 576.0
ship 499.0 584.0 522.0 595.0
ship 486.0 603.0 544.0 626.0
ship 491.0 657.0 539.0 676.0
ship 650.0 301.0 696.0 317.0
ship 718.0 320.0 780.0 346.0
ship 646.0 327.0 701.0 340.0
ship 654.0 351.0 702.0 364.0
ship 717.0 376.0 770.0 395.0
ship 640.0 415.0 695.0 435.0
ship 722.0 455.0 763.0 470.0
ship 718.0 479.0 759.0 494.0
ship 637.0 483.0 689.0 502.0
ship 636.0 503.0 688.0 522.0
ship 640.0 531.0 680.0 547.0
ship 722.0 532.0 758.0 548.0
ship 712.0 584.0 769.0 603.0
ship 633.0 664.0 684.0 682.0
ship 705.0 608.0 756.0 626.0
