tenniscourt 301.0 666.0 363.0 732.0
tenniscourt 331.0 645.0 391.0 709.0
tenniscourt 361.0 623.0 416.0 685.0
vehicle 775.0 42.0 781.0 54.0
vehicle 445.0 240.0 458.0 253.0
vehicle 476.0 215.0 487.0 224.0
vehicle 626.0 406.0 636.0 417.0
vehicle 677.0 428.0 682.0 440.0
vehicle 706.0 552.0 717.0 565.0
vehicle 741.0 602.0 756.0 617.0
vehicle 636.0 507.0 648.0 522.0
vehicle 322.0 503.0 334.0 516.0
vehicle 157.0 14.0 171.0 27.0
vehicle 162.0 221.0 176.0 234.0
vehicle 155.0 203.0 168.0 215.0
vehicle 293.0 88.0 310.0 102.0
