vehicle 107.0 84.0 127.0 106.0
vehicle 1.0 156.0 19.0 176.0
vehicle 154.0 106.0 173.0 128.0
vehicle 253.0 124.0 263.0 144.0
vehicle 248.0 212.0 265.0 233.0
vehicle 416.0 34.0 434.0 51.0
vehicle 75.0 210.0 107.0 251.0
vehicle 96.0 196.0 130.0 236.0
vehicle 117.0 180.0 155.0 222.0
vehicle 140.0 162.0 175.0 200.0
vehicle 196.0 243.0 217.0 267.0
vehicle 226.0 216.0 251.0 244.0
vehicle 213.0 103.0 241.0 142.0
vehicle 32.0 582.0 46.0 601.0
vehicle 71.0 588.0 87.0 606.0
vehicle 100.0 564.0 114.0 581.0
baseballfield 376.0 537.0 543.0 707.0
