harbor 185.0 16.0 346.0 102.0
harbor 188.0 108.0 343.0 158.0
harbor 178.0 161.0 376.0 251.0
harbor 162.0 253.0 384.0 366.0
harbor 211.0 389.0 375.0 458.0
harbor 219.0 455.0 373.0 520.0
harbor 223.0 582.0 354.0 770.0
ship 252.0 42.0 339.0 64.0
ship 263.0 110.0 319.0 127.0
ship 276.0 176.0 355.0 202.0
ship 280.0 212.0 353.0 239.0
ship 273.0 257.0 373.0 289.0
ship 285.0 306.0 381.0 334.0
ship 297.0 351.0 342.0 367.0
ship 264.0 455.0 359.0 490.0
ship 294.0 498.0 335.0 518.0
ship 278.0 605.0 295.0 643.0
ship 323.0 584.0 357.0 694.0
