harbor 1.0 299.0 774.0 662.0
ship 735.0 152.0 745.0 175.0
ship 600.0 28.0 614.0 57.0
ship 615.0 102.0 632.0 133.0
ship 625.0 103.0 642.0 135.0
vehicle 62.0 267.0 80.0 277.0
vehicle 40.0 229.0 47.0 249.0
vehicle 12.0 236.0 22.0 255.0
ship 443.0 383.0 481.0 401.0
ship 385.0 374.0 436.0 392.0
ship 345.0 368.0 376.0 382.0
ship 313.0 362.0 341.0 374.0
ship 281.0 358.0 306.0 369.0
ship 162.0 440.0 199.0 452.0
ship 166.0 456.0 207.0 472.0
ship 163.0 474.0 191.0 483.0
ship 546.0 594.0 564.0 639.0
ship 492.0 582.0 509.0 623.0
ship 555.0 537.0 574.0 583.0
ship 520.0 542.0 532.0 579.0
ship 490.0 543.0 505.0 573.0
ship 453.0 533.0 465.0 565.0
ship 366.0 510.0 380.0 546.0
ship 381.0 524.0 394.0 554.0
ship 409.0 523.0 425.0 558.0
ship 436.0 531.0 449.0 556.0
ship 354.0 512.0 364.0 542.0
ship 424.0 531.0 435.0 556.0
ship 154.0 507.0 174.0 515.0
ship 156.0 495.0 175.0 503.0
ship 154.0 483.0 182.0 493.0
ship 403.0 446.0 426.0 457.0
ship 590.0 564.0 599.0 591.0
ship 533.0 551.0 543.0 581.0
ship 566.0 601.0 581.0 642.0
ship 509.0 588.0 522.0 622.0
