storagetank 674.0 324.0 701.0 350.0
storagetank 640.0 300.0 665.0 327.0
storagetank 654.0 260.0 680.0 286.0
storagetank 707.0 265.0 735.0 291.0
storagetank 684.0 293.0 698.0 308.0
storagetank 704.0 307.0 715.0 318.0
storagetank 718.0 315.0 728.0 327.0
storagetank 767.0 344.0 773.0 351.0
storagetank 776.0 343.0 782.0 348.0
storagetank 732.0 311.0 737.0 316.0
storagetank 753.0 265.0 763.0 275.0
storagetank 751.0 279.0 765.0 294.0
storagetank 448.0 36.0 457.0 45.0
storagetank 457.0 37.0 467.0 46.0
storagetank 446.0 46.0 454.0 53.0
storagetank 455.0 48.0 462.0 54.0
storagetank 463.0 49.0 468.0 55.0
storagetank 446.0 55.0 458.0 67.0
storagetank 458.0 57.0 470.0 69.0
storagetank 472.0 59.0 484.0 71.0
storagetank 398.0 119.0 424.0 148.0
storagetank 490.0 84.0 524.0 120.0
storagetank 483.0 129.0 517.0 165.0
storagetank 528.0 139.0 559.0 171.0
storagetank 545.0 124.0 551.0 130.0
storagetank 553.0 125.0 559.0 131.0
storagetank 582.0 84.0 591.0 94.0
storagetank 592.0 85.0 603.0 95.0
storagetank 580.0 96.0 590.0 105.0
storagetank 590.0 96.0 601.0 106.0
storagetank 578.0 107.0 588.0 117.0
storagetank 589.0 107.0 600.0 116.0
storagetank 577.0 118.0 587.0 127.0
storagetank 575.0 129.0 585.0 140.0
storagetank 587.0 132.0 598.0 142.0
storagetank 646.0 157.0 667.0 179.0
storagetank 692.0 145.0 733.0 187.0
storagetank 735.0 563.0 748.0 576.0
storagetank 743.0 583.0 756.0 595.0
storagetank 728.0 599.0 740.0 612.0
storagetank 748.0 603.0 761.0 615.0
storagetank 370.0 287.0 378.0 295.0
storagetank 452.0 206.0 472.0 225.0
storagetank 381.0 262.0 407.0 288.0
storagetank 424.0 282.0 443.0 301.0
storagetank 449.0 255.0 475.0 281.0
storagetank 479.0 225.0 507.0 254.0
storagetank 520.0 215.0 547.0 240.0
storagetank 455.0 295.0 475.0 314.0
storagetank 408.0 311.0 428.0 332.0
storagetank 479.0 486.0 517.0 522.0
storagetank 599.0 571.0 612.0 584.0
storagetank 596.0 599.0 607.0 611.0
storagetank 435.0 567.0 456.0 587.0
storagetank 377.0 540.0 418.0 581.0
storagetank 360.0 565.0 372.0 575.0
storagetank 335.0 547.0 344.0 555.0
storagetank 433.0 512.0 455.0 534.0
storagetank 395.0 501.0 417.0 524.0
storagetank 426.0 473.0 447.0 496.0
storagetank 396.0 469.0 410.0 482.0
storagetank 424.0 435.0 439.0 450.0
storagetank 351.0 423.0 359.0 430.0
storagetank 358.0 432.0 369.0 442.0
storagetank 373.0 437.0 380.0 444.0
storagetank 353.0 463.0 368.0 477.0
storagetank 375.0 466.0 389.0 480.0
storagetank 280.0 411.0 297.0 428.0
storagetank 282.0 491.0 296.0 504.0
storagetank 339.0 467.0 347.0 475.0
storagetank 186.0 557.0 194.0 564.0
storagetank 207.0 558.0 214.0 564.0
storagetank 249.0 524.0 275.0 549.0
storagetank 285.0 527.0 291.0 534.0
storagetank 212.0 523.0 232.0 543.0
storagetank 168.0 511.0 196.0 537.0
storagetank 233.0 485.0 260.0 511.0
storagetank 241.0 405.0 265.0 431.0
storagetank 198.0 398.0 224.0 424.0
storagetank 234.0 448.0 259.0 472.0
storagetank 180.0 439.0 208.0 464.0
storagetank 191.0 473.0 219.0 499.0
storagetank 138.0 477.0 166.0 505.0
storagetank 136.0 398.0 177.0 439.0
storagetank 63.0 386.0 101.0 426.0
storagetank 54.0 442.0 93.0 482.0
storagetank 6.0 312.0 17.0 324.0
storagetank 292.0 300.0 297.0 304.0
storagetank 291.0 305.0 296.0 310.0
storagetank 296.0 306.0 301.0 311.0
storagetank 298.0 300.0 302.0 304.0
storagetank 302.0 307.0 306.0 311.0
storagetank 302.0 301.0 307.0 304.0
vehicle 254.0 647.0 258.0 654.0
vehicle 269.0 620.0 273.0 626.0
vehicle 236.0 774.0 239.0 779.0
vehicle 165.0 786.0 175.0 791.0
vehicle 192.0 790.0 199.0 795.0
vehicle 281.0 794.0 289.0 799.0
vehicle 157.0 777.0 165.0 780.0
vehicle 38.0 767.0 45.0 771.0
vehicle 94.0 776.0 100.0 779.0
vehicle 100.0 777.0 106.0 781.0
vehicle 8.0 754.0 15.0 758.0
vehicle 128.0 669.0 135.0 672.0
vehicle 316.0 117.0 334.0 124.0
vehicle 272.0 51.0 278.0 74.0
vehicle 278.0 52.0 283.0 72.0
vehicle 283.0 52.0 288.0 71.0
vehicle 286.0 59.0 292.0 80.0
vehicle 324.0 162.0 330.0 168.0
vehicle 220.0 131.0 225.0 138.0
vehicle 196.0 126.0 199.0 133.0
vehicle 199.0 126.0 204.0 133.0
vehicle 210.0 129.0 213.0 135.0
vehicle 167.0 96.0 172.0 104.0
vehicle 170.0 69.0 176.0 81.0
vehicle 199.0 153.0 205.0 159.0
vehicle 216.0 167.0 223.0 175.0
vehicle 201.0 166.0 205.0 174.0
vehicle 205.0 166.0 209.0 174.0
vehicle 10.0 118.0 14.0 123.0
vehicle 18.0 119.0 21.0 123.0
vehicle 33.0 119.0 35.0 125.0
vehicle 35.0 120.0 38.0 126.0
vehicle 21.0 119.0 25.0 126.0
