baseballfield 245.0 66.0 339.0 161.0
baseballfield 251.0 279.0 393.0 423.0
baseballfield 482.0 177.0 553.0 245.0
tenniscourt 246.0 598.0 280.0 667.0
tenniscourt 285.0 599.0 321.0 668.0
tenniscourt 334.0 599.0 369.0 669.0
tenniscourt 377.0 599.0 409.0 668.0
tenniscourt 441.0 601.0 476.0 669.0
tenniscourt 481.0 599.0 516.0 669.0
tenniscourt 521.0 600.0 554.0 669.0
tenniscourt 561.0 601.0 594.0 669.0
vehicle 193.0 91.0 204.0 111.0
vehicle 386.0 269.0 402.0 276.0
vehicle 569.0 229.0 586.0 238.0
vehicle 236.0 35.0 252.0 44.0
vehicle 274.0 1.0 293.0 8.0
vehicle 214.0 376.0 225.0 401.0
vehicle 221.0 423.0 234.0 443.0
vehicle 566.0 540.0 581.0 549.0
vehicle 654.0 581.0 665.0 596.0
vehicle 652.0 779.0 662.0 797.0
vehicle 754.0 781.0 764.0 800.0
vehicle 740.0 791.0 749.0 800.0
vehicle 704.0 519.0 715.0 533.0
vehicle 667.0 492.0 682.0 501.0
vehicle 714.0 300.0 727.0 315.0
vehicle 745.0 284.0 755.0 299.0
vehicle 676.0 152.0 691.0 162.0
vehicle 773.0 69.0 791.0 79.0
