harbor 335.0 57.0 673.0 222.0
harbor 298.0 305.0 652.0 469.0
harbor 140.0 536.0 662.0 698.0
ship 374.0 64.0 398.0 137.0
ship 465.0 63.0 489.0 136.0
ship 494.0 62.0 518.0 135.0
ship 528.0 68.0 553.0 132.0
ship 557.0 72.0 582.0 136.0
ship 587.0 61.0 612.0 125.0
ship 622.0 58.0 643.0 131.0
ship 649.0 101.0 670.0 174.0
ship 624.0 155.0 643.0 221.0
ship 537.0 153.0 556.0 219.0
ship 479.0 156.0 498.0 222.0
ship 448.0 156.0 467.0 222.0
ship 417.0 155.0 436.0 221.0
ship 627.0 312.0 646.0 378.0
ship 562.0 308.0 586.0 377.0
ship 537.0 311.0 561.0 380.0
ship 506.0 316.0 530.0 385.0
ship 478.0 325.0 499.0 381.0
ship 449.0 313.0 473.0 385.0
ship 420.0 319.0 442.0 383.0
ship 380.0 401.0 399.0 455.0
ship 461.0 400.0 480.0 454.0
ship 490.0 399.0 509.0 453.0
ship 513.0 395.0 537.0 466.0
ship 566.0 393.0 593.0 468.0
ship 599.0 399.0 620.0 452.0
ship 628.0 400.0 649.0 453.0
ship 335.0 539.0 356.0 592.0
ship 361.0 541.0 382.0 594.0
ship 389.0 538.0 411.0 600.0
ship 415.0 541.0 437.0 596.0
ship 473.0 549.0 490.0 598.0
ship 556.0 537.0 576.0 598.0
ship 609.0 540.0 629.0 601.0
ship 640.0 541.0 660.0 602.0
ship 198.0 614.0 217.0 667.0
ship 223.0 615.0 242.0 668.0
ship 250.0 615.0 269.0 668.0
ship 274.0 611.0 293.0 664.0
ship 298.0 610.0 324.0 672.0
ship 331.0 614.0 347.0 668.0
ship 355.0 612.0 371.0 666.0
ship 381.0 614.0 397.0 668.0
ship 405.0 615.0 424.0 665.0
ship 432.0 618.0 451.0 668.0
ship 460.0 617.0 479.0 667.0
ship 483.0 617.0 500.0 674.0
ship 509.0 615.0 528.0 669.0
ship 537.0 621.0 556.0 675.0
ship 559.0 616.0 578.0 670.0
ship 588.0 620.0 604.0 668.0
ship 612.0 617.0 628.0 665.0
ship 637.0 616.0 653.0 670.0
