harbor 126.0 132.0 180.0 266.0
harbor 237.0 44.0 592.0 463.0
harbor 498.0 361.0 746.0 781.0
ship 750.0 303.0 757.0 319.0
ship 429.0 560.0 442.0 586.0
ship 438.0 601.0 448.0 619.0
ship 501.0 562.0 527.0 569.0
ship 499.0 576.0 526.0 584.0
ship 532.0 599.0 542.0 629.0
ship 491.0 666.0 512.0 673.0
ship 527.0 529.0 532.0 549.0
ship 528.0 508.0 535.0 523.0
ship 615.0 459.0 647.0 475.0
ship 652.0 461.0 675.0 472.0
ship 684.0 469.0 695.0 502.0
ship 664.0 478.0 681.0 507.0
ship 529.0 433.0 574.0 451.0
ship 580.0 425.0 607.0 438.0
ship 643.0 395.0 660.0 417.0
ship 651.0 432.0 677.0 443.0
ship 712.0 407.0 728.0 414.0
ship 140.0 153.0 158.0 190.0
ship 357.0 46.0 425.0 71.0
ship 434.0 55.0 512.0 88.0
ship 513.0 109.0 535.0 118.0
ship 538.0 116.0 568.0 128.0
ship 357.0 73.0 388.0 84.0
ship 249.0 311.0 267.0 325.0
ship 274.0 327.0 287.0 340.0
ship 292.0 342.0 308.0 352.0
ship 459.0 423.0 477.0 447.0
ship 448.0 448.0 459.0 464.0
ship 439.0 444.0 448.0 458.0
ship 431.0 438.0 445.0 454.0
ship 425.0 433.0 436.0 445.0
ship 420.0 428.0 431.0 440.0
ship 396.0 414.0 406.0 428.0
ship 390.0 411.0 400.0 420.0
ship 363.0 391.0 374.0 403.0
ship 292.0 305.0 310.0 327.0
ship 277.0 295.0 295.0 316.0
ship 267.0 288.0 283.0 309.0
ship 252.0 275.0 273.0 302.0
ship 242.0 267.0 261.0 290.0
ship 302.0 316.0 317.0 332.0
ship 316.0 329.0 329.0 345.0
ship 332.0 313.0 344.0 328.0
ship 342.0 319.0 355.0 335.0
ship 359.0 355.0 373.0 373.0
ship 378.0 369.0 390.0 384.0
ship 387.0 373.0 401.0 391.0
ship 394.0 377.0 410.0 397.0
ship 405.0 388.0 416.0 404.0
ship 414.0 391.0 427.0 410.0
ship 421.0 397.0 439.0 419.0
ship 432.0 406.0 445.0 424.0
ship 441.0 413.0 454.0 429.0
ship 451.0 415.0 465.0 436.0
ship 440.0 627.0 448.0 639.0
ship 254.0 191.0 277.0 218.0
ship 267.0 206.0 286.0 225.0
ship 282.0 212.0 302.0 236.0
ship 295.0 219.0 313.0 239.0
ship 306.0 230.0 325.0 254.0
ship 322.0 236.0 336.0 250.0
ship 329.0 245.0 349.0 273.0
ship 338.0 255.0 362.0 283.0
ship 360.0 265.0 375.0 287.0
ship 345.0 292.0 359.0 310.0
ship 274.0 160.0 297.0 190.0
ship 290.0 169.0 312.0 194.0
ship 304.0 181.0 323.0 205.0
ship 315.0 187.0 334.0 213.0
ship 329.0 199.0 348.0 222.0
ship 340.0 205.0 358.0 227.0
ship 354.0 216.0 373.0 240.0
ship 366.0 224.0 382.0 245.0
ship 376.0 237.0 398.0 258.0
ship 356.0 292.0 376.0 317.0
ship 371.0 300.0 386.0 317.0
ship 380.0 304.0 393.0 321.0
ship 389.0 311.0 405.0 330.0
ship 406.0 321.0 423.0 343.0
ship 415.0 329.0 433.0 348.0
ship 427.0 338.0 439.0 355.0
ship 433.0 344.0 449.0 361.0
ship 444.0 349.0 457.0 366.0
ship 451.0 355.0 467.0 374.0
ship 463.0 361.0 476.0 379.0
ship 479.0 372.0 497.0 394.0
ship 491.0 380.0 508.0 400.0
ship 575.0 386.0 590.0 394.0
ship 509.0 346.0 535.0 378.0
ship 492.0 337.0 517.0 369.0
ship 465.0 320.0 487.0 348.0
ship 457.0 315.0 473.0 340.0
ship 431.0 298.0 448.0 322.0
ship 415.0 284.0 438.0 313.0
ship 402.0 276.0 425.0 304.0
ship 386.0 251.0 405.0 274.0
ship 398.0 218.0 412.0 234.0
ship 407.0 225.0 421.0 244.0
ship 411.0 202.0 422.0 217.0
ship 393.0 83.0 432.0 99.0
ship 436.0 92.0 468.0 104.0
ship 526.0 82.0 584.0 107.0
ship 473.0 117.0 483.0 129.0
ship 445.0 135.0 467.0 167.0
ship 352.0 97.0 369.0 110.0
ship 375.0 112.0 394.0 128.0
ship 396.0 130.0 412.0 142.0
ship 415.0 140.0 444.0 162.0
ship 330.0 108.0 356.0 138.0
ship 349.0 121.0 366.0 144.0
ship 359.0 127.0 378.0 150.0
ship 399.0 157.0 415.0 178.0
ship 408.0 163.0 426.0 186.0
ship 420.0 173.0 441.0 196.0
ship 426.0 188.0 453.0 218.0
ship 468.0 168.0 488.0 193.0
ship 481.0 170.0 505.0 203.0
ship 508.0 189.0 534.0 221.0
ship 520.0 220.0 542.0 241.0
ship 441.0 199.0 469.0 233.0
ship 457.0 207.0 486.0 247.0
ship 481.0 222.0 500.0 251.0
ship 491.0 231.0 517.0 267.0
ship 510.0 248.0 535.0 276.0
ship 521.0 251.0 554.0 293.0
