airplane 7.0 1.0 72.0 52.0
airplane 21.0 59.0 66.0 103.0
airplane 295.0 473.0 365.0 545.0
airplane 715.0 21.0 789.0 100.0
vehicle 189.0 20.0 205.0 27.0
vehicle 48.0 202.0 62.0 240.0
vehicle 111.0 320.0 133.0 350.0
vehicle 195.0 418.0 233.0 443.0
vehicle 261.0 515.0 277.0 534.0
vehicle 115.0 543.0 155.0 573.0
vehicle 4.0 574.0 45.0 602.0
vehicle 137.0 626.0 152.0 647.0
vehicle 116.0 655.0 136.0 672.0
vehicle 171.0 655.0 189.0 673.0
vehicle 177.0 710.0 200.0 720.0
vehicle 160.0 757.0 175.0 776.0
vehicle 136.0 764.0 152.0 785.0
vehicle 103.0 764.0 112.0 784.0
vehicle 55.0 665.0 80.0 705.0
vehicle 66.0 716.0 93.0 738.0
vehicle 421.0 691.0 442.0 708.0
vehicle 503.0 120.0 517.0 127.0
vehicle 503.0 162.0 515.0 169.0
vehicle 504.0 172.0 516.0 178.0
