harbor 545.0 472.0 719.0 781.0
harbor 249.0 481.0 433.0 781.0
harbor 73.0 487.0 226.0 785.0
harbor 2.0 318.0 618.0 398.0
harbor 238.0 22.0 653.0 276.0
ship 25.0 667.0 61.0 750.0
ship 79.0 330.0 105.0 392.0
ship 143.0 331.0 169.0 391.0
ship 172.0 331.0 198.0 391.0
ship 205.0 331.0 231.0 391.0
ship 268.0 333.0 292.0 388.0
ship 400.0 333.0 421.0 387.0
ship 458.0 333.0 484.0 395.0
ship 551.0 333.0 574.0 386.0
ship 589.0 336.0 612.0 389.0
ship 101.0 505.0 168.0 532.0
ship 105.0 535.0 169.0 557.0
ship 116.0 590.0 180.0 612.0
ship 132.0 674.0 196.0 696.0
ship 144.0 701.0 208.0 723.0
ship 174.0 758.0 219.0 781.0
ship 357.0 491.0 422.0 520.0
ship 283.0 576.0 353.0 604.0
ship 367.0 550.0 446.0 577.0
ship 385.0 606.0 457.0 633.0
ship 399.0 639.0 455.0 659.0
ship 404.0 667.0 469.0 693.0
ship 316.0 674.0 376.0 694.0
ship 324.0 703.0 384.0 723.0
ship 418.0 727.0 468.0 746.0
ship 334.0 732.0 384.0 751.0
ship 545.0 490.0 614.0 522.0
ship 547.0 521.0 623.0 556.0
ship 562.0 556.0 631.0 581.0
ship 571.0 589.0 638.0 610.0
ship 592.0 617.0 648.0 637.0
ship 607.0 645.0 663.0 665.0
ship 611.0 673.0 674.0 694.0
ship 621.0 698.0 679.0 719.0
ship 634.0 727.0 692.0 748.0
ship 640.0 761.0 690.0 777.0
ship 471.0 46.0 512.0 195.0
ship 575.0 19.0 627.0 172.0
ship 87.0 697.0 130.0 778.0
