harbor 59.0 131.0 184.0 547.0
harbor 252.0 136.0 371.0 540.0
harbor 426.0 135.0 505.0 508.0
harbor 536.0 158.0 615.0 488.0
ship 491.0 125.0 523.0 136.0
ship 212.0 583.0 243.0 594.0
vehicle 320.0 16.0 341.0 24.0
vehicle 232.0 17.0 252.0 25.0
vehicle 178.0 20.0 193.0 28.0
vehicle 93.0 20.0 110.0 30.0
harbor 1.0 652.0 136.0 713.0
harbor 230.0 631.0 490.0 734.0
ship 426.0 664.0 471.0 685.0
ship 120.0 658.0 133.0 693.0
ship 240.0 702.0 282.0 717.0
ship 71.0 532.0 118.0 543.0
ship 128.0 529.0 182.0 546.0
ship 269.0 513.0 366.0 540.0
ship 297.0 702.0 339.0 717.0
ship 341.0 701.0 379.0 713.0
ship 343.0 712.0 384.0 725.0
ship 384.0 713.0 421.0 724.0
ship 422.0 712.0 457.0 725.0
ship 385.0 724.0 418.0 735.0
ship 71.0 504.0 119.0 520.0
ship 129.0 500.0 186.0 519.0
ship 67.0 475.0 117.0 490.0
ship 109.0 472.0 122.0 479.0
ship 66.0 447.0 120.0 464.0
ship 61.0 422.0 120.0 440.0
ship 64.0 397.0 119.0 413.0
ship 134.0 423.0 183.0 439.0
ship 128.0 446.0 184.0 463.0
ship 131.0 472.0 180.0 490.0
ship 57.0 346.0 119.0 364.0
ship 63.0 373.0 118.0 391.0
ship 130.0 371.0 181.0 389.0
ship 129.0 394.0 181.0 410.0
ship 62.0 295.0 115.0 315.0
ship 69.0 322.0 119.0 338.0
ship 129.0 320.0 180.0 337.0
ship 126.0 345.0 178.0 359.0
ship 59.0 269.0 118.0 289.0
ship 58.0 244.0 118.0 261.0
ship 61.0 222.0 117.0 237.0
ship 61.0 193.0 113.0 211.0
ship 131.0 271.0 182.0 287.0
ship 127.0 292.0 178.0 311.0
ship 59.0 142.0 114.0 161.0
ship 131.0 142.0 181.0 160.0
ship 121.0 170.0 171.0 187.0
ship 123.0 192.0 180.0 211.0
ship 124.0 218.0 175.0 236.0
ship 126.0 243.0 177.0 261.0
ship 252.0 138.0 304.0 155.0
ship 315.0 137.0 357.0 152.0
ship 255.0 163.0 305.0 179.0
ship 317.0 163.0 361.0 178.0
ship 257.0 212.0 304.0 226.0
ship 316.0 183.0 360.0 199.0
ship 320.0 208.0 365.0 224.0
ship 257.0 230.0 309.0 248.0
ship 316.0 230.0 363.0 246.0
ship 256.0 254.0 308.0 270.0
ship 261.0 277.0 301.0 292.0
ship 318.0 276.0 366.0 292.0
ship 257.0 301.0 309.0 318.0
ship 316.0 301.0 365.0 317.0
ship 257.0 324.0 311.0 341.0
ship 318.0 321.0 363.0 338.0
ship 258.0 348.0 309.0 365.0
ship 317.0 347.0 363.0 363.0
ship 260.0 369.0 309.0 386.0
ship 319.0 368.0 360.0 383.0
ship 256.0 394.0 310.0 411.0
ship 320.0 394.0 370.0 410.0
ship 318.0 415.0 369.0 430.0
ship 264.0 441.0 313.0 457.0
ship 320.0 439.0 367.0 454.0
ship 260.0 463.0 311.0 480.0
ship 320.0 461.0 370.0 478.0
ship 266.0 485.0 315.0 504.0
ship 321.0 488.0 366.0 502.0
ship 441.0 470.0 479.0 485.0
ship 434.0 491.0 487.0 508.0
ship 434.0 444.0 478.0 459.0
ship 433.0 424.0 479.0 439.0
ship 434.0 400.0 477.0 415.0
ship 432.0 380.0 476.0 394.0
ship 491.0 393.0 503.0 421.0
ship 491.0 435.0 505.0 473.0
ship 542.0 378.0 551.0 410.0
ship 541.0 413.0 552.0 443.0
ship 429.0 290.0 474.0 307.0
ship 432.0 312.0 470.0 325.0
ship 428.0 335.0 478.0 352.0
ship 436.0 355.0 475.0 371.0
ship 432.0 268.0 473.0 282.0
ship 430.0 250.0 475.0 264.0
ship 425.0 224.0 473.0 239.0
ship 490.0 311.0 501.0 341.0
ship 491.0 346.0 502.0 372.0
ship 541.0 321.0 552.0 351.0
ship 539.0 290.0 549.0 315.0
ship 539.0 266.0 550.0 288.0
ship 536.0 172.0 548.0 203.0
ship 537.0 207.0 549.0 235.0
ship 487.0 138.0 499.0 170.0
ship 427.0 204.0 474.0 219.0
ship 428.0 179.0 475.0 197.0
ship 431.0 162.0 468.0 175.0
ship 428.0 135.0 472.0 152.0
ship 677.0 67.0 692.0 104.0
ship 686.0 171.0 725.0 184.0
ship 640.0 194.0 652.0 222.0
ship 641.0 260.0 654.0 287.0
ship 641.0 323.0 655.0 353.0
ship 686.0 270.0 720.0 280.0
ship 685.0 280.0 722.0 292.0
ship 685.0 293.0 713.0 304.0
ship 718.0 305.0 760.0 329.0
