tenniscourt 365.0 209.0 411.0 274.0
tenniscourt 593.0 187.0 626.0 236.0
vehicle 254.0 300.0 263.0 312.0
vehicle 269.0 282.0 282.0 292.0
vehicle 274.0 289.0 286.0 297.0
vehicle 278.0 294.0 289.0 305.0
vehicle 286.0 303.0 297.0 313.0
vehicle 272.0 322.0 283.0 334.0
vehicle 281.0 334.0 293.0 346.0
vehicle 292.0 344.0 300.0 356.0
vehicle 300.0 354.0 308.0 365.0
vehicle 307.0 365.0 317.0 380.0
vehicle 490.0 48.0 498.0 61.0
vehicle 639.0 466.0 652.0 476.0
vehicle 645.0 456.0 660.0 470.0
vehicle 325.0 369.0 337.0 379.0
vehicle 334.0 377.0 348.0 387.0
vehicle 348.0 388.0 363.0 398.0
vehicle 310.0 383.0 316.0 396.0
vehicle 326.0 393.0 339.0 402.0
vehicle 298.0 420.0 308.0 428.0
vehicle 291.0 430.0 301.0 440.0
vehicle 284.0 440.0 292.0 451.0
vehicle 274.0 449.0 287.0 460.0
vehicle 267.0 459.0 278.0 471.0
vehicle 259.0 473.0 269.0 485.0
vehicle 250.0 482.0 260.0 493.0
vehicle 233.0 499.0 244.0 512.0
vehicle 220.0 512.0 231.0 522.0
vehicle 209.0 522.0 219.0 530.0
vehicle 200.0 530.0 211.0 540.0
vehicle 190.0 537.0 200.0 548.0
vehicle 178.0 547.0 190.0 556.0
vehicle 92.0 412.0 102.0 422.0
vehicle 99.0 422.0 118.0 432.0
vehicle 76.0 385.0 85.0 398.0
vehicle 67.0 378.0 80.0 385.0
vehicle 43.0 342.0 56.0 351.0
vehicle 106.0 498.0 116.0 512.0
vehicle 134.0 513.0 143.0 531.0
vehicle 145.0 567.0 157.0 581.0
vehicle 169.0 583.0 181.0 594.0
vehicle 397.0 406.0 409.0 415.0
vehicle 478.0 593.0 489.0 605.0
vehicle 487.0 583.0 503.0 590.0
vehicle 609.0 562.0 618.0 573.0
vehicle 602.0 567.0 612.0 576.0
vehicle 665.0 442.0 671.0 454.0
vehicle 672.0 416.0 688.0 426.0
vehicle 662.0 430.0 675.0 436.0
vehicle 758.0 364.0 768.0 377.0
vehicle 770.0 369.0 776.0 382.0
vehicle 765.0 435.0 779.0 444.0
vehicle 574.0 755.0 583.0 767.0
vehicle 632.0 773.0 639.0 786.0
