baseballfield 100.0 480.0 182.0 555.0
basketballcourt 120.0 265.0 164.0 322.0
basketballcourt 120.0 326.0 165.0 394.0
vehicle 25.0 24.0 39.0 31.0
vehicle 48.0 88.0 55.0 102.0
vehicle 35.0 75.0 46.0 80.0
vehicle 217.0 140.0 232.0 145.0
vehicle 250.0 104.0 257.0 123.0
vehicle 39.0 307.0 47.0 321.0
vehicle 81.0 312.0 94.0 318.0
vehicle 307.0 1.0 314.0 10.0
vehicle 295.0 74.0 306.0 88.0
vehicle 347.0 34.0 363.0 42.0
vehicle 366.0 267.0 379.0 274.0
vehicle 340.0 265.0 354.0 271.0
vehicle 474.0 303.0 482.0 317.0
vehicle 407.0 334.0 415.0 348.0
vehicle 400.0 336.0 407.0 348.0
vehicle 330.0 307.0 337.0 323.0
vehicle 28.0 663.0 35.0 676.0
vehicle 51.0 660.0 57.0 673.0
vehicle 60.0 632.0 68.0 674.0
vehicle 70.0 762.0 76.0 775.0
vehicle 74.0 784.0 84.0 799.0
vehicle 91.0 765.0 106.0 773.0
vehicle 98.0 748.0 112.0 759.0
vehicle 119.0 747.0 132.0 760.0
vehicle 132.0 748.0 142.0 760.0
vehicle 142.0 748.0 152.0 760.0
vehicle 152.0 748.0 165.0 760.0
vehicle 162.0 748.0 175.0 760.0
vehicle 174.0 748.0 186.0 761.0
vehicle 183.0 748.0 193.0 758.0
vehicle 43.0 739.0 57.0 745.0
vehicle 235.0 699.0 249.0 707.0
vehicle 242.0 657.0 259.0 663.0
vehicle 246.0 637.0 260.0 644.0
vehicle 244.0 644.0 262.0 650.0
vehicle 244.0 608.0 259.0 614.0
vehicle 136.0 610.0 153.0 617.0
vehicle 246.0 614.0 259.0 621.0
vehicle 40.0 731.0 55.0 736.0
vehicle 301.0 635.0 316.0 641.0
vehicle 317.0 740.0 324.0 755.0
vehicle 396.0 693.0 404.0 707.0
vehicle 406.0 693.0 413.0 707.0
vehicle 373.0 694.0 381.0 707.0
vehicle 313.0 787.0 329.0 794.0
vehicle 531.0 649.0 539.0 661.0
vehicle 538.0 596.0 548.0 614.0
vehicle 586.0 734.0 595.0 752.0
vehicle 588.0 668.0 595.0 685.0
vehicle 547.0 790.0 564.0 797.0
vehicle 592.0 779.0 609.0 787.0
vehicle 642.0 701.0 650.0 714.0
vehicle 650.0 697.0 658.0 715.0
vehicle 657.0 767.0 678.0 777.0
vehicle 751.0 774.0 766.0 781.0
vehicle 708.0 682.0 722.0 689.0
vehicle 630.0 622.0 644.0 628.0
vehicle 662.0 596.0 680.0 604.0
vehicle 662.0 604.0 678.0 611.0
vehicle 667.0 624.0 682.0 631.0
vehicle 667.0 631.0 683.0 637.0
vehicle 719.0 587.0 735.0 596.0
vehicle 720.0 627.0 737.0 636.0
vehicle 722.0 617.0 735.0 626.0
vehicle 720.0 636.0 735.0 644.0
vehicle 724.0 643.0 735.0 652.0
vehicle 718.0 658.0 733.0 668.0
vehicle 720.0 667.0 737.0 678.0
vehicle 757.0 646.0 772.0 657.0
vehicle 720.0 709.0 731.0 720.0
vehicle 759.0 730.0 774.0 739.0
vehicle 303.0 501.0 320.0 507.0
vehicle 306.0 528.0 321.0 534.0
vehicle 348.0 465.0 362.0 472.0
vehicle 587.0 497.0 594.0 511.0
vehicle 628.0 471.0 636.0 488.0
vehicle 715.0 479.0 732.0 488.0
vehicle 717.0 490.0 734.0 498.0
vehicle 515.0 377.0 529.0 386.0
vehicle 379.0 394.0 394.0 401.0
vehicle 659.0 379.0 675.0 385.0
vehicle 691.0 380.0 707.0 385.0
vehicle 680.0 328.0 692.0 335.0
vehicle 511.0 351.0 528.0 360.0
vehicle 681.0 123.0 697.0 131.0
vehicle 621.0 76.0 639.0 82.0
vehicle 757.0 79.0 764.0 92.0
vehicle 618.0 45.0 625.0 58.0
vehicle 620.0 244.0 637.0 251.0
vehicle 563.0 274.0 580.0 282.0
vehicle 563.0 286.0 576.0 292.0
vehicle 563.0 295.0 577.0 300.0
vehicle 584.0 308.0 590.0 320.0
vehicle 692.0 273.0 703.0 280.0
vehicle 586.0 717.0 591.0 727.0
vehicle 586.0 703.0 591.0 715.0
