airplane 442.0 95.0 484.0 128.0
airplane 495.0 97.0 547.0 130.0
airplane 567.0 97.0 617.0 135.0
airplane 703.0 92.0 753.0 130.0
airplane 193.0 148.0 241.0 181.0
airplane 346.0 172.0 393.0 209.0
airplane 727.0 231.0 789.0 277.0
airplane 407.0 334.0 458.0 363.0
airplane 416.0 367.0 476.0 402.0
airplane 452.0 401.0 506.0 433.0
airplane 310.0 433.0 340.0 451.0
airplane 148.0 479.0 205.0 511.0
airplane 171.0 521.0 222.0 545.0
airplane 11.0 548.0 38.0 567.0
airplane 33.0 581.0 56.0 608.0
airplane 300.0 475.0 351.0 509.0
airplane 315.0 516.0 372.0 543.0
airplane 150.0 177.0 195.0 210.0
airplane 78.0 243.0 124.0 273.0
