harbor 78.0 16.0 332.0 654.0
harbor 474.0 106.0 724.0 659.0
ship 88.0 45.0 180.0 81.0
ship 223.0 47.0 315.0 83.0
ship 95.0 88.0 187.0 124.0
ship 213.0 179.0 311.0 219.0
ship 116.0 190.0 184.0 216.0
ship 91.0 227.0 184.0 264.0
ship 214.0 224.0 316.0 262.0
ship 205.0 270.0 299.0 301.0
ship 99.0 316.0 187.0 347.0
ship 214.0 315.0 332.0 357.0
ship 216.0 365.0 299.0 396.0
ship 212.0 409.0 308.0 450.0
ship 217.0 461.0 294.0 486.0
ship 84.0 458.0 179.0 493.0
ship 81.0 503.0 176.0 538.0
ship 79.0 548.0 174.0 583.0
ship 211.0 498.0 319.0 537.0
ship 208.0 539.0 327.0 585.0
ship 156.0 604.0 304.0 648.0
ship 474.0 306.0 553.0 337.0
ship 597.0 322.0 687.0 358.0
ship 595.0 455.0 692.0 493.0
ship 593.0 500.0 719.0 543.0
ship 475.0 608.0 664.0 659.0
