tenniscourt 641.0 239.0 741.0 339.0
tenniscourt 598.0 281.0 699.0 380.0
tenniscourt 559.0 322.0 657.0 426.0
tenniscourt 508.0 364.0 614.0 471.0
tenniscourt 468.0 409.0 570.0 514.0
tenniscourt 425.0 450.0 528.0 554.0
tenniscourt 324.0 547.0 426.0 651.0
tenniscourt 281.0 591.0 384.0 693.0
tenniscourt 239.0 632.0 341.0 734.0
vehicle 45.0 489.0 61.0 507.0
vehicle 54.0 499.0 70.0 516.0
vehicle 77.0 516.0 91.0 532.0
vehicle 57.0 557.0 77.0 579.0
vehicle 90.0 584.0 101.0 607.0
vehicle 158.0 600.0 172.0 619.0
vehicle 40.0 594.0 56.0 610.0
vehicle 48.0 603.0 62.0 618.0
vehicle 77.0 626.0 92.0 639.0
vehicle 91.0 637.0 106.0 652.0
vehicle 101.0 642.0 114.0 660.0
vehicle 126.0 675.0 139.0 690.0
vehicle 136.0 681.0 148.0 699.0
vehicle 143.0 686.0 158.0 701.0
vehicle 6.0 435.0 23.0 454.0
vehicle 755.0 451.0 768.0 464.0
vehicle 747.0 459.0 765.0 479.0
vehicle 715.0 497.0 732.0 513.0
vehicle 730.0 512.0 744.0 527.0
vehicle 703.0 509.0 719.0 527.0
vehicle 773.0 634.0 787.0 650.0
vehicle 767.0 651.0 784.0 670.0
vehicle 784.0 651.0 797.0 670.0
vehicle 722.0 684.0 734.0 698.0
vehicle 751.0 688.0 765.0 703.0
vehicle 766.0 670.0 780.0 686.0
vehicle 674.0 729.0 688.0 747.0
vehicle 705.0 714.0 720.0 733.0
vehicle 732.0 703.0 747.0 718.0
vehicle 689.0 743.0 705.0 762.0
vehicle 708.0 728.0 723.0 742.0
vehicle 674.0 761.0 689.0 777.0
vehicle 658.0 776.0 675.0 791.0
vehicle 614.0 64.0 637.0 81.0
vehicle 723.0 44.0 742.0 62.0
