vehicle 15.0 11.0 31.0 15.0
vehicle 15.0 20.0 26.0 25.0
vehicle 11.0 34.0 23.0 39.0
vehicle 4.0 80.0 18.0 85.0
vehicle 2.0 69.0 14.0 74.0
vehicle 7.0 174.0 11.0 186.0
vehicle 36.0 241.0 51.0 246.0
vehicle 57.0 241.0 72.0 246.0
vehicle 28.0 321.0 39.0 326.0
vehicle 331.0 348.0 346.0 353.0
vehicle 214.0 327.0 225.0 331.0
vehicle 489.0 287.0 499.0 290.0
harbor 582.0 583.0 625.0 615.0
harbor 605.0 658.0 647.0 691.0
harbor 620.0 736.0 671.0 768.0
ship 253.0 126.0 279.0 172.0
ship 233.0 101.0 249.0 111.0
harbor 227.0 110.0 252.0 129.0
bridge 1.0 313.0 800.0 361.0
bridge 1.0 260.0 800.0 308.0
