tenniscourt 332.0 688.0 383.0 756.0
tenniscourt 363.0 672.0 415.0 739.0
vehicle 289.0 120.0 301.0 130.0
vehicle 302.0 116.0 312.0 125.0
vehicle 324.0 102.0 334.0 112.0
vehicle 358.0 82.0 367.0 91.0
vehicle 388.0 61.0 398.0 71.0
vehicle 398.0 56.0 409.0 66.0
vehicle 408.0 49.0 420.0 58.0
vehicle 433.0 34.0 445.0 42.0
vehicle 430.0 63.0 441.0 71.0
vehicle 134.0 503.0 148.0 514.0
vehicle 185.0 446.0 193.0 455.0
vehicle 39.0 528.0 53.0 538.0
vehicle 289.0 415.0 300.0 423.0
vehicle 346.0 373.0 356.0 382.0
vehicle 402.0 339.0 415.0 348.0
vehicle 483.0 301.0 495.0 308.0
vehicle 526.0 303.0 538.0 310.0
vehicle 671.0 9.0 676.0 18.0
vehicle 627.0 105.0 633.0 115.0
vehicle 698.0 33.0 708.0 40.0
vehicle 694.0 96.0 704.0 102.0
vehicle 615.0 171.0 622.0 181.0
vehicle 639.0 179.0 647.0 192.0
vehicle 610.0 198.0 617.0 211.0
vehicle 653.0 253.0 660.0 264.0
vehicle 648.0 278.0 655.0 289.0
vehicle 661.0 224.0 672.0 230.0
vehicle 608.0 360.0 614.0 372.0
vehicle 556.0 367.0 567.0 373.0
vehicle 626.0 420.0 638.0 425.0
vehicle 599.0 604.0 610.0 610.0
vehicle 593.0 618.0 604.0 626.0
vehicle 562.0 681.0 569.0 693.0
vehicle 561.0 627.0 569.0 638.0
vehicle 502.0 685.0 514.0 695.0
vehicle 518.0 727.0 527.0 739.0
vehicle 556.0 661.0 562.0 672.0
vehicle 516.0 748.0 523.0 761.0
vehicle 511.0 656.0 521.0 661.0
vehicle 693.0 326.0 704.0 332.0
vehicle 708.0 329.0 719.0 335.0
vehicle 775.0 382.0 780.0 392.0
vehicle 785.0 324.0 799.0 335.0
vehicle 763.0 316.0 773.0 326.0
vehicle 652.0 19.0 657.0 29.0
vehicle 527.0 679.0 535.0 691.0
vehicle 547.0 713.0 552.0 725.0
vehicle 107.0 555.0 118.0 567.0
vehicle 107.0 593.0 121.0 602.0
vehicle 118.0 600.0 123.0 613.0
vehicle 129.0 595.0 138.0 608.0
vehicle 135.0 607.0 144.0 618.0
vehicle 147.0 628.0 155.0 641.0
vehicle 172.0 717.0 183.0 727.0
vehicle 239.0 758.0 249.0 766.0
vehicle 192.0 758.0 200.0 770.0
vehicle 195.0 775.0 206.0 781.0
vehicle 202.0 781.0 212.0 786.0
vehicle 198.0 787.0 210.0 795.0
