harbor 1.0 289.0 347.0 800.0
harbor 439.0 299.0 780.0 799.0
ship 664.0 180.0 702.0 197.0
ship 207.0 291.0 273.0 404.0
ship 162.0 301.0 228.0 414.0
ship 107.0 315.0 173.0 428.0
ship 31.0 386.0 91.0 488.0
ship 34.0 497.0 127.0 552.0
ship 162.0 478.0 270.0 545.0
ship 69.0 533.0 155.0 587.0
ship 72.0 569.0 170.0 634.0
ship 183.0 517.0 277.0 571.0
ship 202.0 556.0 305.0 620.0
ship 100.0 612.0 194.0 663.0
ship 136.0 642.0 210.0 690.0
ship 223.0 600.0 297.0 648.0
ship 242.0 634.0 330.0 693.0
ship 151.0 686.0 232.0 741.0
ship 258.0 680.0 326.0 724.0
ship 174.0 719.0 249.0 770.0
ship 448.0 308.0 480.0 411.0
ship 501.0 304.0 529.0 414.0
ship 541.0 311.0 571.0 401.0
ship 585.0 350.0 609.0 417.0
ship 621.0 366.0 644.0 411.0
ship 647.0 360.0 668.0 412.0
ship 671.0 363.0 692.0 415.0
ship 698.0 367.0 719.0 419.0
ship 721.0 360.0 742.0 418.0
ship 750.0 367.0 776.0 442.0
ship 590.0 453.0 738.0 487.0
ship 457.0 489.0 560.0 523.0
ship 453.0 531.0 556.0 565.0
ship 589.0 574.0 680.0 605.0
ship 475.0 571.0 557.0 602.0
ship 490.0 616.0 558.0 637.0
ship 472.0 642.0 561.0 680.0
ship 591.0 650.0 680.0 678.0
ship 489.0 685.0 554.0 708.0
ship 584.0 688.0 657.0 716.0
ship 581.0 727.0 645.0 749.0
ship 605.0 767.0 641.0 784.0
