tenniscourt 92.0 308.0 183.0 404.0
tenniscourt 201.0 598.0 289.0 685.0
vehicle 25.0 372.0 47.0 389.0
vehicle 287.0 440.0 310.0 455.0
vehicle 277.0 455.0 296.0 469.0
vehicle 325.0 473.0 346.0 490.0
vehicle 533.0 344.0 550.0 363.0
vehicle 758.0 224.0 781.0 233.0
vehicle 732.0 231.0 749.0 244.0
vehicle 639.0 278.0 660.0 289.0
vehicle 661.0 270.0 684.0 282.0
vehicle 686.0 263.0 706.0 276.0
vehicle 751.0 249.0 766.0 260.0
vehicle 516.0 595.0 535.0 603.0
vehicle 562.0 579.0 583.0 589.0
vehicle 691.0 541.0 715.0 554.0
vehicle 763.0 522.0 784.0 532.0
vehicle 695.0 767.0 712.0 789.0
vehicle 629.0 120.0 652.0 134.0
tenniscourt 143.0 349.0 235.0 451.0
tenniscourt 250.0 641.0 344.0 737.0
