harbor 33.0 46.0 741.0 771.0
vehicle 750.0 745.0 778.0 767.0
ship 255.0 173.0 298.0 227.0
ship 468.0 303.0 514.0 363.0
ship 308.0 215.0 346.0 266.0
ship 524.0 348.0 558.0 392.0
ship 548.0 355.0 587.0 403.0
ship 360.0 134.0 395.0 182.0
ship 272.0 49.0 338.0 132.0
ship 414.0 151.0 455.0 215.0
ship 487.0 183.0 554.0 274.0
ship 524.0 230.0 559.0 278.0
ship 532.0 230.0 600.0 300.0
ship 326.0 619.0 361.0 660.0
ship 193.0 534.0 232.0 588.0
ship 127.0 471.0 163.0 524.0
ship 208.0 426.0 243.0 472.0
ship 551.0 474.0 592.0 542.0
