harbor 250.0 307.0 406.0 725.0
harbor 534.0 302.0 794.0 709.0
harbor 487.0 14.0 800.0 124.0
vehicle 97.0 317.0 135.0 339.0
vehicle 58.0 544.0 89.0 562.0
ship 34.0 724.0 87.0 749.0
vehicle 56.0 189.0 74.0 235.0
vehicle 82.0 189.0 103.0 226.0
vehicle 716.0 243.0 731.0 289.0
ship 286.0 670.0 395.0 709.0
ship 276.0 623.0 405.0 660.0
ship 283.0 582.0 390.0 616.0
ship 274.0 526.0 399.0 566.0
ship 287.0 481.0 385.0 517.0
ship 279.0 432.0 403.0 475.0
ship 285.0 383.0 390.0 422.0
ship 535.0 313.0 664.0 352.0
ship 537.0 366.0 666.0 405.0
ship 537.0 407.0 666.0 446.0
ship 541.0 457.0 670.0 496.0
ship 538.0 507.0 667.0 546.0
ship 543.0 556.0 672.0 595.0
ship 552.0 602.0 670.0 641.0
ship 700.0 320.0 788.0 352.0
ship 687.0 399.0 787.0 431.0
ship 690.0 565.0 785.0 601.0
ship 687.0 607.0 782.0 643.0
ship 584.0 655.0 741.0 706.0
ship 540.0 40.0 563.0 96.0
ship 635.0 30.0 664.0 102.0
ship 697.0 18.0 726.0 90.0
