harbor 137.0 587.0 237.0 604.0
vehicle 31.0 541.0 42.0 553.0
vehicle 22.0 398.0 37.0 403.0
vehicle 72.0 402.0 133.0 410.0
vehicle 54.0 340.0 68.0 345.0
vehicle 175.0 417.0 190.0 422.0
vehicle 307.0 412.0 323.0 418.0
vehicle 18.0 145.0 24.0 163.0
vehicle 1.0 146.0 6.0 163.0
vehicle 9.0 145.0 15.0 158.0
vehicle 191.0 351.0 202.0 357.0
vehicle 299.0 350.0 313.0 356.0
vehicle 310.0 340.0 323.0 345.0
vehicle 59.0 220.0 74.0 235.0
vehicle 77.0 211.0 93.0 217.0
ship 306.0 74.0 322.0 86.0
vehicle 365.0 399.0 380.0 405.0
vehicle 418.0 348.0 429.0 355.0
vehicle 478.0 335.0 495.0 340.0
vehicle 459.0 400.0 474.0 406.0
vehicle 467.0 348.0 480.0 353.0
vehicle 692.0 403.0 708.0 410.0
vehicle 732.0 342.0 743.0 346.0
vehicle 767.0 328.0 784.0 334.0
vehicle 675.0 331.0 688.0 337.0
bridge 191.0 315.0 653.0 368.0
bridge 174.0 381.0 652.0 436.0
