vehicle 650.0 695.0 666.0 736.0
vehicle 543.0 688.0 565.0 697.0
vehicle 328.0 698.0 339.0 721.0
vehicle 131.0 623.0 140.0 645.0
vehicle 447.0 555.0 457.0 573.0
vehicle 34.0 413.0 55.0 419.0
vehicle 37.0 369.0 58.0 376.0
vehicle 39.0 346.0 58.0 356.0
vehicle 4.0 117.0 15.0 134.0
vehicle 25.0 130.0 42.0 148.0
vehicle 62.0 166.0 80.0 182.0
vehicle 76.0 186.0 100.0 204.0
vehicle 112.0 231.0 134.0 247.0
vehicle 112.0 368.0 119.0 386.0
vehicle 89.0 348.0 112.0 357.0
vehicle 87.0 286.0 110.0 294.0
vehicle 122.0 342.0 129.0 360.0
vehicle 152.0 340.0 160.0 359.0
vehicle 176.0 367.0 183.0 389.0
vehicle 122.0 307.0 131.0 325.0
vehicle 116.0 262.0 127.0 281.0
vehicle 137.0 260.0 161.0 279.0
vehicle 149.0 279.0 180.0 303.0
vehicle 163.0 298.0 189.0 316.0
vehicle 188.0 322.0 204.0 338.0
vehicle 456.0 441.0 465.0 451.0
vehicle 407.0 350.0 416.0 368.0
vehicle 417.0 244.0 426.0 260.0
vehicle 440.0 210.0 450.0 229.0
vehicle 518.0 236.0 527.0 253.0
vehicle 459.0 42.0 468.0 60.0
vehicle 533.0 64.0 542.0 83.0
vehicle 767.0 206.0 779.0 222.0
vehicle 633.0 308.0 651.0 323.0
vehicle 596.0 371.0 623.0 379.0
vehicle 612.0 329.0 641.0 354.0
vehicle 716.0 292.0 726.0 311.0
vehicle 662.0 368.0 672.0 387.0
vehicle 704.0 377.0 714.0 397.0
vehicle 736.0 383.0 747.0 404.0
vehicle 721.0 357.0 730.0 376.0
vehicle 785.0 366.0 794.0 387.0
vehicle 769.0 312.0 783.0 337.0
bridge 311.0 326.0 437.0 564.0
bridge 417.0 379.0 532.0 570.0
