airplane 240.0 128.0 282.0 174.0
airplane 262.0 129.0 276.0 142.0
airplane 240.0 168.0 265.0 188.0
airplane 258.0 178.0 277.0 196.0
airplane 235.0 187.0 255.0 203.0
airplane 230.0 209.0 248.0 225.0
airplane 315.0 253.0 342.0 269.0
airplane 415.0 302.0 430.0 321.0
airplane 435.0 311.0 451.0 329.0
airplane 388.0 336.0 407.0 350.0
airplane 401.0 348.0 423.0 368.0
airplane 423.0 364.0 445.0 379.0
airplane 440.0 377.0 458.0 394.0
airplane 331.0 403.0 360.0 425.0
airplane 210.0 398.0 246.0 425.0
airplane 211.0 446.0 229.0 465.0
airplane 206.0 466.0 227.0 487.0
airplane 234.0 493.0 254.0 512.0
airplane 252.0 511.0 269.0 524.0
airplane 267.0 522.0 283.0 540.0
airplane 279.0 540.0 305.0 559.0
airplane 297.0 556.0 315.0 573.0
airplane 321.0 427.0 344.0 450.0
airplane 296.0 442.0 321.0 463.0
airplane 356.0 470.0 380.0 489.0
airplane 401.0 451.0 417.0 469.0
airplane 384.0 461.0 399.0 474.0
airplane 330.0 514.0 353.0 535.0
airplane 335.0 487.0 363.0 507.0
airplane 406.0 546.0 427.0 566.0
airplane 375.0 545.0 394.0 562.0
airplane 417.0 623.0 441.0 645.0
airplane 446.0 648.0 468.0 667.0
