tenniscourt 341.0 71.0 373.0 123.0
tenniscourt 383.0 68.0 417.0 120.0
tenniscourt 497.0 138.0 509.0 154.0
tenniscourt 508.0 136.0 522.0 155.0
tenniscourt 521.0 135.0 532.0 153.0
vehicle 597.0 33.0 607.0 38.0
vehicle 705.0 97.0 715.0 101.0
vehicle 16.0 45.0 29.0 49.0
vehicle 233.0 1.0 238.0 10.0
vehicle 732.0 77.0 737.0 86.0
vehicle 765.0 159.0 772.0 172.0
vehicle 700.0 172.0 713.0 181.0
vehicle 757.0 334.0 766.0 339.0
vehicle 781.0 391.0 786.0 399.0
vehicle 696.0 397.0 703.0 406.0
vehicle 686.0 591.0 698.0 598.0
vehicle 588.0 609.0 598.0 613.0
vehicle 469.0 388.0 480.0 394.0
vehicle 638.0 348.0 643.0 358.0
vehicle 272.0 330.0 277.0 341.0
vehicle 202.0 634.0 214.0 642.0
vehicle 284.0 686.0 293.0 694.0
vehicle 369.0 760.0 378.0 770.0
vehicle 318.0 717.0 327.0 724.0
vehicle 326.0 653.0 332.0 662.0
vehicle 168.0 426.0 178.0 433.0
vehicle 3.0 531.0 11.0 538.0
vehicle 32.0 522.0 40.0 530.0
