tenniscourt 105.0 243.0 169.0 339.0
tenniscourt 159.0 231.0 220.0 324.0
tenniscourt 143.0 374.0 203.0 466.0
tenniscourt 193.0 360.0 255.0 454.0
vehicle 215.0 67.0 229.0 76.0
vehicle 214.0 56.0 227.0 63.0
vehicle 11.0 268.0 21.0 288.0
vehicle 19.0 288.0 28.0 306.0
vehicle 9.0 301.0 14.0 311.0
vehicle 21.0 325.0 29.0 341.0
vehicle 594.0 40.0 607.0 58.0
vehicle 579.0 47.0 589.0 62.0
vehicle 536.0 59.0 547.0 76.0
vehicle 522.0 67.0 532.0 83.0
vehicle 514.0 72.0 523.0 86.0
vehicle 629.0 88.0 639.0 105.0
vehicle 554.0 54.0 565.0 72.0
vehicle 608.0 100.0 615.0 115.0
vehicle 593.0 83.0 602.0 102.0
vehicle 585.0 88.0 594.0 105.0
vehicle 598.0 102.0 610.0 123.0
vehicle 581.0 106.0 591.0 123.0
vehicle 561.0 105.0 576.0 131.0
vehicle 545.0 104.0 555.0 119.0
vehicle 533.0 126.0 543.0 142.0
vehicle 518.0 109.0 531.0 131.0
vehicle 503.0 116.0 512.0 131.0
vehicle 485.0 121.0 498.0 140.0
vehicle 475.0 142.0 488.0 159.0
vehicle 461.0 129.0 474.0 145.0
vehicle 628.0 134.0 639.0 153.0
vehicle 650.0 157.0 660.0 174.0
vehicle 641.0 161.0 648.0 177.0
vehicle 629.0 166.0 639.0 182.0
vehicle 598.0 178.0 608.0 193.0
vehicle 554.0 158.0 565.0 174.0
vehicle 574.0 187.0 583.0 201.0
vehicle 547.0 163.0 556.0 178.0
vehicle 565.0 188.0 575.0 202.0
vehicle 559.0 191.0 567.0 207.0
vehicle 506.0 176.0 516.0 192.0
vehicle 490.0 182.0 500.0 197.0
vehicle 509.0 210.0 518.0 222.0
vehicle 500.0 212.0 509.0 227.0
vehicle 426.0 142.0 437.0 158.0
vehicle 432.0 162.0 444.0 178.0
vehicle 440.0 179.0 449.0 195.0
vehicle 444.0 196.0 454.0 211.0
vehicle 450.0 214.0 460.0 230.0
vehicle 456.0 234.0 466.0 252.0
vehicle 463.0 253.0 473.0 269.0
vehicle 498.0 255.0 507.0 272.0
vehicle 474.0 187.0 484.0 205.0
vehicle 506.0 254.0 514.0 268.0
vehicle 513.0 248.0 523.0 264.0
vehicle 522.0 246.0 531.0 262.0
vehicle 530.0 244.0 541.0 260.0
vehicle 538.0 241.0 550.0 259.0
vehicle 554.0 234.0 566.0 252.0
vehicle 562.0 231.0 573.0 248.0
vehicle 571.0 229.0 581.0 245.0
vehicle 580.0 226.0 591.0 243.0
vehicle 588.0 224.0 598.0 238.0
vehicle 598.0 221.0 607.0 235.0
vehicle 605.0 217.0 615.0 234.0
vehicle 614.0 216.0 624.0 233.0
vehicle 626.0 230.0 636.0 245.0
vehicle 589.0 244.0 599.0 258.0
vehicle 564.0 252.0 573.0 267.0
vehicle 503.0 273.0 513.0 287.0
vehicle 621.0 274.0 632.0 293.0
vehicle 540.0 327.0 555.0 334.0
vehicle 559.0 329.0 575.0 337.0
vehicle 579.0 332.0 594.0 339.0
vehicle 617.0 336.0 633.0 345.0
vehicle 598.0 335.0 614.0 342.0
basketballcourt 258.0 356.0 321.0 463.0
