baseballfield 346.0 87.0 452.0 197.0
baseballfield 24.0 527.0 132.0 632.0
groundtrackfield 524.0 32.0 765.0 578.0
vehicle 350.0 43.0 364.0 51.0
vehicle 434.0 32.0 449.0 38.0
vehicle 504.0 105.0 511.0 120.0
vehicle 503.0 128.0 510.0 145.0
vehicle 504.0 155.0 510.0 170.0
vehicle 504.0 182.0 509.0 195.0
vehicle 506.0 429.0 512.0 444.0
vehicle 505.0 449.0 512.0 462.0
vehicle 503.0 492.0 511.0 508.0
vehicle 504.0 511.0 513.0 528.0
vehicle 749.0 758.0 763.0 766.0
vehicle 787.0 776.0 800.0 786.0
vehicle 21.0 688.0 35.0 696.0
vehicle 65.0 689.0 79.0 695.0
vehicle 121.0 676.0 136.0 684.0
vehicle 156.0 688.0 172.0 695.0
vehicle 295.0 687.0 308.0 695.0
vehicle 288.0 31.0 304.0 38.0
