tenniscourt 183.0 358.0 250.0 459.0
tenniscourt 267.0 350.0 339.0 456.0
tenniscourt 205.0 495.0 264.0 602.0
tenniscourt 281.0 488.0 349.0 599.0
tenniscourt 214.0 628.0 278.0 736.0
tenniscourt 296.0 623.0 359.0 728.0
vehicle 320.0 59.0 330.0 82.0
vehicle 128.0 157.0 138.0 179.0
vehicle 286.0 111.0 305.0 121.0
vehicle 281.0 169.0 308.0 179.0
vehicle 354.0 121.0 368.0 144.0
vehicle 359.0 158.0 369.0 179.0
vehicle 363.0 221.0 373.0 241.0
vehicle 330.0 182.0 341.0 207.0
vehicle 105.0 48.0 116.0 68.0
