ship 404.0 442.0 415.0 473.0
ship 413.0 447.0 421.0 482.0
ship 420.0 450.0 428.0 485.0
ship 442.0 562.0 451.0 586.0
ship 220.0 626.0 244.0 636.0
ship 279.0 648.0 305.0 660.0
ship 171.0 645.0 229.0 666.0
ship 677.0 753.0 728.0 773.0
harbor 689.0 699.0 758.0 747.0
harbor 600.0 651.0 626.0 712.0
harbor 387.0 613.0 411.0 652.0
harbor 335.0 608.0 356.0 643.0
harbor 294.0 595.0 332.0 636.0
ship 368.0 636.0 387.0 648.0
storagetank 353.0 532.0 359.0 541.0
storagetank 368.0 531.0 375.0 538.0
storagetank 379.0 533.0 387.0 540.0
storagetank 382.0 547.0 391.0 556.0
storagetank 368.0 548.0 379.0 559.0
storagetank 355.0 547.0 367.0 557.0
storagetank 356.0 564.0 367.0 575.0
storagetank 367.0 561.0 379.0 574.0
