baseballfield 274.0 153.0 354.0 206.0
baseballfield 312.0 435.0 368.0 473.0
baseballfield 287.0 482.0 368.0 537.0
groundtrackfield 230.0 602.0 367.0 795.0
groundtrackfield 374.0 153.0 514.0 297.0
overpass 536.0 307.0 546.0 355.0
overpass 671.0 321.0 708.0 363.0
tenniscourt 578.0 758.0 595.0 785.0
tenniscourt 600.0 760.0 618.0 786.0
tenniscourt 624.0 761.0 642.0 786.0
tenniscourt 647.0 761.0 665.0 787.0
vehicle 528.0 479.0 541.0 489.0
vehicle 516.0 495.0 526.0 504.0
vehicle 523.0 495.0 533.0 504.0
vehicle 530.0 497.0 541.0 506.0
vehicle 538.0 497.0 550.0 504.0
vehicle 546.0 497.0 557.0 504.0
vehicle 560.0 497.0 571.0 507.0
vehicle 546.0 482.0 556.0 489.0
vehicle 555.0 482.0 565.0 489.0
vehicle 562.0 482.0 574.0 490.0
vehicle 570.0 483.0 581.0 490.0
vehicle 67.0 413.0 86.0 418.0
vehicle 148.0 421.0 168.0 426.0
vehicle 167.0 409.0 186.0 415.0
vehicle 157.0 404.0 187.0 411.0
vehicle 25.0 326.0 35.0 330.0
vehicle 119.0 324.0 133.0 329.0
