harbor 80.0 136.0 422.0 349.0
harbor 90.0 461.0 435.0 700.0
ship 124.0 139.0 159.0 224.0
ship 133.0 263.0 163.0 339.0
ship 173.0 256.0 193.0 314.0
ship 208.0 252.0 228.0 310.0
ship 168.0 135.0 198.0 227.0
ship 199.0 149.0 227.0 230.0
ship 235.0 133.0 269.0 227.0
ship 306.0 136.0 336.0 226.0
ship 347.0 160.0 369.0 211.0
ship 384.0 156.0 422.0 278.0
ship 243.0 244.0 274.0 329.0
ship 277.0 255.0 302.0 316.0
ship 341.0 246.0 375.0 345.0
ship 155.0 500.0 184.0 565.0
ship 189.0 462.0 221.0 550.0
ship 225.0 485.0 252.0 568.0
ship 263.0 493.0 287.0 562.0
ship 298.0 499.0 322.0 568.0
ship 333.0 471.0 357.0 567.0
ship 369.0 472.0 395.0 560.0
ship 404.0 512.0 429.0 585.0
ship 148.0 580.0 181.0 692.0
ship 192.0 584.0 221.0 674.0
ship 228.0 596.0 251.0 661.0
ship 286.0 584.0 325.0 685.0
ship 331.0 586.0 363.0 648.0
ship 370.0 589.0 394.0 653.0
ship 401.0 599.0 430.0 685.0
