airplane 368.0 37.0 411.0 83.0
airplane 153.0 130.0 196.0 167.0
airplane 104.0 148.0 147.0 192.0
airplane 48.0 167.0 88.0 210.0
airplane 11.0 225.0 58.0 263.0
airplane 28.0 294.0 75.0 329.0
airplane 51.0 335.0 102.0 370.0
airplane 75.0 379.0 121.0 412.0
airplane 97.0 416.0 149.0 456.0
airplane 283.0 291.0 332.0 327.0
airplane 306.0 363.0 374.0 422.0
airplane 409.0 240.0 451.0 282.0
airplane 455.0 196.0 500.0 230.0
airplane 440.0 125.0 484.0 162.0
airplane 358.0 441.0 404.0 478.0
airplane 425.0 500.0 469.0 546.0
airplane 485.0 475.0 524.0 517.0
airplane 533.0 459.0 571.0 498.0
airplane 584.0 638.0 626.0 677.0
airplane 527.0 675.0 575.0 709.0
airplane 417.0 83.0 465.0 120.0
