harbor 29.0 72.0 120.0 505.0
harbor 248.0 1.0 277.0 280.0
harbor 362.0 214.0 448.0 470.0
harbor 627.0 63.0 778.0 457.0
ship 53.0 192.0 86.0 204.0
ship 56.0 332.0 101.0 346.0
ship 68.0 318.0 99.0 329.0
ship 64.0 243.0 102.0 255.0
ship 59.0 228.0 100.0 241.0
ship 61.0 212.0 95.0 225.0
ship 31.0 467.0 65.0 482.0
ship 77.0 466.0 115.0 479.0
ship 77.0 399.0 116.0 413.0
ship 78.0 416.0 121.0 431.0
ship 75.0 450.0 117.0 463.0
ship 371.0 451.0 396.0 462.0
ship 65.0 376.0 98.0 389.0
ship 71.0 490.0 110.0 502.0
ship 409.0 427.0 432.0 437.0
ship 412.0 451.0 437.0 462.0
