tenniscourt 375.0 609.0 432.0 665.0
vehicle 29.0 379.0 38.0 389.0
vehicle 39.0 391.0 49.0 398.0
vehicle 47.0 398.0 56.0 408.0
vehicle 33.0 408.0 44.0 418.0
vehicle 104.0 464.0 115.0 473.0
vehicle 128.0 478.0 136.0 485.0
vehicle 136.0 509.0 145.0 518.0
vehicle 202.0 571.0 211.0 580.0
vehicle 155.0 586.0 166.0 595.0
vehicle 147.0 593.0 154.0 602.0
vehicle 88.0 615.0 102.0 623.0
vehicle 114.0 600.0 123.0 608.0
vehicle 21.0 686.0 32.0 695.0
vehicle 85.0 655.0 95.0 664.0
vehicle 11.0 708.0 21.0 717.0
vehicle 32.0 694.0 42.0 699.0
vehicle 38.0 672.0 48.0 680.0
vehicle 221.0 618.0 227.0 628.0
vehicle 47.0 696.0 54.0 706.0
vehicle 272.0 667.0 283.0 672.0
vehicle 279.0 676.0 287.0 685.0
vehicle 302.0 696.0 310.0 706.0
vehicle 321.0 710.0 330.0 718.0
vehicle 345.0 715.0 355.0 724.0
vehicle 351.0 695.0 361.0 705.0
vehicle 367.0 736.0 378.0 746.0
vehicle 370.0 714.0 380.0 724.0
vehicle 380.0 736.0 391.0 743.0
vehicle 399.0 743.0 409.0 752.0
vehicle 408.0 752.0 421.0 760.0
vehicle 412.0 779.0 422.0 789.0
vehicle 435.0 733.0 444.0 742.0
vehicle 727.0 700.0 739.0 708.0
vehicle 779.0 689.0 789.0 700.0
vehicle 705.0 744.0 717.0 757.0
vehicle 722.0 732.0 730.0 743.0
vehicle 730.0 727.0 742.0 737.0
vehicle 662.0 752.0 670.0 760.0
vehicle 758.0 690.0 768.0 701.0
vehicle 751.0 696.0 758.0 706.0
vehicle 650.0 10.0 661.0 19.0
vehicle 672.0 1.0 685.0 6.0
vehicle 623.0 5.0 636.0 14.0
vehicle 743.0 195.0 751.0 205.0
vehicle 717.0 190.0 723.0 202.0
vehicle 706.0 191.0 715.0 202.0
vehicle 639.0 29.0 646.0 42.0
vehicle 250.0 58.0 262.0 71.0
vehicle 245.0 62.0 257.0 76.0
vehicle 226.0 62.0 238.0 75.0
vehicle 177.0 4.0 186.0 15.0
basketballcourt 465.0 96.0 524.0 157.0
basketballcourt 498.0 58.0 567.0 126.0
tenniscourt 354.0 629.0 411.0 685.0
