storagetank 626.0 337.0 650.0 361.0
storagetank 626.0 367.0 652.0 394.0
storagetank 594.0 341.0 618.0 364.0
storagetank 594.0 370.0 619.0 394.0
storagetank 556.0 340.0 583.0 365.0
storagetank 556.0 368.0 581.0 394.0
storagetank 526.0 341.0 551.0 367.0
storagetank 528.0 372.0 552.0 396.0
storagetank 494.0 341.0 514.0 360.0
storagetank 468.0 341.0 487.0 359.0
storagetank 488.0 374.0 514.0 401.0
storagetank 459.0 373.0 483.0 399.0
storagetank 447.0 341.0 464.0 359.0
storagetank 421.0 342.0 439.0 360.0
storagetank 398.0 341.0 416.0 360.0
storagetank 426.0 375.0 452.0 401.0
storagetank 398.0 377.0 425.0 402.0
storagetank 87.0 425.0 97.0 436.0
storagetank 97.0 423.0 107.0 435.0
storagetank 86.0 439.0 97.0 449.0
storagetank 97.0 437.0 107.0 449.0
storagetank 124.0 387.0 135.0 401.0
storagetank 135.0 387.0 145.0 399.0
storagetank 124.0 401.0 135.0 412.0
storagetank 135.0 401.0 148.0 412.0
storagetank 149.0 348.0 159.0 359.0
storagetank 149.0 360.0 158.0 370.0
bridge 171.0 445.0 193.0 454.0
bridge 195.0 648.0 219.0 665.0
bridge 171.0 455.0 195.0 464.0
bridge 177.0 329.0 201.0 337.0
ship 8.0 124.0 29.0 131.0
ship 126.0 150.0 153.0 158.0
ship 87.0 282.0 118.0 289.0
ship 445.0 182.0 484.0 196.0
ship 420.0 203.0 435.0 211.0
ship 567.0 195.0 595.0 201.0
ship 421.0 284.0 458.0 294.0
ship 719.0 143.0 746.0 153.0
ship 714.0 214.0 739.0 220.0
ship 773.0 178.0 789.0 185.0
harbor 504.0 291.0 543.0 318.0
harbor 416.0 292.0 454.0 322.0
harbor 326.0 287.0 365.0 327.0
harbor 133.0 283.0 149.0 306.0
harbor 91.0 288.0 126.0 315.0
harbor 777.0 267.0 792.0 296.0
