harbor 379.0 66.0 727.0 785.0
harbor 26.0 92.0 374.0 777.0
harbor 728.0 385.0 800.0 585.0
ship 44.0 90.0 176.0 150.0
ship 27.0 160.0 118.0 206.0
ship 134.0 132.0 224.0 180.0
ship 57.0 201.0 128.0 235.0
ship 143.0 174.0 261.0 221.0
ship 77.0 232.0 136.0 261.0
ship 165.0 224.0 239.0 260.0
ship 79.0 266.0 138.0 296.0
ship 171.0 264.0 250.0 295.0
ship 93.0 297.0 150.0 324.0
ship 103.0 329.0 156.0 358.0
ship 102.0 360.0 165.0 395.0
ship 115.0 396.0 172.0 425.0
ship 125.0 430.0 184.0 460.0
ship 146.0 501.0 202.0 528.0
ship 180.0 562.0 227.0 585.0
ship 187.0 584.0 234.0 611.0
ship 193.0 609.0 239.0 632.0
ship 196.0 629.0 250.0 657.0
ship 181.0 294.0 290.0 341.0
ship 192.0 346.0 289.0 394.0
ship 200.0 390.0 310.0 432.0
ship 215.0 422.0 303.0 467.0
ship 228.0 464.0 309.0 500.0
ship 244.0 498.0 312.0 538.0
ship 258.0 542.0 327.0 574.0
ship 260.0 578.0 335.0 609.0
ship 271.0 616.0 344.0 652.0
ship 272.0 653.0 362.0 690.0
ship 295.0 683.0 361.0 721.0
ship 239.0 658.0 253.0 670.0
ship 237.0 668.0 258.0 686.0
ship 234.0 685.0 258.0 700.0
ship 221.0 701.0 246.0 716.0
ship 82.0 585.0 104.0 607.0
ship 86.0 602.0 104.0 616.0
ship 92.0 609.0 108.0 623.0
ship 97.0 618.0 113.0 637.0
ship 107.0 626.0 121.0 640.0
ship 112.0 637.0 124.0 648.0
ship 121.0 645.0 134.0 657.0
ship 125.0 664.0 138.0 679.0
ship 135.0 670.0 149.0 685.0
ship 140.0 685.0 155.0 700.0
ship 148.0 695.0 160.0 711.0
ship 159.0 707.0 174.0 719.0
ship 161.0 719.0 175.0 728.0
ship 177.0 727.0 197.0 748.0
ship 192.0 747.0 213.0 762.0
ship 218.0 743.0 229.0 759.0
ship 242.0 741.0 261.0 755.0
ship 264.0 754.0 276.0 762.0
ship 390.0 69.0 518.0 118.0
ship 379.0 127.0 465.0 167.0
ship 380.0 166.0 474.0 217.0
ship 393.0 207.0 487.0 258.0
ship 429.0 246.0 506.0 285.0
ship 420.0 283.0 516.0 330.0
ship 474.0 321.0 527.0 352.0
ship 442.0 352.0 487.0 375.0
ship 449.0 377.0 539.0 409.0
ship 454.0 407.0 547.0 454.0
ship 472.0 450.0 560.0 491.0
ship 483.0 488.0 570.0 533.0
ship 536.0 531.0 588.0 553.0
ship 528.0 564.0 573.0 583.0
ship 518.0 604.0 605.0 645.0
ship 522.0 644.0 618.0 683.0
ship 550.0 685.0 596.0 713.0
ship 512.0 722.0 640.0 778.0
ship 481.0 107.0 559.0 142.0
ship 500.0 148.0 564.0 176.0
ship 508.0 179.0 556.0 207.0
ship 518.0 212.0 574.0 240.0
ship 530.0 247.0 576.0 269.0
ship 541.0 273.0 593.0 300.0
ship 541.0 306.0 603.0 335.0
ship 556.0 334.0 621.0 367.0
ship 570.0 372.0 623.0 402.0
ship 571.0 399.0 649.0 440.0
ship 585.0 437.0 649.0 468.0
ship 597.0 469.0 651.0 499.0
ship 617.0 502.0 666.0 527.0
ship 606.0 533.0 691.0 570.0
ship 622.0 570.0 691.0 602.0
ship 629.0 611.0 700.0 642.0
ship 639.0 649.0 728.0 687.0
ship 648.0 697.0 701.0 729.0
ship 667.0 729.0 709.0 754.0
ship 673.0 753.0 719.0 773.0
ship 728.0 400.0 757.0 452.0
