tenniscourt 102.0 559.0 133.0 609.0
tenniscourt 129.0 713.0 171.0 768.0
tenniscourt 171.0 705.0 212.0 762.0
tenniscourt 107.0 634.0 139.0 686.0
tenniscourt 149.0 632.0 181.0 684.0
tenniscourt 143.0 559.0 173.0 608.0
vehicle 124.0 517.0 134.0 522.0
vehicle 183.0 454.0 188.0 465.0
vehicle 413.0 454.0 425.0 459.0
vehicle 162.0 425.0 167.0 433.0
vehicle 164.0 436.0 168.0 446.0
vehicle 590.0 623.0 607.0 632.0
vehicle 535.0 590.0 548.0 595.0
vehicle 584.0 574.0 591.0 581.0
vehicle 439.0 476.0 449.0 484.0
vehicle 455.0 454.0 466.0 461.0
vehicle 484.0 241.0 495.0 245.0
vehicle 504.0 313.0 509.0 322.0
vehicle 494.0 315.0 499.0 324.0
vehicle 126.0 263.0 136.0 267.0
vehicle 171.0 264.0 174.0 272.0
vehicle 136.0 336.0 148.0 340.0
vehicle 120.0 336.0 134.0 340.0
vehicle 176.0 28.0 182.0 37.0
vehicle 32.0 178.0 38.0 187.0
vehicle 265.0 500.0 278.0 506.0
vehicle 391.0 32.0 402.0 42.0
vehicle 391.0 45.0 401.0 49.0
vehicle 393.0 51.0 403.0 54.0
vehicle 464.0 748.0 471.0 758.0
vehicle 581.0 763.0 588.0 773.0
vehicle 519.0 416.0 531.0 421.0
vehicle 471.0 159.0 484.0 164.0
vehicle 734.0 39.0 742.0 49.0
vehicle 756.0 66.0 767.0 70.0
vehicle 772.0 66.0 784.0 70.0
vehicle 646.0 315.0 658.0 321.0
vehicle 719.0 350.0 725.0 361.0
vehicle 734.0 492.0 742.0 500.0
vehicle 742.0 503.0 751.0 514.0
vehicle 667.0 518.0 677.0 524.0
vehicle 755.0 546.0 768.0 556.0
vehicle 773.0 676.0 785.0 684.0
vehicle 669.0 647.0 677.0 658.0
vehicle 619.0 604.0 633.0 610.0
