harbor 34.0 50.0 231.0 280.0
harbor 178.0 48.0 722.0 690.0
ship 79.0 89.0 144.0 174.0
ship 129.0 122.0 170.0 184.0
ship 36.0 176.0 126.0 244.0
ship 126.0 227.0 219.0 278.0
ship 410.0 135.0 576.0 268.0
ship 571.0 271.0 642.0 334.0
ship 403.0 348.0 456.0 433.0
ship 583.0 500.0 655.0 548.0
ship 601.0 477.0 672.0 526.0
ship 606.0 423.0 717.0 499.0
ship 432.0 370.0 498.0 487.0
ship 471.0 411.0 508.0 464.0
ship 396.0 204.0 478.0 276.0
ship 596.0 532.0 640.0 575.0
ship 247.0 381.0 306.0 469.0
ship 309.0 294.0 352.0 363.0
ship 269.0 418.0 318.0 490.0
ship 326.0 444.0 367.0 518.0
ship 358.0 440.0 400.0 531.0
ship 390.0 480.0 427.0 555.0
ship 414.0 471.0 484.0 575.0
ship 442.0 506.0 500.0 589.0
ship 473.0 522.0 525.0 603.0
ship 498.0 540.0 551.0 613.0
ship 520.0 547.0 587.0 631.0
ship 558.0 576.0 599.0 646.0
ship 580.0 587.0 626.0 651.0
