storagetank 503.0 319.0 648.0 462.0
storagetank 430.0 522.0 593.0 676.0
storagetank 675.0 321.0 783.0 421.0
storagetank 700.0 452.0 782.0 520.0
ship 73.0 46.0 226.0 299.0
ship 68.0 181.0 112.0 258.0
storagetank 624.0 450.0 689.0 506.0
storagetank 627.0 558.0 654.0 577.0
storagetank 626.0 600.0 654.0 616.0
storagetank 589.0 646.0 617.0 666.0
vehicle 713.0 622.0 733.0 631.0
vehicle 646.0 76.0 654.0 94.0
vehicle 654.0 80.0 661.0 94.0
vehicle 664.0 80.0 670.0 95.0
vehicle 670.0 76.0 678.0 94.0
vehicle 602.0 80.0 619.0 87.0
vehicle 604.0 88.0 618.0 96.0
vehicle 602.0 97.0 619.0 104.0
vehicle 601.0 106.0 616.0 113.0
vehicle 602.0 114.0 616.0 120.0
vehicle 602.0 122.0 619.0 129.0
vehicle 546.0 179.0 559.0 186.0
vehicle 504.0 194.0 520.0 201.0
vehicle 507.0 207.0 519.0 214.0
vehicle 505.0 216.0 520.0 222.0
vehicle 483.0 247.0 498.0 254.0
vehicle 573.0 93.0 581.0 108.0
vehicle 630.0 713.0 653.0 722.0
storagetank 638.0 747.0 655.0 759.0
harbor 70.0 41.0 478.0 300.0
