windmill 55.0 360.0 71.0 372.0
windmill 30.0 470.0 44.0 482.0
windmill 138.0 527.0 150.0 539.0
windmill 204.0 527.0 219.0 539.0
windmill 272.0 610.0 288.0 620.0
windmill 327.0 680.0 342.0 693.0
windmill 96.0 280.0 110.0 292.0
windmill 114.0 193.0 130.0 203.0
windmill 297.0 357.0 309.0 370.0
windmill 381.0 350.0 397.0 363.0
windmill 476.0 377.0 494.0 389.0
windmill 696.0 459.0 713.0 474.0
windmill 308.0 36.0 321.0 44.0
windmill 369.0 133.0 387.0 144.0
windmill 446.0 264.0 464.0 280.0
windmill 466.0 97.0 480.0 111.0
windmill 610.0 136.0 625.0 147.0
windmill 631.0 76.0 648.0 87.0
windmill 715.0 174.0 731.0 185.0
