airplane 33.0 73.0 77.0 118.0
airplane 15.0 265.0 47.0 292.0
airplane 16.0 300.0 49.0 325.0
airplane 166.0 571.0 205.0 599.0
airplane 531.0 554.0 561.0 589.0
airplane 581.0 552.0 614.0 591.0
airplane 703.0 661.0 749.0 698.0
airplane 100.0 102.0 126.0 126.0
airplane 14.0 34.0 39.0 57.0
airplane 20.0 187.0 33.0 198.0
airplane 23.0 202.0 34.0 216.0
airplane 23.0 244.0 35.0 257.0
airplane 70.0 217.0 81.0 231.0
airplane 67.0 235.0 83.0 249.0
airplane 93.0 39.0 111.0 55.0
airplane 115.0 35.0 135.0 54.0
