harbor 73.0 299.0 717.0 420.0
harbor 113.0 80.0 716.0 216.0
ship 84.0 291.0 118.0 305.0
ship 8.0 89.0 34.0 138.0
ship 31.0 89.0 56.0 145.0
ship 5.0 141.0 30.0 197.0
ship 30.0 151.0 58.0 201.0
ship 123.0 109.0 136.0 145.0
ship 145.0 115.0 157.0 143.0
ship 220.0 103.0 235.0 145.0
ship 261.0 101.0 278.0 146.0
ship 162.0 160.0 174.0 185.0
ship 183.0 154.0 198.0 192.0
ship 262.0 160.0 279.0 205.0
ship 307.0 158.0 322.0 203.0
ship 392.0 156.0 412.0 211.0
ship 488.0 159.0 508.0 206.0
ship 508.0 85.0 532.0 145.0
ship 561.0 92.0 578.0 142.0
ship 561.0 159.0 579.0 208.0
ship 612.0 157.0 634.0 218.0
ship 663.0 158.0 680.0 209.0
ship 126.0 324.0 139.0 360.0
ship 126.0 372.0 141.0 401.0
ship 165.0 334.0 178.0 357.0
ship 189.0 326.0 201.0 358.0
ship 223.0 373.0 241.0 411.0
ship 287.0 370.0 301.0 407.0
ship 330.0 327.0 345.0 358.0
ship 374.0 312.0 392.0 358.0
ship 350.0 370.0 370.0 420.0
ship 421.0 304.0 440.0 357.0
ship 490.0 303.0 512.0 358.0
ship 666.0 390.0 677.0 411.0
ship 184.0 120.0 197.0 146.0
ship 202.0 102.0 215.0 140.0
ship 308.0 103.0 321.0 145.0
ship 325.0 107.0 340.0 145.0
ship 218.0 154.0 236.0 205.0
ship 241.0 159.0 257.0 203.0
ship 392.0 99.0 411.0 145.0
ship 416.0 94.0 434.0 145.0
ship 440.0 159.0 457.0 212.0
ship 463.0 157.0 482.0 212.0
ship 639.0 86.0 659.0 146.0
ship 664.0 86.0 685.0 145.0
ship 688.0 84.0 710.0 144.0
ship 109.0 334.0 122.0 341.0
ship 109.0 342.0 122.0 350.0
ship 150.0 373.0 162.0 407.0
ship 166.0 370.0 179.0 401.0
ship 225.0 313.0 240.0 349.0
ship 245.0 313.0 259.0 354.0
ship 270.0 331.0 282.0 359.0
ship 289.0 326.0 300.0 358.0
ship 468.0 373.0 484.0 422.0
ship 491.0 369.0 510.0 423.0
ship 565.0 297.0 586.0 355.0
ship 593.0 301.0 611.0 355.0
ship 571.0 373.0 583.0 405.0
ship 593.0 369.0 610.0 422.0
