harbor 59.0 295.0 288.0 591.0
harbor 401.0 306.0 627.0 623.0
harbor 686.0 511.0 800.0 624.0
harbor 237.0 99.0 698.0 200.0
harbor 89.0 1.0 225.0 158.0
ship 92.0 1.0 179.0 54.0
ship 138.0 59.0 208.0 119.0
ship 153.0 110.0 225.0 164.0
ship 229.0 100.0 266.0 177.0
ship 273.0 104.0 295.0 158.0
ship 300.0 101.0 322.0 155.0
ship 435.0 102.0 457.0 156.0
ship 673.0 99.0 700.0 164.0
ship 501.0 95.0 528.0 160.0
ship 536.0 101.0 563.0 166.0
ship 337.0 100.0 364.0 165.0
ship 402.0 96.0 432.0 177.0
ship 569.0 101.0 599.0 182.0
ship 633.0 93.0 662.0 166.0
ship 366.0 99.0 400.0 197.0
ship 60.0 293.0 192.0 333.0
ship 58.0 342.0 167.0 374.0
ship 181.0 343.0 290.0 375.0
ship 404.0 348.0 513.0 380.0
ship 408.0 386.0 517.0 418.0
ship 62.0 464.0 171.0 496.0
ship 400.0 305.0 509.0 337.0
ship 63.0 559.0 172.0 591.0
ship 527.0 426.0 629.0 459.0
ship 181.0 464.0 283.0 497.0
ship 179.0 500.0 266.0 532.0
ship 427.0 476.0 514.0 508.0
ship 520.0 306.0 621.0 342.0
ship 90.0 390.0 163.0 413.0
ship 187.0 425.0 260.0 448.0
ship 531.0 474.0 604.0 497.0
ship 77.0 505.0 163.0 554.0
ship 93.0 423.0 160.0 444.0
ship 183.0 395.0 227.0 413.0
ship 448.0 429.0 508.0 449.0
ship 548.0 506.0 607.0 530.0
ship 535.0 559.0 599.0 581.0
ship 448.0 559.0 515.0 584.0
ship 197.0 548.0 256.0 572.0
ship 738.0 511.0 779.0 606.0
ship 686.0 523.0 737.0 622.0
ship 538.0 343.0 617.0 394.0
