ship 441.0 504.0 454.0 521.0
ship 288.0 589.0 294.0 607.0
ship 666.0 547.0 672.0 569.0
ship 709.0 706.0 714.0 719.0
ship 717.0 728.0 724.0 747.0
ship 708.0 748.0 724.0 791.0
ship 294.0 327.0 312.0 346.0
ship 623.0 441.0 647.0 485.0
ship 569.0 227.0 583.0 272.0
ship 83.0 342.0 100.0 363.0
ship 209.0 221.0 240.0 250.0
ship 114.0 45.0 136.0 62.0
ship 94.0 155.0 112.0 168.0
ship 150.0 134.0 171.0 152.0
ship 163.0 131.0 181.0 147.0
ship 203.0 166.0 226.0 183.0
ship 207.0 178.0 224.0 193.0
ship 282.0 24.0 297.0 35.0
ship 350.0 70.0 363.0 83.0
ship 368.0 91.0 383.0 106.0
