airplane 258.0 155.0 323.0 213.0
airplane 630.0 422.0 687.0 485.0
airplane 637.0 351.0 698.0 410.0
airplane 423.0 395.0 486.0 453.0
airplane 190.0 674.0 268.0 738.0
airplane 749.0 57.0 800.0 99.0
airplane 597.0 56.0 658.0 125.0
airplane 395.0 69.0 452.0 139.0
airplane 715.0 632.0 771.0 694.0
airplane 659.0 497.0 721.0 559.0
airplane 360.0 707.0 419.0 766.0
airplane 423.0 646.0 482.0 708.0
airplane 448.0 529.0 505.0 594.0
vehicle 284.0 711.0 292.0 737.0
vehicle 467.0 604.0 493.0 615.0
vehicle 472.0 281.0 489.0 289.0
vehicle 790.0 538.0 798.0 556.0
vehicle 788.0 579.0 797.0 604.0
vehicle 475.0 354.0 485.0 359.0
vehicle 682.0 302.0 694.0 308.0
vehicle 610.0 378.0 617.0 392.0
vehicle 632.0 290.0 637.0 303.0
vehicle 643.0 289.0 648.0 303.0
vehicle 649.0 290.0 654.0 302.0
vehicle 432.0 311.0 442.0 317.0
vehicle 424.0 314.0 435.0 321.0
vehicle 598.0 294.0 604.0 304.0
vehicle 622.0 291.0 628.0 303.0
vehicle 219.0 480.0 227.0 496.0
vehicle 210.0 493.0 214.0 504.0
vehicle 192.0 441.0 197.0 454.0
vehicle 225.0 438.0 231.0 449.0
vehicle 161.0 443.0 171.0 449.0
vehicle 207.0 354.0 213.0 366.0
vehicle 193.0 384.0 199.0 391.0
vehicle 197.0 380.0 205.0 389.0
