vehicle 1.0 361.0 10.0 372.0
vehicle 25.0 362.0 52.0 372.0
vehicle 646.0 644.0 673.0 654.0
vehicle 720.0 617.0 728.0 638.0
vehicle 748.0 618.0 756.0 642.0
vehicle 644.0 554.0 668.0 563.0
vehicle 648.0 527.0 669.0 537.0
vehicle 652.0 501.0 671.0 509.0
vehicle 750.0 353.0 774.0 360.0
vehicle 772.0 366.0 797.0 376.0
vehicle 640.0 592.0 666.0 602.0
vehicle 648.0 609.0 672.0 617.0
vehicle 699.0 91.0 710.0 119.0
bridge 215.0 322.0 626.0 413.0
ship 270.0 72.0 334.0 212.0
vehicle 685.0 143.0 712.0 156.0
vehicle 686.0 157.0 710.0 170.0
vehicle 688.0 173.0 715.0 186.0
vehicle 684.0 188.0 715.0 201.0
vehicle 704.0 236.0 722.0 268.0
vehicle 757.0 267.0 770.0 293.0
vehicle 789.0 270.0 800.0 295.0
