tenniscourt 84.0 38.0 122.0 125.0
tenniscourt 181.0 41.0 222.0 126.0
tenniscourt 133.0 40.0 172.0 126.0
tenniscourt 231.0 42.0 267.0 129.0
tenniscourt 307.0 46.0 347.0 130.0
tenniscourt 354.0 49.0 393.0 131.0
groundtrackfield 494.0 194.0 793.0 787.0
vehicle 3.0 259.0 8.0 274.0
vehicle 11.0 257.0 19.0 274.0
vehicle 20.0 258.0 27.0 275.0
vehicle 28.0 257.0 34.0 275.0
vehicle 35.0 258.0 44.0 276.0
vehicle 45.0 257.0 52.0 275.0
vehicle 53.0 256.0 62.0 276.0
vehicle 63.0 258.0 70.0 275.0
vehicle 71.0 258.0 78.0 276.0
vehicle 80.0 259.0 88.0 276.0
vehicle 96.0 258.0 102.0 275.0
vehicle 104.0 258.0 112.0 279.0
vehicle 1.0 184.0 6.0 199.0
vehicle 1.0 210.0 8.0 230.0
vehicle 9.0 212.0 14.0 228.0
vehicle 17.0 213.0 24.0 229.0
vehicle 25.0 212.0 31.0 230.0
vehicle 8.0 186.0 15.0 203.0
vehicle 17.0 185.0 23.0 202.0
vehicle 24.0 184.0 33.0 201.0
vehicle 32.0 213.0 39.0 230.0
vehicle 39.0 213.0 46.0 232.0
vehicle 46.0 214.0 54.0 233.0
vehicle 54.0 215.0 60.0 231.0
vehicle 34.0 185.0 41.0 201.0
vehicle 43.0 187.0 49.0 204.0
vehicle 60.0 213.0 68.0 231.0
vehicle 69.0 214.0 76.0 229.0
vehicle 76.0 214.0 84.0 231.0
vehicle 52.0 185.0 59.0 203.0
vehicle 60.0 185.0 66.0 203.0
vehicle 70.0 183.0 76.0 203.0
vehicle 78.0 186.0 84.0 203.0
vehicle 86.0 185.0 93.0 202.0
vehicle 94.0 186.0 100.0 204.0
vehicle 103.0 186.0 110.0 205.0
vehicle 113.0 188.0 119.0 204.0
vehicle 121.0 187.0 128.0 204.0
vehicle 130.0 188.0 136.0 204.0
vehicle 137.0 187.0 145.0 205.0
vehicle 86.0 213.0 92.0 230.0
vehicle 92.0 214.0 99.0 232.0
vehicle 100.0 215.0 106.0 234.0
vehicle 107.0 216.0 113.0 231.0
vehicle 114.0 215.0 121.0 233.0
vehicle 122.0 214.0 129.0 232.0
vehicle 129.0 215.0 137.0 232.0
vehicle 138.0 216.0 145.0 233.0
vehicle 197.0 189.0 205.0 205.0
vehicle 196.0 217.0 203.0 234.0
vehicle 204.0 219.0 212.0 236.0
vehicle 206.0 191.0 214.0 208.0
vehicle 215.0 193.0 223.0 210.0
vehicle 213.0 219.0 219.0 235.0
vehicle 221.0 218.0 226.0 235.0
vehicle 223.0 192.0 231.0 208.0
vehicle 232.0 194.0 239.0 209.0
vehicle 228.0 220.0 234.0 235.0
vehicle 236.0 219.0 242.0 236.0
vehicle 244.0 218.0 252.0 236.0
vehicle 253.0 219.0 259.0 235.0
vehicle 261.0 220.0 269.0 239.0
vehicle 240.0 189.0 248.0 210.0
vehicle 249.0 193.0 257.0 210.0
vehicle 258.0 193.0 265.0 209.0
vehicle 272.0 191.0 279.0 209.0
vehicle 281.0 193.0 286.0 210.0
vehicle 277.0 220.0 283.0 235.0
vehicle 284.0 219.0 291.0 237.0
vehicle 293.0 222.0 300.0 237.0
vehicle 301.0 221.0 308.0 237.0
vehicle 308.0 222.0 315.0 240.0
vehicle 317.0 222.0 324.0 240.0
vehicle 325.0 221.0 331.0 240.0
vehicle 333.0 223.0 340.0 240.0
vehicle 340.0 222.0 347.0 240.0
vehicle 349.0 222.0 356.0 238.0
vehicle 287.0 193.0 294.0 210.0
vehicle 295.0 194.0 303.0 212.0
vehicle 303.0 193.0 309.0 210.0
vehicle 310.0 193.0 316.0 213.0
vehicle 317.0 195.0 324.0 211.0
vehicle 325.0 192.0 333.0 213.0
vehicle 334.0 195.0 340.0 212.0
vehicle 341.0 195.0 348.0 213.0
vehicle 348.0 195.0 356.0 212.0
vehicle 403.0 158.0 411.0 176.0
vehicle 396.0 157.0 402.0 172.0
vehicle 389.0 158.0 395.0 174.0
vehicle 381.0 158.0 386.0 173.0
vehicle 373.0 159.0 380.0 172.0
vehicle 365.0 158.0 373.0 175.0
vehicle 359.0 158.0 364.0 174.0
vehicle 349.0 158.0 358.0 174.0
vehicle 343.0 158.0 349.0 175.0
vehicle 336.0 158.0 343.0 175.0
vehicle 327.0 157.0 334.0 174.0
vehicle 319.0 158.0 326.0 174.0
vehicle 312.0 156.0 318.0 173.0
vehicle 303.0 156.0 311.0 174.0
vehicle 295.0 155.0 302.0 172.0
vehicle 287.0 154.0 294.0 172.0
vehicle 278.0 155.0 287.0 174.0
vehicle 256.0 156.0 272.0 164.0
vehicle 233.0 156.0 249.0 163.0
vehicle 214.0 156.0 229.0 163.0
vehicle 195.0 155.0 212.0 162.0
vehicle 178.0 154.0 191.0 163.0
vehicle 158.0 154.0 176.0 161.0
vehicle 135.0 154.0 151.0 161.0
vehicle 116.0 154.0 131.0 161.0
vehicle 93.0 151.0 110.0 159.0
vehicle 70.0 151.0 87.0 160.0
vehicle 51.0 149.0 67.0 158.0
vehicle 27.0 150.0 47.0 157.0
vehicle 9.0 149.0 25.0 156.0
vehicle 22.0 162.0 40.0 173.0
vehicle 447.0 156.0 456.0 174.0
vehicle 478.0 156.0 486.0 172.0
vehicle 487.0 156.0 494.0 174.0
vehicle 496.0 157.0 504.0 174.0
vehicle 505.0 157.0 512.0 174.0
vehicle 513.0 158.0 522.0 175.0
vehicle 522.0 159.0 529.0 174.0
vehicle 529.0 156.0 536.0 176.0
vehicle 536.0 156.0 544.0 173.0
vehicle 429.0 201.0 437.0 218.0
vehicle 437.0 200.0 445.0 218.0
vehicle 446.0 200.0 453.0 218.0
vehicle 453.0 199.0 460.0 216.0
vehicle 462.0 200.0 469.0 217.0
vehicle 469.0 202.0 477.0 218.0
vehicle 477.0 203.0 485.0 218.0
vehicle 485.0 201.0 493.0 220.0
vehicle 494.0 201.0 502.0 221.0
vehicle 503.0 204.0 510.0 221.0
vehicle 511.0 201.0 517.0 220.0
vehicle 519.0 204.0 526.0 220.0
vehicle 526.0 205.0 535.0 222.0
baseballfield 297.0 641.0 394.0 738.0
