vehicle 761.0 727.0 768.0 738.0
vehicle 375.0 728.0 387.0 736.0
vehicle 284.0 694.0 296.0 703.0
vehicle 248.0 682.0 259.0 689.0
vehicle 203.0 676.0 215.0 685.0
vehicle 25.0 629.0 37.0 636.0
vehicle 401.0 578.0 408.0 588.0
vehicle 407.0 552.0 413.0 561.0
vehicle 416.0 523.0 422.0 533.0
vehicle 456.0 470.0 469.0 478.0
vehicle 514.0 447.0 526.0 456.0
vehicle 531.0 440.0 542.0 450.0
vehicle 458.0 219.0 465.0 229.0
vehicle 468.0 214.0 475.0 224.0
vehicle 420.0 186.0 428.0 192.0
vehicle 476.0 183.0 484.0 193.0
vehicle 470.0 153.0 480.0 163.0
vehicle 483.0 148.0 492.0 159.0
vehicle 494.0 145.0 503.0 154.0
vehicle 423.0 169.0 432.0 179.0
vehicle 408.0 159.0 420.0 166.0
vehicle 435.0 149.0 445.0 155.0
vehicle 421.0 134.0 430.0 142.0
vehicle 500.0 123.0 512.0 130.0
vehicle 523.0 92.0 532.0 100.0
vehicle 657.0 57.0 667.0 66.0
vehicle 656.0 38.0 665.0 45.0
vehicle 732.0 27.0 742.0 34.0
vehicle 217.0 182.0 227.0 188.0
vehicle 267.0 172.0 277.0 179.0
tenniscourt 70.0 121.0 107.0 182.0
tenniscourt 105.0 114.0 143.0 174.0
baseballfield 100.0 294.0 143.0 361.0
