harbor 109.0 615.0 614.0 679.0
harbor 117.0 531.0 654.0 591.0
harbor 118.0 445.0 662.0 506.0
harbor 110.0 348.0 666.0 422.0
harbor 89.0 249.0 669.0 321.0
harbor 123.0 714.0 370.0 734.0
harbor 42.0 137.0 666.0 201.0
ship 523.0 332.0 548.0 343.0
ship 206.0 714.0 225.0 719.0
ship 332.0 714.0 371.0 721.0
ship 141.0 643.0 149.0 667.0
ship 143.0 615.0 149.0 634.0
ship 146.0 568.0 152.0 586.0
ship 148.0 531.0 155.0 557.0
ship 152.0 481.0 157.0 498.0
ship 155.0 448.0 162.0 468.0
ship 136.0 252.0 145.0 282.0
ship 158.0 288.0 167.0 312.0
ship 153.0 386.0 162.0 411.0
ship 153.0 349.0 162.0 377.0
ship 445.0 647.0 456.0 677.0
ship 153.0 614.0 159.0 633.0
ship 155.0 643.0 163.0 666.0
ship 168.0 643.0 176.0 667.0
ship 162.0 616.0 169.0 635.0
ship 171.0 617.0 178.0 636.0
ship 182.0 617.0 189.0 636.0
ship 202.0 616.0 208.0 634.0
ship 193.0 643.0 207.0 668.0
ship 218.0 644.0 239.0 673.0
ship 220.0 616.0 228.0 635.0
ship 230.0 615.0 237.0 635.0
ship 241.0 616.0 247.0 636.0
ship 243.0 644.0 252.0 676.0
ship 255.0 645.0 264.0 670.0
ship 266.0 646.0 274.0 675.0
ship 279.0 645.0 288.0 675.0
ship 292.0 644.0 302.0 675.0
ship 270.0 617.0 277.0 635.0
ship 282.0 618.0 286.0 635.0
ship 289.0 620.0 294.0 634.0
ship 301.0 616.0 316.0 637.0
ship 320.0 617.0 326.0 637.0
ship 329.0 618.0 335.0 635.0
ship 340.0 617.0 346.0 637.0
ship 349.0 617.0 355.0 637.0
ship 317.0 644.0 325.0 671.0
ship 332.0 644.0 342.0 673.0
ship 347.0 643.0 355.0 676.0
ship 362.0 646.0 371.0 674.0
ship 375.0 645.0 383.0 676.0
ship 390.0 645.0 398.0 676.0
ship 405.0 645.0 414.0 677.0
ship 419.0 646.0 428.0 676.0
ship 460.0 646.0 471.0 676.0
ship 476.0 645.0 484.0 678.0
ship 490.0 646.0 500.0 676.0
ship 534.0 650.0 543.0 677.0
ship 517.0 619.0 523.0 637.0
ship 537.0 621.0 543.0 639.0
ship 556.0 621.0 562.0 639.0
ship 565.0 619.0 572.0 639.0
ship 547.0 647.0 556.0 677.0
ship 561.0 646.0 569.0 676.0
ship 607.0 619.0 615.0 677.0
ship 591.0 648.0 600.0 679.0
ship 334.0 537.0 341.0 559.0
ship 344.0 538.0 352.0 561.0
ship 355.0 539.0 362.0 561.0
ship 367.0 538.0 375.0 562.0
ship 378.0 538.0 385.0 562.0
ship 389.0 537.0 396.0 560.0
ship 400.0 538.0 407.0 561.0
ship 410.0 538.0 418.0 562.0
ship 422.0 538.0 429.0 561.0
ship 444.0 542.0 451.0 562.0
ship 468.0 539.0 475.0 562.0
ship 479.0 538.0 486.0 562.0
ship 489.0 538.0 497.0 562.0
ship 501.0 538.0 508.0 561.0
ship 512.0 539.0 520.0 563.0
ship 525.0 539.0 532.0 562.0
ship 536.0 538.0 543.0 563.0
ship 549.0 539.0 556.0 563.0
ship 560.0 539.0 568.0 562.0
ship 572.0 538.0 579.0 562.0
ship 584.0 539.0 590.0 562.0
ship 595.0 542.0 603.0 564.0
ship 527.0 570.0 533.0 587.0
ship 536.0 570.0 541.0 590.0
ship 566.0 571.0 572.0 590.0
ship 614.0 572.0 620.0 591.0
ship 632.0 569.0 641.0 591.0
ship 644.0 571.0 650.0 591.0
ship 345.0 479.0 353.0 505.0
ship 357.0 480.0 365.0 504.0
ship 567.0 449.0 574.0 475.0
ship 580.0 450.0 589.0 475.0
ship 431.0 388.0 439.0 412.0
ship 98.0 155.0 110.0 196.0
ship 82.0 159.0 88.0 175.0
ship 465.0 161.0 476.0 195.0
ship 431.0 355.0 439.0 381.0
ship 455.0 354.0 463.0 381.0
ship 630.0 390.0 640.0 417.0
ship 656.0 363.0 667.0 410.0
ship 525.0 161.0 537.0 200.0
ship 541.0 161.0 551.0 196.0
ship 555.0 161.0 567.0 199.0
ship 570.0 161.0 580.0 193.0
ship 586.0 161.0 598.0 199.0
ship 603.0 160.0 614.0 199.0
ship 647.0 166.0 653.0 181.0
ship 653.0 184.0 659.0 199.0
ship 433.0 164.0 442.0 193.0
ship 417.0 161.0 428.0 193.0
ship 403.0 160.0 413.0 198.0
ship 388.0 157.0 399.0 196.0
ship 371.0 159.0 383.0 193.0
ship 385.0 255.0 396.0 284.0
ship 399.0 251.0 407.0 285.0
ship 410.0 251.0 421.0 285.0
ship 424.0 252.0 432.0 284.0
ship 448.0 253.0 458.0 284.0
ship 460.0 254.0 470.0 286.0
ship 474.0 254.0 484.0 286.0
ship 489.0 256.0 498.0 286.0
ship 517.0 251.0 528.0 286.0
ship 531.0 253.0 540.0 282.0
ship 558.0 253.0 570.0 285.0
ship 575.0 256.0 584.0 283.0
ship 589.0 255.0 597.0 286.0
ship 602.0 253.0 613.0 285.0
ship 617.0 254.0 626.0 285.0
ship 632.0 255.0 642.0 285.0
ship 646.0 254.0 656.0 284.0
ship 659.0 254.0 671.0 287.0
ship 376.0 296.0 386.0 322.0
ship 389.0 290.0 397.0 315.0
ship 401.0 291.0 410.0 316.0
ship 422.0 290.0 433.0 317.0
ship 435.0 290.0 442.0 316.0
ship 446.0 289.0 455.0 316.0
ship 458.0 292.0 465.0 313.0
ship 470.0 292.0 477.0 315.0
ship 481.0 290.0 490.0 317.0
ship 494.0 290.0 503.0 316.0
ship 506.0 293.0 515.0 318.0
ship 519.0 291.0 527.0 316.0
ship 532.0 294.0 539.0 316.0
ship 545.0 290.0 554.0 317.0
ship 557.0 292.0 565.0 318.0
ship 571.0 293.0 579.0 315.0
ship 583.0 291.0 591.0 317.0
ship 596.0 290.0 604.0 317.0
ship 608.0 293.0 617.0 318.0
ship 622.0 294.0 630.0 318.0
ship 634.0 295.0 642.0 317.0
ship 647.0 292.0 655.0 320.0
ship 356.0 159.0 368.0 199.0
ship 343.0 159.0 353.0 195.0
ship 361.0 252.0 370.0 281.0
ship 350.0 251.0 357.0 284.0
ship 343.0 290.0 352.0 316.0
ship 354.0 290.0 363.0 313.0
ship 366.0 289.0 374.0 314.0
ship 641.0 355.0 651.0 383.0
ship 629.0 355.0 638.0 382.0
ship 615.0 355.0 627.0 384.0
ship 604.0 355.0 614.0 383.0
ship 592.0 354.0 601.0 381.0
ship 577.0 355.0 588.0 382.0
ship 566.0 356.0 576.0 382.0
ship 541.0 356.0 549.0 382.0
ship 528.0 355.0 537.0 383.0
ship 514.0 354.0 524.0 382.0
ship 502.0 355.0 512.0 382.0
ship 489.0 354.0 499.0 383.0
ship 477.0 356.0 485.0 381.0
ship 453.0 392.0 460.0 415.0
ship 464.0 387.0 473.0 416.0
ship 476.0 390.0 485.0 415.0
ship 489.0 389.0 499.0 415.0
ship 503.0 389.0 511.0 415.0
ship 515.0 388.0 524.0 415.0
ship 528.0 389.0 537.0 415.0
ship 540.0 389.0 548.0 415.0
ship 552.0 390.0 561.0 415.0
ship 566.0 389.0 576.0 415.0
ship 579.0 389.0 587.0 414.0
ship 591.0 389.0 601.0 413.0
ship 604.0 390.0 612.0 417.0
ship 442.0 449.0 450.0 474.0
ship 445.0 481.0 454.0 504.0
ship 454.0 448.0 464.0 475.0
ship 456.0 483.0 464.0 503.0
ship 467.0 483.0 475.0 505.0
ship 466.0 449.0 474.0 473.0
ship 477.0 450.0 486.0 474.0
ship 491.0 450.0 499.0 474.0
ship 502.0 449.0 512.0 474.0
ship 515.0 449.0 524.0 476.0
ship 528.0 448.0 538.0 476.0
ship 541.0 450.0 551.0 476.0
ship 479.0 480.0 487.0 503.0
ship 490.0 482.0 498.0 505.0
ship 501.0 483.0 510.0 506.0
ship 514.0 482.0 522.0 504.0
ship 526.0 483.0 534.0 505.0
ship 537.0 482.0 545.0 507.0
ship 549.0 481.0 557.0 505.0
ship 562.0 483.0 569.0 505.0
ship 606.0 450.0 613.0 474.0
ship 596.0 482.0 604.0 507.0
ship 607.0 483.0 616.0 505.0
ship 618.0 451.0 626.0 475.0
ship 630.0 451.0 638.0 475.0
ship 643.0 451.0 652.0 475.0
ship 620.0 483.0 629.0 508.0
ship 631.0 482.0 640.0 507.0
ship 643.0 484.0 652.0 508.0
ship 655.0 482.0 664.0 506.0
ship 407.0 353.0 416.0 379.0
ship 396.0 353.0 405.0 381.0
ship 384.0 353.0 393.0 381.0
ship 373.0 353.0 383.0 376.0
ship 350.0 354.0 359.0 380.0
ship 340.0 354.0 349.0 380.0
ship 339.0 389.0 346.0 413.0
ship 351.0 388.0 359.0 413.0
ship 361.0 390.0 369.0 412.0
ship 373.0 388.0 381.0 414.0
ship 384.0 389.0 392.0 414.0
ship 397.0 388.0 405.0 413.0
ship 406.0 389.0 417.0 414.0
ship 350.0 448.0 358.0 471.0
ship 334.0 480.0 342.0 503.0
ship 377.0 481.0 386.0 504.0
ship 388.0 481.0 396.0 503.0
ship 361.0 449.0 370.0 473.0
ship 374.0 449.0 382.0 472.0
ship 385.0 454.0 393.0 474.0
ship 397.0 447.0 405.0 474.0
ship 408.0 448.0 417.0 475.0
ship 418.0 449.0 428.0 475.0
ship 430.0 451.0 438.0 474.0
ship 412.0 481.0 420.0 504.0
ship 422.0 481.0 431.0 505.0
ship 434.0 481.0 442.0 504.0
ship 322.0 567.0 329.0 589.0
ship 331.0 568.0 339.0 588.0
ship 341.0 568.0 348.0 587.0
ship 350.0 569.0 358.0 590.0
ship 360.0 569.0 368.0 589.0
ship 370.0 568.0 377.0 588.0
ship 379.0 568.0 387.0 589.0
ship 389.0 568.0 397.0 590.0
ship 399.0 569.0 406.0 588.0
ship 409.0 568.0 416.0 589.0
ship 418.0 569.0 426.0 590.0
ship 428.0 568.0 436.0 589.0
ship 437.0 568.0 446.0 589.0
ship 448.0 570.0 456.0 588.0
ship 458.0 568.0 465.0 589.0
ship 467.0 568.0 474.0 587.0
ship 477.0 569.0 484.0 589.0
ship 487.0 570.0 495.0 590.0
ship 496.0 572.0 503.0 588.0
ship 545.0 569.0 552.0 591.0
ship 555.0 570.0 562.0 590.0
ship 574.0 569.0 582.0 591.0
ship 585.0 570.0 591.0 591.0
ship 618.0 540.0 627.0 563.0
ship 631.0 540.0 639.0 564.0
ship 644.0 540.0 650.0 561.0
ship 360.0 619.0 366.0 636.0
ship 368.0 617.0 375.0 637.0
ship 378.0 616.0 385.0 638.0
ship 388.0 619.0 394.0 637.0
ship 408.0 617.0 414.0 638.0
ship 417.0 617.0 426.0 638.0
ship 428.0 617.0 434.0 637.0
ship 437.0 618.0 445.0 638.0
ship 446.0 618.0 452.0 637.0
ship 456.0 618.0 464.0 639.0
ship 466.0 617.0 474.0 638.0
ship 476.0 619.0 485.0 639.0
ship 486.0 618.0 493.0 638.0
ship 498.0 618.0 504.0 638.0
ship 507.0 618.0 513.0 639.0
ship 577.0 621.0 583.0 639.0
ship 585.0 619.0 592.0 640.0
ship 594.0 619.0 601.0 640.0
