harbor 153.0 69.0 641.0 374.0
harbor 121.0 397.0 270.0 739.0
harbor 32.0 80.0 87.0 692.0
harbor 40.0 1.0 121.0 66.0
harbor 300.0 440.0 498.0 579.0
harbor 273.0 626.0 494.0 731.0
ship 647.0 48.0 667.0 82.0
ship 593.0 31.0 606.0 62.0
ship 647.0 354.0 663.0 377.0
harbor 27.0 737.0 82.0 800.0
ship 36.0 752.0 76.0 765.0
ship 51.0 770.0 76.0 781.0
ship 121.0 712.0 234.0 736.0
ship 45.0 591.0 75.0 603.0
ship 46.0 609.0 75.0 618.0
ship 51.0 640.0 77.0 648.0
ship 44.0 654.0 74.0 665.0
ship 56.0 518.0 80.0 530.0
ship 51.0 474.0 80.0 485.0
ship 48.0 454.0 78.0 464.0
ship 43.0 405.0 98.0 421.0
ship 160.0 399.0 218.0 415.0
ship 148.0 428.0 210.0 442.0
ship 167.0 455.0 210.0 469.0
ship 146.0 474.0 209.0 491.0
ship 157.0 499.0 210.0 513.0
ship 153.0 518.0 208.0 536.0
ship 151.0 544.0 206.0 560.0
ship 154.0 566.0 209.0 580.0
ship 161.0 592.0 210.0 606.0
ship 158.0 612.0 207.0 629.0
ship 153.0 636.0 210.0 651.0
ship 176.0 658.0 210.0 669.0
ship 222.0 638.0 238.0 697.0
ship 244.0 627.0 262.0 695.0
ship 220.0 520.0 242.0 565.0
ship 219.0 433.0 248.0 487.0
ship 320.0 627.0 338.0 693.0
ship 277.0 713.0 350.0 729.0
ship 406.0 713.0 468.0 730.0
ship 348.0 644.0 365.0 693.0
ship 371.0 628.0 392.0 695.0
ship 399.0 642.0 415.0 691.0
ship 477.0 658.0 490.0 704.0
ship 305.0 455.0 324.0 549.0
ship 334.0 516.0 346.0 549.0
ship 336.0 446.0 352.0 500.0
ship 381.0 449.0 397.0 496.0
ship 428.0 451.0 444.0 499.0
ship 449.0 442.0 465.0 500.0
ship 425.0 515.0 441.0 562.0
ship 381.0 513.0 396.0 561.0
ship 476.0 492.0 498.0 570.0
ship 447.0 515.0 462.0 565.0
ship 44.0 382.0 87.0 395.0
ship 40.0 267.0 87.0 284.0
ship 43.0 289.0 87.0 304.0
ship 39.0 317.0 82.0 327.0
ship 47.0 225.0 85.0 237.0
ship 44.0 180.0 91.0 193.0
ship 42.0 200.0 86.0 213.0
ship 49.0 88.0 90.0 102.0
ship 49.0 107.0 94.0 120.0
ship 155.0 100.0 189.0 113.0
ship 160.0 120.0 189.0 127.0
ship 158.0 138.0 193.0 151.0
ship 158.0 155.0 191.0 168.0
ship 150.0 176.0 205.0 193.0
ship 163.0 224.0 202.0 236.0
ship 162.0 243.0 204.0 257.0
ship 161.0 264.0 208.0 279.0
ship 159.0 285.0 205.0 300.0
ship 152.0 307.0 203.0 322.0
ship 215.0 218.0 242.0 264.0
ship 216.0 286.0 238.0 327.0
ship 213.0 131.0 260.0 161.0
ship 253.0 177.0 267.0 207.0
ship 301.0 142.0 340.0 162.0
ship 277.0 180.0 286.0 199.0
ship 327.0 177.0 339.0 211.0
ship 345.0 178.0 360.0 213.0
ship 365.0 178.0 377.0 213.0
ship 384.0 178.0 396.0 218.0
ship 421.0 178.0 432.0 209.0
ship 366.0 141.0 408.0 162.0
ship 440.0 135.0 492.0 162.0
ship 519.0 131.0 593.0 162.0
ship 440.0 184.0 449.0 211.0
ship 475.0 178.0 487.0 211.0
ship 495.0 180.0 506.0 209.0
ship 512.0 180.0 523.0 215.0
ship 528.0 178.0 543.0 215.0
ship 549.0 181.0 560.0 211.0
ship 566.0 179.0 578.0 209.0
ship 585.0 178.0 598.0 209.0
ship 339.0 272.0 350.0 303.0
ship 334.0 321.0 353.0 370.0
ship 362.0 325.0 375.0 364.0
ship 359.0 268.0 369.0 306.0
ship 375.0 263.0 391.0 306.0
ship 393.0 267.0 407.0 305.0
ship 382.0 321.0 394.0 356.0
ship 406.0 322.0 420.0 362.0
ship 425.0 323.0 441.0 365.0
ship 449.0 323.0 463.0 372.0
ship 477.0 347.0 488.0 374.0
ship 415.0 261.0 427.0 304.0
ship 433.0 277.0 444.0 303.0
ship 449.0 263.0 464.0 307.0
ship 468.0 273.0 480.0 305.0
ship 486.0 269.0 498.0 303.0
ship 488.0 322.0 575.0 342.0
ship 524.0 262.0 538.0 305.0
ship 543.0 262.0 554.0 304.0
ship 561.0 270.0 571.0 304.0
ship 618.0 163.0 638.0 257.0
ship 593.0 282.0 633.0 332.0
