harbor 278.0 14.0 542.0 644.0
ship 670.0 56.0 705.0 77.0
ship 265.0 33.0 278.0 72.0
ship 242.0 36.0 255.0 74.0
ship 170.0 734.0 215.0 748.0
ship 19.0 664.0 68.0 697.0
ship 158.0 13.0 193.0 36.0
ship 1.0 164.0 36.0 177.0
ship 15.0 10.0 42.0 21.0
harbor 145.0 91.0 271.0 354.0
ship 307.0 11.0 329.0 76.0
ship 360.0 19.0 383.0 76.0
ship 390.0 30.0 405.0 78.0
ship 414.0 25.0 431.0 80.0
ship 440.0 29.0 458.0 78.0
ship 501.0 94.0 511.0 123.0
ship 383.0 107.0 392.0 137.0
ship 301.0 129.0 336.0 141.0
ship 309.0 145.0 334.0 158.0
ship 295.0 165.0 336.0 177.0
ship 305.0 224.0 337.0 235.0
ship 300.0 242.0 336.0 258.0
ship 299.0 263.0 335.0 275.0
ship 309.0 283.0 339.0 297.0
ship 306.0 303.0 336.0 314.0
ship 306.0 323.0 334.0 335.0
ship 298.0 337.0 333.0 353.0
ship 355.0 203.0 371.0 250.0
ship 380.0 199.0 395.0 249.0
ship 401.0 198.0 414.0 254.0
ship 480.0 204.0 500.0 252.0
ship 508.0 220.0 542.0 281.0
ship 357.0 265.0 372.0 311.0
ship 379.0 268.0 393.0 309.0
ship 399.0 266.0 414.0 304.0
ship 441.0 264.0 454.0 301.0
ship 464.0 266.0 477.0 303.0
ship 355.0 350.0 369.0 394.0
ship 288.0 380.0 331.0 396.0
ship 400.0 357.0 411.0 393.0
ship 419.0 353.0 434.0 395.0
ship 505.0 361.0 530.0 445.0
ship 478.0 411.0 495.0 458.0
ship 459.0 410.0 472.0 449.0
ship 420.0 411.0 432.0 457.0
ship 375.0 408.0 390.0 451.0
ship 285.0 418.0 333.0 434.0
ship 282.0 440.0 332.0 454.0
ship 278.0 461.0 334.0 477.0
ship 282.0 513.0 330.0 528.0
ship 288.0 531.0 325.0 559.0
ship 285.0 573.0 305.0 637.0
ship 316.0 578.0 328.0 620.0
ship 333.0 573.0 354.0 643.0
ship 358.0 576.0 381.0 642.0
ship 387.0 576.0 406.0 639.0
ship 375.0 508.0 408.0 560.0
ship 414.0 516.0 431.0 560.0
ship 435.0 516.0 450.0 559.0
ship 477.0 514.0 493.0 559.0
ship 503.0 540.0 519.0 601.0
ship 472.0 574.0 488.0 628.0
ship 417.0 579.0 434.0 639.0
ship 444.0 579.0 459.0 626.0
