ship 61.0 78.0 82.0 196.0
ship 51.0 202.0 81.0 399.0
ship 49.0 399.0 81.0 594.0
ship 92.0 407.0 110.0 495.0
ship 106.0 493.0 124.0 579.0
ship 94.0 498.0 106.0 562.0
ship 318.0 466.0 327.0 517.0
ship 326.0 473.0 336.0 513.0
ship 337.0 469.0 344.0 513.0
ship 345.0 470.0 353.0 506.0
ship 733.0 552.0 792.0 579.0
ship 700.0 482.0 761.0 506.0
ship 18.0 667.0 67.0 712.0
harbor 76.0 71.0 373.0 581.0
storagetank 396.0 346.0 418.0 372.0
storagetank 418.0 340.0 441.0 367.0
storagetank 444.0 339.0 464.0 360.0
storagetank 464.0 334.0 485.0 355.0
storagetank 466.0 354.0 488.0 377.0
storagetank 447.0 360.0 468.0 382.0
storagetank 471.0 375.0 493.0 398.0
storagetank 452.0 380.0 471.0 399.0
storagetank 476.0 394.0 499.0 420.0
storagetank 456.0 399.0 476.0 425.0
storagetank 423.0 368.0 447.0 389.0
storagetank 403.0 372.0 426.0 394.0
storagetank 408.0 393.0 430.0 418.0
storagetank 428.0 391.0 454.0 415.0
storagetank 413.0 418.0 435.0 442.0
storagetank 435.0 415.0 458.0 437.0
storagetank 440.0 436.0 463.0 461.0
storagetank 417.0 440.0 440.0 465.0
storagetank 422.0 464.0 446.0 492.0
storagetank 445.0 460.0 470.0 487.0
ship 342.0 368.0 353.0 403.0
ship 345.0 409.0 354.0 446.0
storagetank 393.0 220.0 411.0 239.0
storagetank 394.0 239.0 413.0 259.0
storagetank 397.0 260.0 418.0 282.0
storagetank 418.0 257.0 440.0 281.0
storagetank 415.0 235.0 436.0 258.0
storagetank 412.0 215.0 432.0 235.0
storagetank 435.0 210.0 450.0 225.0
storagetank 451.0 205.0 468.0 222.0
storagetank 468.0 201.0 484.0 219.0
storagetank 439.0 226.0 454.0 241.0
storagetank 455.0 224.0 470.0 238.0
storagetank 470.0 219.0 488.0 235.0
storagetank 442.0 243.0 458.0 259.0
storagetank 460.0 239.0 474.0 254.0
storagetank 475.0 234.0 492.0 252.0
