harbor 25.0 63.0 727.0 196.0
harbor 215.0 252.0 735.0 345.0
harbor 215.0 392.0 736.0 484.0
harbor 217.0 545.0 735.0 624.0
harbor 210.0 677.0 736.0 757.0
ship 45.0 143.0 65.0 195.0
ship 93.0 76.0 113.0 128.0
ship 138.0 62.0 160.0 132.0
ship 261.0 66.0 283.0 136.0
ship 164.0 78.0 184.0 126.0
ship 214.0 82.0 234.0 130.0
ship 141.0 146.0 161.0 194.0
ship 118.0 145.0 130.0 174.0
ship 211.0 147.0 223.0 176.0
ship 268.0 147.0 280.0 176.0
ship 287.0 148.0 300.0 184.0
ship 323.0 148.0 336.0 184.0
ship 360.0 147.0 373.0 183.0
ship 397.0 154.0 408.0 183.0
ship 437.0 146.0 450.0 184.0
ship 409.0 82.0 423.0 129.0
ship 523.0 70.0 538.0 127.0
ship 550.0 80.0 565.0 125.0
ship 628.0 73.0 647.0 128.0
ship 678.0 72.0 697.0 127.0
ship 219.0 311.0 234.0 343.0
ship 251.0 311.0 266.0 343.0
ship 290.0 312.0 305.0 344.0
ship 452.0 313.0 467.0 345.0
ship 540.0 312.0 555.0 344.0
ship 593.0 311.0 608.0 343.0
ship 610.0 311.0 625.0 343.0
ship 699.0 309.0 713.0 345.0
ship 305.0 252.0 323.0 295.0
ship 325.0 258.0 337.0 300.0
ship 382.0 256.0 397.0 295.0
ship 458.0 257.0 473.0 296.0
ship 559.0 257.0 579.0 298.0
ship 597.0 255.0 617.0 296.0
ship 695.0 255.0 715.0 296.0
ship 218.0 391.0 232.0 430.0
ship 258.0 445.0 270.0 480.0
ship 291.0 394.0 303.0 429.0
ship 301.0 445.0 313.0 480.0
ship 368.0 445.0 380.0 480.0
ship 413.0 444.0 425.0 479.0
ship 432.0 394.0 444.0 429.0
ship 523.0 443.0 535.0 478.0
ship 226.0 593.0 286.0 609.0
ship 329.0 549.0 344.0 580.0
ship 434.0 588.0 485.0 604.0
ship 524.0 590.0 581.0 620.0
ship 615.0 588.0 673.0 605.0
ship 611.0 553.0 622.0 576.0
ship 544.0 551.0 555.0 572.0
ship 507.0 553.0 516.0 578.0
ship 468.0 550.0 483.0 572.0
ship 434.0 550.0 445.0 573.0
ship 399.0 546.0 414.0 578.0
