airplane 66.0 20.0 119.0 77.0
airplane 88.0 77.0 140.0 124.0
airplane 120.0 139.0 164.0 182.0
airplane 139.0 191.0 192.0 243.0
airplane 311.0 61.0 363.0 111.0
airplane 196.0 391.0 243.0 433.0
airplane 269.0 492.0 310.0 535.0
airplane 308.0 528.0 360.0 575.0
airplane 109.0 591.0 158.0 642.0
airplane 155.0 636.0 200.0 685.0
airplane 196.0 675.0 253.0 727.0
airplane 459.0 380.0 536.0 460.0
airplane 391.0 318.0 471.0 402.0
airplane 365.0 224.0 420.0 281.0
airplane 403.0 126.0 497.0 216.0
airplane 504.0 67.0 547.0 119.0
airplane 633.0 300.0 699.0 373.0
airplane 567.0 351.0 619.0 412.0
airplane 706.0 253.0 755.0 310.0
vehicle 742.0 254.0 761.0 279.0
vehicle 294.0 454.0 306.0 476.0
vehicle 48.0 690.0 67.0 704.0
vehicle 76.0 124.0 87.0 145.0
