harbor 73.0 567.0 727.0 729.0
harbor 76.0 340.0 567.0 498.0
harbor 74.0 69.0 205.0 280.0
harbor 365.0 149.0 693.0 331.0
ship 373.0 169.0 395.0 234.0
ship 406.0 164.0 436.0 262.0
ship 444.0 168.0 467.0 242.0
ship 474.0 163.0 501.0 244.0
ship 589.0 164.0 620.0 256.0
ship 653.0 183.0 691.0 328.0
ship 89.0 366.0 109.0 410.0
ship 94.0 434.0 117.0 497.0
ship 152.0 345.0 175.0 408.0
ship 153.0 435.0 172.0 491.0
ship 184.0 345.0 205.0 412.0
ship 212.0 348.0 234.0 416.0
ship 185.0 435.0 207.0 492.0
ship 212.0 438.0 231.0 490.0
ship 242.0 342.0 267.0 413.0
ship 269.0 346.0 295.0 410.0
ship 243.0 431.0 267.0 496.0
ship 271.0 431.0 295.0 491.0
ship 301.0 355.0 323.0 414.0
ship 305.0 431.0 327.0 490.0
ship 331.0 353.0 353.0 412.0
ship 329.0 432.0 351.0 491.0
ship 361.0 352.0 383.0 411.0
ship 362.0 427.0 384.0 486.0
ship 389.0 351.0 408.0 413.0
ship 391.0 424.0 411.0 483.0
ship 422.0 353.0 442.0 412.0
ship 422.0 427.0 442.0 486.0
ship 448.0 432.0 466.0 480.0
ship 452.0 347.0 473.0 408.0
ship 479.0 347.0 502.0 412.0
ship 507.0 344.0 530.0 409.0
ship 537.0 347.0 556.0 408.0
ship 482.0 420.0 501.0 481.0
ship 508.0 427.0 527.0 488.0
ship 542.0 422.0 561.0 473.0
ship 137.0 170.0 166.0 195.0
ship 148.0 153.0 177.0 178.0
ship 162.0 128.0 191.0 153.0
ship 173.0 110.0 202.0 135.0
ship 630.0 156.0 655.0 166.0
ship 83.0 584.0 106.0 647.0
ship 112.0 591.0 134.0 642.0
ship 113.0 667.0 134.0 723.0
ship 139.0 670.0 159.0 728.0
ship 140.0 592.0 158.0 646.0
ship 171.0 584.0 189.0 640.0
ship 171.0 662.0 189.0 718.0
ship 196.0 579.0 214.0 638.0
ship 227.0 654.0 245.0 713.0
ship 226.0 588.0 244.0 641.0
ship 254.0 589.0 272.0 642.0
ship 280.0 589.0 298.0 642.0
ship 307.0 590.0 325.0 643.0
ship 253.0 661.0 272.0 720.0
ship 281.0 658.0 300.0 717.0
ship 339.0 580.0 358.0 639.0
ship 339.0 652.0 358.0 711.0
ship 365.0 578.0 384.0 637.0
ship 368.0 654.0 387.0 713.0
ship 396.0 654.0 415.0 713.0
ship 393.0 574.0 412.0 633.0
ship 421.0 575.0 440.0 634.0
ship 450.0 575.0 469.0 634.0
ship 477.0 576.0 496.0 635.0
ship 450.0 653.0 471.0 721.0
ship 479.0 653.0 498.0 707.0
ship 534.0 580.0 553.0 634.0
ship 563.0 584.0 583.0 634.0
ship 534.0 649.0 556.0 709.0
ship 561.0 651.0 583.0 711.0
ship 589.0 650.0 611.0 710.0
ship 589.0 576.0 611.0 636.0
ship 617.0 576.0 636.0 632.0
ship 643.0 573.0 663.0 630.0
ship 619.0 651.0 639.0 708.0
ship 646.0 647.0 668.0 703.0
ship 675.0 649.0 698.0 714.0
ship 672.0 570.0 695.0 630.0
ship 704.0 586.0 728.0 677.0
ship 233.0 81.0 272.0 115.0
