ship 12.0 49.0 796.0 692.0
airplane 145.0 167.0 194.0 202.0
ship 509.0 582.0 630.0 679.0
vehicle 38.0 309.0 55.0 326.0
vehicle 98.0 356.0 118.0 374.0
vehicle 181.0 474.0 193.0 488.0
vehicle 198.0 486.0 208.0 499.0
vehicle 209.0 497.0 223.0 511.0
vehicle 315.0 540.0 336.0 558.0
vehicle 9.0 492.0 23.0 504.0
vehicle 2.0 504.0 17.0 516.0
vehicle 26.0 505.0 40.0 528.0
vehicle 15.0 535.0 26.0 553.0
vehicle 6.0 557.0 17.0 575.0
vehicle 67.0 517.0 80.0 533.0
vehicle 73.0 523.0 84.0 540.0
vehicle 80.0 524.0 92.0 541.0
vehicle 86.0 529.0 99.0 545.0
vehicle 92.0 535.0 104.0 550.0
vehicle 98.0 540.0 109.0 555.0
vehicle 104.0 545.0 115.0 560.0
vehicle 109.0 550.0 123.0 567.0
vehicle 101.0 498.0 113.0 512.0
vehicle 117.0 512.0 128.0 525.0
vehicle 126.0 519.0 140.0 536.0
vehicle 132.0 524.0 143.0 539.0
vehicle 139.0 529.0 151.0 543.0
vehicle 146.0 533.0 158.0 548.0
vehicle 19.0 654.0 31.0 670.0
vehicle 28.0 661.0 36.0 671.0
vehicle 35.0 661.0 43.0 674.0
vehicle 57.0 669.0 69.0 687.0
vehicle 65.0 674.0 74.0 690.0
vehicle 83.0 682.0 95.0 700.0
vehicle 76.0 681.0 87.0 696.0
vehicle 131.0 646.0 142.0 660.0
vehicle 118.0 591.0 130.0 607.0
vehicle 130.0 602.0 140.0 616.0
vehicle 133.0 670.0 144.0 684.0
vehicle 142.0 653.0 154.0 671.0
vehicle 143.0 676.0 155.0 690.0
vehicle 155.0 664.0 164.0 675.0
vehicle 149.0 681.0 160.0 695.0
vehicle 160.0 666.0 170.0 679.0
vehicle 154.0 686.0 167.0 701.0
vehicle 158.0 693.0 172.0 706.0
vehicle 164.0 695.0 178.0 710.0
vehicle 170.0 700.0 183.0 715.0
vehicle 179.0 701.0 191.0 719.0
vehicle 169.0 674.0 182.0 691.0
vehicle 176.0 680.0 188.0 695.0
vehicle 189.0 690.0 198.0 702.0
vehicle 193.0 693.0 204.0 710.0
vehicle 198.0 700.0 208.0 713.0
vehicle 154.0 624.0 169.0 639.0
vehicle 162.0 629.0 174.0 642.0
vehicle 168.0 633.0 180.0 646.0
vehicle 173.0 636.0 185.0 651.0
vehicle 180.0 641.0 190.0 655.0
vehicle 194.0 633.0 203.0 646.0
vehicle 183.0 645.0 195.0 659.0
vehicle 200.0 636.0 210.0 651.0
vehicle 195.0 654.0 207.0 668.0
vehicle 190.0 651.0 202.0 665.0
vehicle 481.0 627.0 498.0 644.0
vehicle 437.0 618.0 464.0 644.0
vehicle 217.0 606.0 228.0 619.0
vehicle 222.0 609.0 234.0 625.0
vehicle 228.0 615.0 240.0 629.0
vehicle 235.0 618.0 246.0 632.0
vehicle 240.0 623.0 253.0 638.0
vehicle 246.0 628.0 258.0 643.0
vehicle 252.0 631.0 263.0 647.0
vehicle 259.0 639.0 270.0 652.0
vehicle 263.0 640.0 276.0 658.0
vehicle 270.0 648.0 282.0 662.0
vehicle 276.0 652.0 290.0 666.0
vehicle 285.0 656.0 295.0 670.0
vehicle 290.0 660.0 300.0 675.0
vehicle 299.0 664.0 309.0 677.0
vehicle 398.0 664.0 416.0 679.0
vehicle 205.0 642.0 216.0 656.0
vehicle 204.0 663.0 219.0 680.0
vehicle 227.0 661.0 239.0 673.0
vehicle 217.0 646.0 229.0 662.0
vehicle 217.0 673.0 228.0 686.0
vehicle 222.0 676.0 236.0 690.0
vehicle 228.0 680.0 241.0 695.0
vehicle 238.0 668.0 250.0 682.0
vehicle 249.0 675.0 263.0 691.0
vehicle 240.0 690.0 251.0 704.0
vehicle 258.0 680.0 272.0 695.0
vehicle 246.0 694.0 259.0 710.0
vehicle 308.0 678.0 318.0 691.0
vehicle 313.0 681.0 323.0 694.0
vehicle 318.0 689.0 328.0 700.0
vehicle 323.0 694.0 333.0 705.0
vehicle 327.0 698.0 338.0 711.0
vehicle 333.0 702.0 345.0 715.0
vehicle 346.0 710.0 357.0 723.0
vehicle 349.0 716.0 360.0 728.0
vehicle 356.0 719.0 367.0 731.0
vehicle 361.0 723.0 372.0 736.0
vehicle 368.0 728.0 377.0 741.0
vehicle 373.0 731.0 384.0 746.0
vehicle 377.0 736.0 390.0 749.0
vehicle 390.0 745.0 401.0 758.0
vehicle 396.0 749.0 406.0 762.0
vehicle 400.0 754.0 413.0 767.0
vehicle 411.0 762.0 425.0 777.0
vehicle 418.0 765.0 430.0 780.0
vehicle 429.0 776.0 441.0 790.0
vehicle 434.0 781.0 447.0 794.0
vehicle 445.0 789.0 458.0 800.0
vehicle 284.0 710.0 296.0 722.0
vehicle 296.0 715.0 308.0 729.0
vehicle 281.0 722.0 294.0 737.0
vehicle 293.0 730.0 305.0 746.0
vehicle 303.0 717.0 316.0 733.0
vehicle 309.0 723.0 320.0 737.0
vehicle 313.0 727.0 325.0 742.0
vehicle 319.0 734.0 329.0 747.0
vehicle 325.0 736.0 337.0 750.0
vehicle 331.0 739.0 343.0 755.0
vehicle 336.0 744.0 348.0 758.0
vehicle 342.0 749.0 353.0 763.0
vehicle 347.0 755.0 359.0 768.0
vehicle 353.0 757.0 365.0 770.0
vehicle 358.0 763.0 370.0 776.0
vehicle 299.0 738.0 310.0 751.0
vehicle 305.0 741.0 318.0 753.0
vehicle 316.0 750.0 326.0 762.0
vehicle 321.0 754.0 332.0 767.0
vehicle 332.0 762.0 344.0 775.0
vehicle 343.0 772.0 355.0 785.0
vehicle 346.0 775.0 359.0 790.0
vehicle 354.0 779.0 366.0 793.0
vehicle 364.0 767.0 375.0 781.0
vehicle 369.0 774.0 382.0 786.0
vehicle 359.0 784.0 371.0 798.0
vehicle 376.0 776.0 387.0 790.0
vehicle 382.0 778.0 394.0 792.0
vehicle 392.0 791.0 404.0 800.0
vehicle 260.0 745.0 275.0 763.0
vehicle 267.0 750.0 279.0 768.0
vehicle 272.0 757.0 284.0 772.0
vehicle 284.0 767.0 294.0 782.0
vehicle 287.0 773.0 301.0 786.0
vehicle 294.0 774.0 307.0 790.0
vehicle 300.0 782.0 311.0 794.0
vehicle 306.0 783.0 318.0 799.0
