vehicle 613.0 133.0 634.0 149.0
vehicle 591.0 91.0 612.0 112.0
vehicle 640.0 47.0 661.0 63.0
vehicle 576.0 70.0 603.0 83.0
vehicle 732.0 157.0 748.0 179.0
vehicle 662.0 6.0 683.0 21.0
vehicle 545.0 3.0 566.0 22.0
vehicle 553.0 16.0 574.0 31.0
vehicle 731.0 1.0 753.0 15.0
vehicle 607.0 1.0 629.0 8.0
vehicle 625.0 151.0 652.0 173.0
tenniscourt 240.0 381.0 295.0 492.0
tenniscourt 496.0 177.0 551.0 288.0
tenniscourt 411.0 184.0 466.0 295.0
tenniscourt 311.0 191.0 366.0 302.0
tenniscourt 228.0 197.0 283.0 308.0
tenniscourt 323.0 375.0 378.0 486.0
tenniscourt 507.0 362.0 562.0 473.0
tenniscourt 424.0 368.0 479.0 479.0
