overpass 264.0 143.0 574.0 578.0
vehicle 225.0 9.0 245.0 32.0
vehicle 249.0 115.0 266.0 137.0
vehicle 279.0 103.0 301.0 127.0
vehicle 690.0 91.0 712.0 111.0
vehicle 312.0 189.0 328.0 208.0
vehicle 363.0 270.0 385.0 296.0
vehicle 414.0 308.0 433.0 332.0
vehicle 412.0 343.0 430.0 366.0
vehicle 449.0 364.0 467.0 387.0
vehicle 420.0 393.0 438.0 417.0
vehicle 444.0 402.0 467.0 430.0
vehicle 503.0 497.0 521.0 517.0
vehicle 522.0 489.0 541.0 512.0
vehicle 92.0 458.0 112.0 477.0
vehicle 165.0 433.0 191.0 454.0
vehicle 170.0 375.0 194.0 393.0
vehicle 565.0 146.0 588.0 166.0
vehicle 513.0 199.0 536.0 219.0
vehicle 512.0 556.0 528.0 577.0
vehicle 529.0 541.0 545.0 560.0
vehicle 559.0 596.0 578.0 618.0
vehicle 582.0 633.0 605.0 660.0
vehicle 608.0 676.0 624.0 696.0
vehicle 629.0 710.0 644.0 729.0
vehicle 605.0 713.0 624.0 735.0
vehicle 649.0 742.0 664.0 761.0
vehicle 669.0 775.0 686.0 795.0
