harbor 162.0 342.0 359.0 390.0
ship 684.0 754.0 768.0 779.0
ship 708.0 537.0 772.0 555.0
ship 720.0 485.0 767.0 501.0
ship 752.0 260.0 769.0 308.0
ship 636.0 297.0 699.0 318.0
ship 650.0 212.0 725.0 236.0
ship 636.0 146.0 675.0 161.0
ship 511.0 124.0 539.0 200.0
ship 414.0 131.0 436.0 197.0
ship 324.0 111.0 357.0 190.0
ship 220.0 115.0 251.0 231.0
vehicle 371.0 65.0 406.0 76.0
vehicle 328.0 66.0 357.0 75.0
vehicle 13.0 636.0 41.0 646.0
vehicle 11.0 660.0 48.0 672.0
ship 254.0 344.0 355.0 378.0
ship 194.0 360.0 241.0 380.0
ship 268.0 121.0 290.0 187.0
ship 373.0 117.0 392.0 168.0
ship 550.0 120.0 575.0 183.0
ship 652.0 324.0 726.0 353.0
ship 684.0 690.0 760.0 715.0
ship 685.0 720.0 769.0 743.0
ship 637.0 171.0 718.0 194.0
ship 650.0 247.0 726.0 272.0
ship 726.0 265.0 744.0 318.0
harbor 199.0 88.0 586.0 236.0
harbor 624.0 133.0 800.0 361.0
harbor 677.0 355.0 794.0 790.0
