groundtrackfield 35.0 64.0 491.0 273.0
baseballfield 220.0 492.0 296.0 564.0
baseballfield 62.0 661.0 132.0 734.0
basketballcourt 349.0 479.0 419.0 519.0
basketballcourt 349.0 527.0 418.0 567.0
tenniscourt 352.0 585.0 380.0 648.0
tenniscourt 386.0 585.0 415.0 647.0
tenniscourt 352.0 680.0 380.0 740.0
tenniscourt 386.0 679.0 414.0 740.0
basketballcourt 701.0 214.0 744.0 289.0
basketballcourt 751.0 215.0 791.0 291.0
basketballcourt 750.0 120.0 791.0 197.0
vehicle 517.0 183.0 531.0 189.0
vehicle 484.0 252.0 498.0 260.0
vehicle 485.0 273.0 498.0 279.0
vehicle 485.0 281.0 499.0 287.0
vehicle 515.0 278.0 531.0 285.0
vehicle 484.0 294.0 498.0 300.0
vehicle 432.0 395.0 444.0 409.0
vehicle 560.0 508.0 566.0 521.0
vehicle 515.0 552.0 532.0 559.0
vehicle 583.0 548.0 590.0 558.0
vehicle 596.0 541.0 603.0 555.0
vehicle 606.0 598.0 619.0 604.0
vehicle 785.0 572.0 798.0 577.0
vehicle 655.0 570.0 665.0 576.0
vehicle 658.0 609.0 670.0 615.0
vehicle 654.0 616.0 666.0 622.0
vehicle 658.0 636.0 670.0 643.0
vehicle 655.0 667.0 669.0 673.0
vehicle 786.0 636.0 795.0 642.0
vehicle 783.0 648.0 795.0 654.0
vehicle 153.0 782.0 168.0 789.0
vehicle 155.0 791.0 168.0 795.0
vehicle 202.0 354.0 214.0 364.0
