vehicle 516.0 610.0 555.0 634.0
vehicle 422.0 556.0 451.0 608.0
vehicle 410.0 542.0 429.0 575.0
vehicle 447.0 498.0 467.0 530.0
vehicle 436.0 497.0 451.0 522.0
vehicle 469.0 452.0 488.0 484.0
vehicle 304.0 476.0 327.0 509.0
vehicle 304.0 466.0 322.0 495.0
vehicle 625.0 332.0 643.0 384.0
vehicle 330.0 409.0 353.0 447.0
vehicle 352.0 362.0 376.0 400.0
vehicle 366.0 363.0 386.0 394.0
vehicle 316.0 339.0 337.0 369.0
vehicle 350.0 263.0 369.0 294.0
vehicle 401.0 289.0 423.0 319.0
vehicle 496.0 285.0 510.0 305.0
vehicle 599.0 150.0 624.0 190.0
vehicle 468.0 154.0 494.0 191.0
vehicle 469.0 126.0 504.0 160.0
vehicle 318.0 271.0 342.0 309.0
Expressway-Service-area 143.0 151.0 507.0 671.0
Expressway-Service-area 330.0 186.0 724.0 750.0
