airplane 64.0 204.0 105.0 229.0
airplane 196.0 401.0 228.0 444.0
airplane 296.0 318.0 323.0 359.0
airplane 220.0 372.0 246.0 413.0
airplane 104.0 372.0 131.0 414.0
airplane 208.0 326.0 235.0 368.0
airplane 423.0 142.0 464.0 167.0
airplane 391.0 203.0 434.0 234.0
airplane 380.0 148.0 414.0 172.0
airplane 349.0 213.0 391.0 240.0
airplane 215.0 235.0 256.0 260.0
airplane 128.0 249.0 169.0 274.0
airplane 282.0 161.0 323.0 191.0
airplane 197.0 179.0 237.0 208.0
airplane 88.0 258.0 126.0 286.0
airplane 658.0 157.0 695.0 185.0
airplane 618.0 168.0 652.0 196.0
airplane 530.0 181.0 563.0 209.0
airplane 646.0 118.0 687.0 147.0
airplane 560.0 122.0 595.0 148.0
airplane 510.0 127.0 552.0 157.0
airplane 467.0 134.0 508.0 163.0
airplane 483.0 434.0 518.0 474.0
airplane 502.0 382.0 535.0 423.0
airplane 516.0 359.0 540.0 394.0
airplane 427.0 423.0 459.0 467.0
airplane 496.0 339.0 523.0 376.0
airplane 407.0 392.0 436.0 428.0
airplane 396.0 345.0 427.0 388.0
airplane 414.0 318.0 436.0 356.0
airplane 489.0 289.0 518.0 327.0
airplane 385.0 299.0 416.0 340.0
vehicle 584.0 270.0 618.0 286.0
airplane 420.0 463.0 451.0 505.0
vehicle 591.0 309.0 617.0 319.0
vehicle 599.0 350.0 626.0 364.0
vehicle 607.0 384.0 647.0 406.0
vehicle 556.0 429.0 575.0 442.0
vehicle 661.0 374.0 675.0 396.0
vehicle 687.0 362.0 700.0 386.0
vehicle 708.0 352.0 721.0 375.0
vehicle 733.0 344.0 746.0 366.0
vehicle 602.0 734.0 626.0 754.0
vehicle 718.0 652.0 739.0 670.0
vehicle 283.0 591.0 304.0 603.0
vehicle 2.0 625.0 23.0 638.0
vehicle 2.0 617.0 21.0 627.0
vehicle 2.0 608.0 21.0 617.0
airplane 130.0 592.0 162.0 635.0
airplane 225.0 548.0 259.0 588.0
airplane 128.0 545.0 160.0 588.0
airplane 123.0 498.0 155.0 541.0
airplane 192.0 439.0 231.0 496.0
airplane 108.0 425.0 140.0 468.0
airplane 240.0 614.0 288.0 658.0
airplane 228.0 649.0 255.0 685.0
airplane 201.0 620.0 229.0 659.0
airplane 190.0 663.0 222.0 706.0
airplane 145.0 681.0 172.0 721.0
