airplane 558.0 637.0 573.0 653.0
airplane 523.0 681.0 537.0 692.0
airplane 469.0 721.0 478.0 735.0
airplane 492.0 647.0 508.0 663.0
airplane 473.0 632.0 488.0 648.0
airplane 451.0 649.0 465.0 665.0
airplane 415.0 633.0 432.0 649.0
airplane 396.0 711.0 407.0 724.0
airplane 375.0 714.0 386.0 727.0
airplane 403.0 666.0 421.0 680.0
airplane 375.0 623.0 392.0 641.0
airplane 331.0 661.0 345.0 678.0
airplane 264.0 685.0 279.0 701.0
airplane 205.0 648.0 218.0 661.0
airplane 305.0 596.0 318.0 611.0
airplane 71.0 534.0 100.0 561.0
airplane 125.0 568.0 149.0 591.0
airplane 157.0 550.0 182.0 573.0
airplane 190.0 534.0 215.0 557.0
airplane 224.0 532.0 238.0 544.0
airplane 251.0 506.0 265.0 520.0
airplane 141.0 504.0 156.0 521.0
airplane 168.0 480.0 191.0 503.0
airplane 208.0 460.0 230.0 483.0
airplane 275.0 405.0 301.0 429.0
airplane 275.0 328.0 306.0 352.0
airplane 329.0 276.0 344.0 289.0
airplane 242.0 161.0 266.0 183.0
airplane 308.0 99.0 335.0 126.0
airplane 341.0 107.0 367.0 132.0
airplane 374.0 115.0 402.0 144.0
airplane 589.0 392.0 599.0 401.0
airplane 575.0 359.0 585.0 368.0
airplane 576.0 328.0 588.0 337.0
airplane 577.0 271.0 596.0 284.0
airplane 551.0 250.0 574.0 273.0
airplane 546.0 155.0 558.0 167.0
airplane 527.0 151.0 541.0 165.0
airplane 508.0 146.0 523.0 160.0
airplane 493.0 143.0 502.0 153.0
airplane 22.0 73.0 57.0 102.0
airplane 68.0 51.0 97.0 78.0
airplane 296.0 255.0 312.0 266.0
airplane 729.0 760.0 741.0 771.0
airplane 745.0 777.0 753.0 783.0
airplane 252.0 296.0 266.0 308.0
airplane 256.0 194.0 274.0 207.0
