storagetank 138.0 10.0 161.0 30.0
storagetank 163.0 8.0 186.0 25.0
storagetank 136.0 1.0 155.0 6.0
ship 670.0 182.0 680.0 236.0
ship 660.0 187.0 671.0 235.0
ship 629.0 284.0 641.0 327.0
ship 623.0 289.0 633.0 324.0
ship 685.0 370.0 700.0 409.0
ship 645.0 387.0 656.0 425.0
ship 633.0 473.0 645.0 522.0
ship 724.0 425.0 737.0 473.0
ship 718.0 502.0 732.0 547.0
ship 677.0 585.0 695.0 633.0
ship 715.0 685.0 728.0 720.0
ship 669.0 720.0 682.0 775.0
ship 571.0 626.0 593.0 643.0
ship 570.0 741.0 583.0 766.0
ship 580.0 743.0 589.0 766.0
ship 589.0 743.0 598.0 768.0
