vehicle 589.0 281.0 602.0 304.0
vehicle 597.0 279.0 603.0 288.0
vehicle 576.0 289.0 590.0 307.0
vehicle 493.0 285.0 519.0 292.0
vehicle 490.0 294.0 524.0 302.0
vehicle 492.0 305.0 524.0 313.0
vehicle 472.0 334.0 494.0 341.0
vehicle 529.0 333.0 554.0 341.0
vehicle 316.0 333.0 351.0 340.0
vehicle 192.0 384.0 225.0 392.0
vehicle 247.0 495.0 261.0 516.0
vehicle 268.0 508.0 287.0 529.0
vehicle 328.0 550.0 361.0 559.0
vehicle 364.0 487.0 396.0 499.0
vehicle 416.0 504.0 450.0 512.0
vehicle 457.0 533.0 491.0 543.0
vehicle 457.0 549.0 492.0 558.0
vehicle 487.0 445.0 521.0 460.0
vehicle 564.0 443.0 600.0 458.0
Expressway-Service-area 234.0 131.0 635.0 352.0
Expressway-Service-area 215.0 428.0 625.0 677.0
