airplane 18.0 248.0 97.0 320.0
airplane 233.0 260.0 301.0 313.0
airplane 83.0 301.0 167.0 367.0
airplane 114.0 442.0 185.0 507.0
airplane 300.0 467.0 368.0 519.0
airplane 537.0 258.0 608.0 311.0
airplane 671.0 330.0 722.0 384.0
airplane 621.0 439.0 696.0 498.0
airplane 71.0 182.0 140.0 241.0
airplane 701.0 253.0 756.0 315.0
vehicle 181.0 102.0 196.0 107.0
vehicle 182.0 109.0 196.0 115.0
vehicle 181.0 119.0 196.0 126.0
vehicle 196.0 83.0 202.0 96.0
vehicle 222.0 83.0 227.0 96.0
vehicle 226.0 85.0 234.0 97.0
vehicle 220.0 126.0 225.0 138.0
vehicle 226.0 128.0 233.0 139.0
vehicle 224.0 158.0 230.0 168.0
vehicle 287.0 158.0 292.0 168.0
vehicle 234.0 126.0 239.0 139.0
vehicle 235.0 112.0 240.0 124.0
vehicle 240.0 126.0 246.0 139.0
vehicle 248.0 125.0 254.0 139.0
vehicle 254.0 125.0 260.0 139.0
vehicle 262.0 126.0 268.0 139.0
vehicle 268.0 126.0 274.0 140.0
vehicle 274.0 126.0 282.0 139.0
vehicle 289.0 128.0 296.0 139.0
vehicle 297.0 126.0 303.0 138.0
vehicle 283.0 111.0 288.0 123.0
vehicle 289.0 112.0 296.0 124.0
vehicle 297.0 112.0 303.0 125.0
vehicle 240.0 85.0 245.0 96.0
vehicle 245.0 85.0 253.0 97.0
vehicle 253.0 86.0 259.0 97.0
vehicle 259.0 85.0 264.0 97.0
vehicle 265.0 83.0 270.0 97.0
vehicle 289.0 86.0 296.0 97.0
vehicle 294.0 85.0 301.0 100.0
vehicle 302.0 85.0 307.0 97.0
vehicle 307.0 86.0 313.0 97.0
vehicle 313.0 85.0 320.0 97.0
vehicle 321.0 83.0 326.0 96.0
vehicle 340.0 86.0 345.0 97.0
vehicle 346.0 86.0 351.0 100.0
vehicle 364.0 85.0 370.0 97.0
vehicle 370.0 85.0 377.0 97.0
vehicle 377.0 85.0 382.0 97.0
vehicle 335.0 114.0 340.0 126.0
vehicle 340.0 111.0 345.0 126.0
vehicle 364.0 114.0 372.0 126.0
vehicle 402.0 112.0 408.0 125.0
vehicle 408.0 111.0 415.0 125.0
vehicle 476.0 38.0 490.0 45.0
vehicle 380.0 126.0 387.0 139.0
vehicle 394.0 126.0 401.0 140.0
vehicle 402.0 126.0 408.0 139.0
vehicle 398.0 155.0 404.0 168.0
vehicle 432.0 154.0 439.0 167.0
vehicle 440.0 154.0 445.0 168.0
vehicle 447.0 153.0 454.0 168.0
vehicle 454.0 153.0 460.0 171.0
vehicle 461.0 154.0 469.0 168.0
vehicle 464.0 81.0 470.0 99.0
vehicle 470.0 81.0 476.0 94.0
vehicle 460.0 110.0 465.0 123.0
vehicle 459.0 129.0 465.0 140.0
vehicle 465.0 128.0 473.0 142.0
vehicle 466.0 110.0 473.0 123.0
vehicle 471.0 110.0 479.0 124.0
vehicle 480.0 110.0 485.0 124.0
vehicle 494.0 126.0 499.0 142.0
vehicle 493.0 111.0 500.0 124.0
vehicle 507.0 111.0 513.0 124.0
vehicle 516.0 111.0 519.0 124.0
vehicle 499.0 128.0 507.0 142.0
vehicle 521.0 126.0 527.0 139.0
vehicle 522.0 111.0 527.0 124.0
vehicle 542.0 82.0 548.0 94.0
vehicle 513.0 145.0 550.0 154.0
vehicle 561.0 120.0 567.0 130.0
vehicle 584.0 82.0 590.0 92.0
vehicle 604.0 109.0 610.0 123.0
vehicle 585.0 107.0 591.0 121.0
vehicle 581.0 110.0 585.0 120.0
vehicle 593.0 109.0 598.0 120.0
vehicle 604.0 82.0 610.0 95.0
vehicle 612.0 82.0 618.0 96.0
vehicle 618.0 82.0 626.0 96.0
vehicle 641.0 83.0 646.0 95.0
vehicle 641.0 111.0 647.0 124.0
vehicle 629.0 112.0 636.0 125.0
vehicle 623.0 110.0 629.0 121.0
vehicle 653.0 109.0 661.0 124.0
vehicle 674.0 85.0 681.0 96.0
vehicle 689.0 82.0 695.0 95.0
vehicle 695.0 81.0 701.0 95.0
vehicle 709.0 82.0 715.0 96.0
vehicle 717.0 83.0 722.0 95.0
vehicle 738.0 82.0 743.0 94.0
vehicle 746.0 82.0 752.0 99.0
vehicle 787.0 11.0 795.0 25.0
vehicle 493.0 82.0 499.0 96.0
vehicle 499.0 82.0 507.0 95.0
vehicle 519.0 82.0 526.0 94.0
vehicle 653.0 80.0 660.0 95.0
vehicle 661.0 82.0 666.0 94.0
