vehicle 685.0 509.0 706.0 543.0
vehicle 675.0 543.0 701.0 575.0
vehicle 751.0 557.0 786.0 580.0
vehicle 754.0 580.0 790.0 599.0
vehicle 766.0 623.0 799.0 641.0
vehicle 755.0 295.0 782.0 312.0
vehicle 751.0 257.0 779.0 279.0
vehicle 747.0 247.0 773.0 265.0
vehicle 726.0 167.0 752.0 181.0
vehicle 749.0 184.0 777.0 204.0
vehicle 727.0 174.0 758.0 197.0
vehicle 733.0 204.0 761.0 223.0
vehicle 739.0 217.0 766.0 237.0
vehicle 670.0 14.0 688.0 47.0
vehicle 675.0 91.0 691.0 119.0
vehicle 688.0 83.0 705.0 112.0
vehicle 716.0 72.0 738.0 108.0
vehicle 738.0 104.0 757.0 136.0
vehicle 754.0 101.0 772.0 130.0
vehicle 770.0 91.0 790.0 132.0
vehicle 732.0 72.0 747.0 101.0
vehicle 746.0 68.0 761.0 97.0
vehicle 758.0 67.0 775.0 91.0
vehicle 686.0 14.0 702.0 47.0
vehicle 704.0 19.0 717.0 45.0
vehicle 717.0 10.0 734.0 38.0
vehicle 731.0 2.0 746.0 31.0
vehicle 744.0 2.0 762.0 31.0
vehicle 209.0 754.0 250.0 780.0
vehicle 239.0 42.0 261.0 74.0
vehicle 267.0 35.0 284.0 65.0
vehicle 280.0 32.0 299.0 61.0
vehicle 329.0 29.0 345.0 53.0
vehicle 340.0 19.0 355.0 41.0
vehicle 368.0 14.0 386.0 43.0
vehicle 386.0 7.0 404.0 38.0
vehicle 407.0 1.0 431.0 31.0
vehicle 439.0 1.0 457.0 26.0
vehicle 452.0 1.0 470.0 18.0
vehicle 470.0 2.0 483.0 19.0
vehicle 27.0 182.0 44.0 216.0
vehicle 44.0 247.0 63.0 283.0
vehicle 16.0 266.0 35.0 294.0
vehicle 54.0 287.0 71.0 315.0
vehicle 39.0 289.0 56.0 319.0
vehicle 7.0 294.0 29.0 321.0
vehicle 1.0 304.0 18.0 330.0
tenniscourt 150.0 179.0 245.0 323.0
tenniscourt 227.0 158.0 321.0 301.0
tenniscourt 305.0 136.0 401.0 279.0
tenniscourt 421.0 105.0 514.0 249.0
tenniscourt 498.0 84.0 595.0 229.0
tenniscourt 577.0 64.0 670.0 205.0
tenniscourt 210.0 405.0 302.0 547.0
tenniscourt 288.0 384.0 381.0 526.0
tenniscourt 367.0 360.0 461.0 505.0
