airplane 17.0 296.0 94.0 376.0
airplane 328.0 213.0 382.0 272.0
airplane 312.0 307.0 393.0 375.0
airplane 306.0 404.0 382.0 485.0
airplane 212.0 588.0 367.0 730.0
airplane 692.0 376.0 733.0 429.0
airplane 626.0 336.0 668.0 392.0
airplane 633.0 270.0 671.0 324.0
airplane 635.0 195.0 672.0 254.0
airplane 702.0 234.0 741.0 287.0
airplane 705.0 165.0 747.0 224.0
airplane 640.0 126.0 677.0 185.0
airplane 645.0 61.0 682.0 117.0
airplane 703.0 24.0 760.0 93.0
airplane 642.0 1.0 690.0 49.0
vehicle 424.0 111.0 437.0 135.0
vehicle 405.0 121.0 421.0 145.0
vehicle 367.0 124.0 379.0 150.0
vehicle 396.0 99.0 410.0 106.0
vehicle 182.0 194.0 205.0 211.0
