airplane 68.0 201.0 118.0 239.0
airplane 61.0 154.0 101.0 189.0
airplane 111.0 90.0 148.0 128.0
airplane 160.0 90.0 196.0 128.0
airplane 170.0 138.0 206.0 175.0
airplane 160.0 184.0 201.0 221.0
airplane 295.0 70.0 339.0 112.0
airplane 303.0 125.0 341.0 163.0
airplane 280.0 164.0 319.0 196.0
airplane 256.0 198.0 296.0 235.0
airplane 355.0 240.0 394.0 271.0
airplane 440.0 287.0 479.0 324.0
airplane 383.0 199.0 425.0 235.0
airplane 409.0 160.0 448.0 193.0
airplane 432.0 121.0 469.0 152.0
airplane 285.0 326.0 318.0 355.0
airplane 499.0 332.0 530.0 369.0
airplane 545.0 199.0 582.0 236.0
airplane 521.0 257.0 545.0 280.0
airplane 548.0 258.0 569.0 282.0
airplane 599.0 262.0 620.0 286.0
airplane 534.0 338.0 564.0 373.0
airplane 582.0 338.0 618.0 376.0
airplane 407.0 354.0 438.0 386.0
airplane 393.0 388.0 414.0 408.0
airplane 290.0 386.0 325.0 421.0
airplane 489.0 415.0 507.0 432.0
airplane 286.0 470.0 316.0 504.0
airplane 263.0 462.0 280.0 479.0
airplane 319.0 467.0 348.0 500.0
airplane 351.0 469.0 379.0 501.0
airplane 532.0 481.0 553.0 506.0
airplane 561.0 484.0 577.0 505.0
airplane 403.0 518.0 423.0 538.0
airplane 421.0 535.0 441.0 558.0
airplane 453.0 537.0 469.0 556.0
airplane 476.0 537.0 496.0 560.0
airplane 504.0 538.0 523.0 559.0
airplane 526.0 538.0 549.0 564.0
airplane 219.0 606.0 238.0 624.0
airplane 242.0 647.0 266.0 668.0
airplane 264.0 666.0 281.0 682.0
airplane 303.0 716.0 322.0 737.0
airplane 136.0 638.0 152.0 654.0
airplane 149.0 658.0 168.0 677.0
airplane 175.0 702.0 192.0 722.0
airplane 188.0 725.0 207.0 742.0
airplane 201.0 747.0 221.0 765.0
airplane 220.0 766.0 238.0 786.0
airplane 320.0 617.0 340.0 638.0
airplane 669.0 598.0 685.0 614.0
airplane 676.0 527.0 700.0 555.0
airplane 686.0 416.0 707.0 438.0
airplane 641.0 298.0 660.0 319.0
vehicle 41.0 725.0 52.0 740.0
vehicle 55.0 688.0 59.0 694.0
vehicle 91.0 678.0 97.0 686.0
