airplane 80.0 688.0 102.0 714.0
airplane 166.0 729.0 213.0 780.0
airplane 228.0 751.0 271.0 796.0
airplane 640.0 635.0 671.0 663.0
airplane 676.0 615.0 723.0 659.0
airplane 735.0 597.0 787.0 651.0
airplane 429.0 561.0 458.0 588.0
airplane 421.0 599.0 467.0 646.0
airplane 377.0 627.0 420.0 674.0
airplane 323.0 626.0 370.0 678.0
airplane 268.0 619.0 308.0 667.0
airplane 242.0 609.0 268.0 637.0
airplane 208.0 580.0 242.0 610.0
airplane 193.0 526.0 246.0 573.0
airplane 148.0 481.0 190.0 519.0
airplane 26.0 297.0 78.0 347.0
airplane 76.0 16.0 138.0 72.0
Expressway-toll-station 661.0 157.0 692.0 229.0
