airplane 84.0 24.0 191.0 127.0
airplane 88.0 340.0 205.0 444.0
airplane 85.0 483.0 188.0 585.0
airplane 84.0 631.0 203.0 762.0
airplane 404.0 251.0 509.0 354.0
airplane 642.0 371.0 761.0 468.0
airplane 435.0 388.0 493.0 452.0
airplane 657.0 655.0 759.0 752.0
airplane 431.0 688.0 506.0 743.0
airplane 272.0 734.0 330.0 795.0
storagetank 443.0 29.0 495.0 75.0
storagetank 501.0 29.0 553.0 74.0
storagetank 445.0 86.0 495.0 132.0
storagetank 501.0 86.0 553.0 132.0
storagetank 439.0 135.0 455.0 148.0
storagetank 444.0 145.0 493.0 190.0
storagetank 501.0 145.0 554.0 192.0
vehicle 656.0 736.0 664.0 748.0
vehicle 678.0 736.0 684.0 748.0
vehicle 611.0 623.0 621.0 634.0
vehicle 607.0 628.0 617.0 638.0
vehicle 605.0 633.0 614.0 641.0
vehicle 601.0 635.0 611.0 645.0
vehicle 597.0 639.0 608.0 649.0
vehicle 654.0 342.0 674.0 347.0
vehicle 667.0 437.0 674.0 443.0
vehicle 664.0 440.0 670.0 447.0
vehicle 584.0 329.0 601.0 334.0
vehicle 586.0 337.0 601.0 341.0
vehicle 587.0 342.0 600.0 345.0
vehicle 589.0 348.0 601.0 352.0
vehicle 589.0 354.0 602.0 357.0
vehicle 590.0 358.0 603.0 363.0
vehicle 597.0 363.0 608.0 368.0
vehicle 591.0 379.0 608.0 383.0
vehicle 593.0 374.0 600.0 377.0
vehicle 536.0 511.0 545.0 523.0
vehicle 578.0 551.0 583.0 563.0
vehicle 585.0 552.0 590.0 564.0
vehicle 579.0 565.0 584.0 577.0
vehicle 585.0 565.0 589.0 576.0
vehicle 585.0 589.0 590.0 603.0
vehicle 579.0 578.0 584.0 590.0
vehicle 536.0 520.0 547.0 530.0
vehicle 535.0 528.0 547.0 539.0
vehicle 535.0 536.0 546.0 547.0
vehicle 535.0 559.0 547.0 571.0
vehicle 536.0 568.0 548.0 579.0
vehicle 542.0 609.0 554.0 621.0
vehicle 548.0 613.0 560.0 624.0
vehicle 510.0 491.0 519.0 495.0
vehicle 511.0 502.0 517.0 506.0
vehicle 511.0 508.0 519.0 513.0
vehicle 511.0 515.0 520.0 519.0
vehicle 512.0 519.0 520.0 522.0
vehicle 512.0 524.0 520.0 526.0
vehicle 512.0 526.0 520.0 530.0
vehicle 512.0 531.0 519.0 534.0
vehicle 510.0 547.0 519.0 550.0
vehicle 509.0 551.0 519.0 555.0
vehicle 498.0 605.0 505.0 609.0
vehicle 393.0 619.0 409.0 625.0
vehicle 392.0 553.0 410.0 563.0
vehicle 435.0 527.0 453.0 536.0
vehicle 435.0 572.0 451.0 579.0
vehicle 392.0 566.0 410.0 572.0
vehicle 392.0 582.0 410.0 590.0
vehicle 432.0 581.0 450.0 589.0
vehicle 431.0 605.0 447.0 612.0
vehicle 431.0 621.0 446.0 627.0
vehicle 430.0 631.0 446.0 638.0
vehicle 467.0 608.0 483.0 615.0
vehicle 467.0 617.0 482.0 623.0
vehicle 464.0 623.0 481.0 631.0
vehicle 468.0 635.0 483.0 641.0
vehicle 68.0 501.0 76.0 504.0
vehicle 69.0 506.0 76.0 508.0
vehicle 49.0 513.0 56.0 518.0
vehicle 69.0 509.0 76.0 513.0
vehicle 69.0 514.0 77.0 517.0
vehicle 68.0 549.0 75.0 552.0
vehicle 46.0 522.0 54.0 527.0
vehicle 47.0 527.0 52.0 531.0
vehicle 70.0 568.0 78.0 571.0
vehicle 70.0 577.0 77.0 581.0
vehicle 70.0 564.0 78.0 566.0
vehicle 71.0 715.0 79.0 719.0
vehicle 45.0 688.0 53.0 692.0
vehicle 128.0 138.0 140.0 143.0
vehicle 88.0 169.0 98.0 173.0
vehicle 68.0 241.0 77.0 244.0
vehicle 70.0 255.0 78.0 260.0
vehicle 69.0 264.0 77.0 266.0
vehicle 107.0 37.0 122.0 53.0
vehicle 582.0 302.0 602.0 308.0
vehicle 583.0 310.0 601.0 317.0
vehicle 583.0 318.0 601.0 326.0
