harbor 27.0 619.0 707.0 795.0
harbor 41.0 476.0 760.0 563.0
ship 40.0 500.0 54.0 532.0
ship 144.0 480.0 156.0 516.0
ship 208.0 481.0 220.0 517.0
ship 358.0 483.0 370.0 514.0
ship 373.0 484.0 385.0 515.0
ship 398.0 482.0 410.0 513.0
ship 427.0 479.0 439.0 510.0
ship 523.0 483.0 535.0 514.0
ship 580.0 481.0 592.0 512.0
ship 620.0 479.0 632.0 510.0
ship 704.0 480.0 716.0 511.0
ship 738.0 478.0 750.0 509.0
ship 738.0 520.0 750.0 562.0
ship 662.0 522.0 674.0 564.0
ship 644.0 520.0 657.0 559.0
ship 582.0 521.0 595.0 560.0
ship 552.0 519.0 565.0 558.0
ship 535.0 523.0 548.0 562.0
ship 471.0 522.0 484.0 561.0
ship 435.0 523.0 448.0 562.0
ship 410.0 522.0 423.0 561.0
ship 392.0 521.0 405.0 560.0
ship 271.0 522.0 284.0 561.0
ship 240.0 523.0 253.0 562.0
ship 209.0 521.0 222.0 560.0
ship 192.0 524.0 205.0 563.0
ship 162.0 525.0 175.0 564.0
ship 131.0 521.0 144.0 560.0
ship 27.0 646.0 40.0 682.0
ship 50.0 623.0 66.0 662.0
ship 124.0 630.0 141.0 666.0
ship 92.0 637.0 110.0 664.0
ship 128.0 676.0 138.0 700.0
ship 141.0 682.0 150.0 698.0
ship 161.0 673.0 174.0 700.0
ship 184.0 674.0 197.0 701.0
ship 196.0 678.0 209.0 705.0
ship 217.0 676.0 230.0 703.0
ship 230.0 677.0 243.0 704.0
ship 242.0 678.0 255.0 705.0
ship 303.0 675.0 316.0 702.0
ship 334.0 676.0 347.0 703.0
ship 406.0 629.0 424.0 669.0
ship 500.0 620.0 518.0 660.0
ship 615.0 619.0 633.0 659.0
ship 652.0 619.0 670.0 659.0
ship 685.0 671.0 698.0 691.0
ship 638.0 673.0 644.0 692.0
ship 624.0 670.0 639.0 693.0
ship 547.0 675.0 560.0 704.0
ship 471.0 676.0 486.0 704.0
ship 449.0 681.0 461.0 701.0
