harbor 4.0 62.0 82.0 324.0
harbor 45.0 377.0 562.0 492.0
harbor 17.0 549.0 482.0 602.0
harbor 156.0 51.0 610.0 330.0
ship 23.0 130.0 70.0 144.0
ship 25.0 151.0 73.0 167.0
ship 25.0 194.0 78.0 214.0
ship 20.0 219.0 82.0 237.0
ship 26.0 264.0 66.0 277.0
ship 158.0 65.0 195.0 79.0
ship 159.0 85.0 194.0 97.0
ship 156.0 103.0 192.0 116.0
ship 149.0 142.0 193.0 156.0
ship 156.0 162.0 192.0 175.0
ship 153.0 181.0 194.0 194.0
ship 153.0 198.0 193.0 214.0
ship 152.0 220.0 193.0 234.0
ship 151.0 238.0 193.0 252.0
ship 154.0 258.0 194.0 273.0
ship 153.0 279.0 194.0 293.0
ship 153.0 298.0 190.0 311.0
ship 210.0 279.0 224.0 312.0
ship 228.0 271.0 248.0 313.0
ship 253.0 271.0 272.0 316.0
ship 312.0 271.0 334.0 320.0
ship 337.0 271.0 354.0 315.0
ship 584.0 272.0 598.0 317.0
ship 49.0 443.0 98.0 458.0
ship 58.0 389.0 72.0 425.0
ship 80.0 386.0 93.0 423.0
ship 103.0 383.0 120.0 425.0
ship 129.0 388.0 143.0 427.0
ship 127.0 446.0 141.0 480.0
ship 149.0 443.0 161.0 478.0
ship 164.0 444.0 176.0 479.0
ship 188.0 442.0 200.0 477.0
ship 207.0 444.0 219.0 484.0
ship 225.0 442.0 236.0 479.0
ship 243.0 446.0 256.0 480.0
ship 261.0 442.0 273.0 483.0
ship 216.0 385.0 237.0 421.0
ship 254.0 382.0 273.0 424.0
ship 282.0 387.0 295.0 421.0
ship 323.0 388.0 334.0 424.0
ship 339.0 387.0 354.0 421.0
ship 360.0 386.0 377.0 426.0
ship 381.0 387.0 396.0 423.0
ship 404.0 385.0 417.0 424.0
ship 422.0 383.0 436.0 426.0
ship 465.0 384.0 481.0 423.0
ship 323.0 442.0 338.0 477.0
ship 281.0 457.0 291.0 479.0
ship 418.0 441.0 435.0 476.0
ship 480.0 437.0 533.0 488.0
ship 520.0 405.0 565.0 449.0
ship 223.0 552.0 237.0 582.0
ship 173.0 590.0 204.0 601.0
ship 220.0 591.0 252.0 602.0
ship 274.0 591.0 299.0 600.0
ship 241.0 556.0 253.0 583.0
ship 261.0 573.0 293.0 583.0
ship 356.0 593.0 381.0 602.0
ship 298.0 557.0 309.0 579.0
ship 334.0 554.0 343.0 579.0
ship 371.0 551.0 384.0 583.0
ship 389.0 549.0 401.0 583.0
ship 407.0 550.0 416.0 579.0
