harbor 376.0 221.0 720.0 328.0
harbor 589.0 459.0 765.0 541.0
harbor 402.0 474.0 587.0 561.0
harbor 158.0 637.0 358.0 710.0
harbor 56.0 479.0 328.0 590.0
ship 356.0 638.0 373.0 682.0
ship 347.0 565.0 367.0 622.0
ship 341.0 517.0 356.0 562.0
ship 334.0 468.0 350.0 508.0
harbor 31.0 313.0 317.0 438.0
ship 323.0 370.0 352.0 456.0
harbor 425.0 612.0 595.0 674.0
harbor 602.0 586.0 775.0 649.0
harbor 392.0 362.0 574.0 441.0
harbor 578.0 342.0 733.0 416.0
ship 37.0 346.0 55.0 394.0
ship 87.0 326.0 105.0 389.0
ship 167.0 333.0 185.0 382.0
ship 119.0 331.0 135.0 388.0
ship 60.0 402.0 72.0 442.0
ship 101.0 398.0 113.0 430.0
ship 146.0 392.0 157.0 427.0
ship 187.0 387.0 201.0 425.0
ship 218.0 385.0 229.0 416.0
ship 304.0 375.0 317.0 410.0
ship 56.0 513.0 71.0 546.0
ship 84.0 515.0 100.0 542.0
ship 149.0 544.0 162.0 586.0
ship 215.0 499.0 229.0 531.0
ship 245.0 496.0 258.0 523.0
ship 447.0 257.0 459.0 286.0
ship 478.0 254.0 492.0 285.0
ship 500.0 289.0 511.0 314.0
ship 547.0 283.0 560.0 311.0
ship 643.0 269.0 657.0 301.0
ship 684.0 228.0 696.0 258.0
ship 676.0 267.0 687.0 298.0
ship 706.0 264.0 718.0 290.0
ship 442.0 369.0 453.0 400.0
ship 505.0 367.0 516.0 393.0
ship 558.0 361.0 569.0 387.0
ship 559.0 398.0 572.0 435.0
ship 713.0 340.0 725.0 369.0
ship 402.0 503.0 418.0 548.0
ship 470.0 495.0 483.0 524.0
ship 489.0 528.0 503.0 556.0
ship 534.0 486.0 550.0 518.0
ship 570.0 475.0 582.0 513.0
ship 605.0 474.0 620.0 508.0
ship 625.0 512.0 636.0 537.0
ship 672.0 504.0 684.0 535.0
ship 679.0 463.0 692.0 496.0
ship 699.0 499.0 715.0 534.0
ship 579.0 610.0 596.0 654.0
ship 606.0 611.0 618.0 641.0
ship 667.0 608.0 677.0 639.0
ship 759.0 587.0 779.0 643.0
ship 189.0 335.0 206.0 379.0
ship 223.0 315.0 237.0 374.0
ship 242.0 310.0 261.0 373.0
ship 266.0 311.0 289.0 369.0
ship 292.0 315.0 312.0 368.0
ship 246.0 381.0 259.0 416.0
ship 261.0 380.0 274.0 414.0
ship 377.0 263.0 399.0 326.0
ship 398.0 262.0 409.0 294.0
ship 416.0 258.0 426.0 289.0
ship 429.0 256.0 441.0 290.0
ship 509.0 240.0 523.0 274.0
ship 525.0 237.0 538.0 273.0
ship 542.0 239.0 557.0 275.0
ship 561.0 230.0 577.0 270.0
ship 635.0 221.0 650.0 262.0
ship 654.0 222.0 667.0 260.0
ship 658.0 384.0 668.0 409.0
ship 670.0 387.0 680.0 412.0
ship 729.0 459.0 740.0 488.0
ship 745.0 480.0 765.0 533.0
ship 395.0 387.0 412.0 435.0
ship 416.0 412.0 426.0 441.0
ship 528.0 397.0 540.0 428.0
ship 543.0 402.0 553.0 420.0
ship 737.0 594.0 745.0 624.0
ship 558.0 626.0 571.0 653.0
ship 541.0 616.0 556.0 655.0
ship 519.0 620.0 537.0 657.0
ship 500.0 617.0 516.0 651.0
ship 484.0 630.0 497.0 663.0
ship 463.0 622.0 480.0 664.0
ship 443.0 617.0 461.0 662.0
ship 425.0 627.0 443.0 670.0
ship 77.0 556.0 92.0 588.0
ship 95.0 550.0 110.0 590.0
ship 113.0 548.0 128.0 587.0
ship 129.0 546.0 144.0 586.0
ship 129.0 506.0 142.0 541.0
ship 145.0 511.0 155.0 537.0
ship 182.0 542.0 198.0 581.0
ship 157.0 507.0 169.0 536.0
ship 174.0 506.0 184.0 534.0
ship 233.0 534.0 248.0 572.0
ship 252.0 531.0 266.0 566.0
ship 267.0 531.0 283.0 567.0
ship 275.0 487.0 283.0 517.0
ship 302.0 526.0 319.0 568.0
ship 314.0 478.0 328.0 516.0
ship 335.0 638.0 346.0 676.0
ship 315.0 645.0 330.0 679.0
ship 299.0 645.0 314.0 680.0
ship 281.0 652.0 296.0 685.0
ship 263.0 648.0 279.0 686.0
ship 245.0 646.0 262.0 687.0
ship 231.0 650.0 244.0 688.0
ship 213.0 654.0 227.0 695.0
ship 195.0 656.0 210.0 695.0
ship 178.0 655.0 194.0 697.0
ship 159.0 657.0 176.0 699.0
