stadium 307.0 271.0 499.0 532.0
tenniscourt 453.0 180.0 469.0 214.0
tenniscourt 468.0 188.0 487.0 220.0
tenniscourt 485.0 192.0 507.0 227.0
tenniscourt 435.0 221.0 453.0 259.0
tenniscourt 455.0 225.0 477.0 266.0
tenniscourt 474.0 230.0 496.0 270.0
groundtrackfield 350.0 302.0 461.0 503.0
vehicle 50.0 758.0 55.0 774.0
vehicle 36.0 556.0 43.0 570.0
vehicle 30.0 509.0 35.0 524.0
vehicle 175.0 596.0 190.0 602.0
vehicle 55.0 634.0 60.0 649.0
vehicle 448.0 645.0 459.0 650.0
vehicle 663.0 681.0 677.0 687.0
vehicle 513.0 673.0 527.0 678.0
