harbor 399.0 117.0 467.0 179.0
harbor 465.0 461.0 735.0 715.0
harbor 349.0 306.0 621.0 565.0
harbor 216.0 181.0 531.0 446.0
ship 636.0 384.0 660.0 415.0
ship 682.0 462.0 710.0 495.0
ship 664.0 537.0 690.0 568.0
ship 398.0 119.0 434.0 150.0
ship 420.0 147.0 456.0 180.0
ship 455.0 186.0 485.0 219.0
ship 433.0 200.0 460.0 234.0
ship 451.0 204.0 470.0 236.0
ship 510.0 221.0 533.0 248.0
ship 492.0 242.0 521.0 277.0
ship 406.0 207.0 450.0 260.0
ship 384.0 216.0 432.0 272.0
ship 354.0 231.0 406.0 293.0
ship 339.0 253.0 389.0 311.0
ship 313.0 272.0 365.0 328.0
ship 295.0 286.0 346.0 345.0
ship 274.0 313.0 322.0 361.0
ship 252.0 323.0 302.0 378.0
ship 455.0 261.0 480.0 293.0
ship 439.0 277.0 470.0 309.0
ship 418.0 292.0 458.0 340.0
ship 394.0 319.0 419.0 350.0
ship 375.0 331.0 411.0 368.0
ship 358.0 343.0 392.0 387.0
ship 348.0 361.0 374.0 387.0
ship 321.0 367.0 362.0 413.0
ship 215.0 339.0 272.0 395.0
ship 278.0 400.0 315.0 442.0
ship 303.0 391.0 342.0 432.0
ship 577.0 305.0 603.0 332.0
ship 534.0 300.0 575.0 345.0
ship 517.0 339.0 560.0 387.0
ship 480.0 370.0 520.0 416.0
ship 468.0 394.0 497.0 428.0
ship 444.0 407.0 482.0 452.0
ship 423.0 416.0 462.0 464.0
ship 400.0 433.0 440.0 479.0
ship 383.0 453.0 423.0 497.0
ship 361.0 474.0 401.0 520.0
ship 349.0 490.0 388.0 534.0
ship 592.0 370.0 621.0 403.0
ship 567.0 395.0 590.0 423.0
ship 547.0 410.0 579.0 450.0
ship 527.0 423.0 555.0 452.0
ship 505.0 440.0 553.0 495.0
ship 493.0 464.0 519.0 496.0
ship 476.0 483.0 501.0 519.0
ship 447.0 491.0 480.0 528.0
ship 427.0 509.0 460.0 543.0
ship 395.0 514.0 439.0 567.0
ship 698.0 513.0 735.0 550.0
ship 613.0 476.0 654.0 526.0
ship 651.0 557.0 694.0 608.0
ship 597.0 504.0 635.0 543.0
ship 577.0 522.0 611.0 561.0
ship 564.0 542.0 591.0 573.0
ship 537.0 555.0 573.0 594.0
ship 516.0 571.0 557.0 613.0
ship 497.0 581.0 539.0 631.0
ship 464.0 602.0 516.0 659.0
ship 632.0 571.0 673.0 620.0
ship 605.0 582.0 653.0 642.0
ship 583.0 602.0 625.0 650.0
ship 556.0 619.0 608.0 678.0
ship 545.0 642.0 591.0 695.0
ship 514.0 657.0 565.0 714.0
