airplane 718.0 293.0 742.0 313.0
airplane 125.0 64.0 158.0 92.0
airplane 71.0 109.0 107.0 131.0
airplane 77.0 177.0 107.0 198.0
airplane 427.0 341.0 465.0 368.0
airplane 580.0 555.0 604.0 575.0
airplane 676.0 567.0 700.0 591.0
airplane 602.0 581.0 618.0 599.0
airplane 689.0 579.0 715.0 599.0
airplane 700.0 591.0 724.0 614.0
airplane 686.0 633.0 699.0 645.0
airplane 312.0 224.0 332.0 243.0
airplane 339.0 322.0 359.0 339.0
airplane 397.0 353.0 409.0 364.0
airplane 416.0 364.0 430.0 374.0
airplane 404.0 372.0 416.0 382.0
airplane 220.0 283.0 231.0 294.0
airplane 179.0 312.0 192.0 325.0
airplane 167.0 321.0 178.0 330.0
airplane 140.0 340.0 153.0 351.0
airplane 179.0 330.0 193.0 342.0
airplane 150.0 349.0 162.0 359.0
airplane 112.0 150.0 136.0 168.0
airplane 135.0 144.0 153.0 161.0
airplane 158.0 96.0 176.0 111.0
airplane 162.0 125.0 173.0 134.0
airplane 102.0 300.0 119.0 310.0
