harbor 305.0 319.0 410.0 557.0
harbor 39.0 628.0 531.0 709.0
harbor 167.0 294.0 261.0 553.0
harbor 34.0 146.0 676.0 379.0
harbor 33.0 384.0 141.0 545.0
ship 51.0 386.0 92.0 399.0
ship 61.0 428.0 97.0 438.0
ship 63.0 649.0 81.0 701.0
ship 84.0 647.0 103.0 706.0
ship 106.0 645.0 123.0 690.0
ship 129.0 642.0 145.0 708.0
ship 150.0 641.0 166.0 688.0
ship 173.0 642.0 185.0 688.0
ship 192.0 642.0 204.0 688.0
ship 215.0 643.0 226.0 688.0
ship 235.0 641.0 249.0 683.0
ship 259.0 641.0 270.0 681.0
ship 279.0 643.0 294.0 707.0
ship 302.0 641.0 315.0 682.0
ship 321.0 641.0 335.0 688.0
ship 365.0 644.0 379.0 692.0
ship 384.0 640.0 401.0 688.0
ship 407.0 643.0 420.0 696.0
ship 430.0 638.0 442.0 676.0
ship 488.0 636.0 502.0 666.0
ship 72.0 472.0 123.0 509.0
ship 179.0 519.0 206.0 532.0
ship 226.0 523.0 254.0 532.0
ship 224.0 504.0 253.0 513.0
ship 176.0 504.0 204.0 516.0
ship 225.0 487.0 255.0 498.0
ship 222.0 469.0 258.0 479.0
ship 169.0 452.0 206.0 464.0
ship 224.0 454.0 248.0 464.0
ship 173.0 436.0 203.0 445.0
ship 174.0 420.0 206.0 430.0
ship 172.0 401.0 207.0 410.0
ship 166.0 384.0 206.0 397.0
ship 176.0 367.0 206.0 376.0
ship 222.0 368.0 251.0 376.0
ship 222.0 384.0 256.0 394.0
ship 228.0 401.0 259.0 411.0
ship 221.0 418.0 261.0 429.0
ship 224.0 437.0 252.0 445.0
ship 173.0 296.0 209.0 308.0
ship 213.0 294.0 258.0 308.0
ship 223.0 316.0 256.0 328.0
ship 223.0 330.0 255.0 343.0
ship 168.0 315.0 205.0 326.0
ship 168.0 330.0 205.0 344.0
ship 312.0 350.0 348.0 359.0
ship 306.0 364.0 348.0 377.0
ship 312.0 382.0 348.0 396.0
ship 308.0 398.0 349.0 411.0
ship 312.0 416.0 348.0 429.0
ship 310.0 435.0 347.0 445.0
ship 318.0 453.0 345.0 461.0
ship 310.0 468.0 347.0 480.0
ship 319.0 488.0 348.0 497.0
ship 309.0 503.0 348.0 516.0
ship 308.0 521.0 350.0 536.0
ship 369.0 522.0 388.0 531.0
ship 362.0 500.0 410.0 515.0
ship 365.0 450.0 411.0 463.0
ship 363.0 434.0 396.0 445.0
ship 364.0 416.0 410.0 430.0
ship 362.0 397.0 392.0 409.0
ship 363.0 383.0 395.0 394.0
ship 361.0 363.0 398.0 376.0
ship 363.0 347.0 388.0 358.0
ship 48.0 329.0 91.0 342.0
ship 50.0 311.0 93.0 325.0
ship 46.0 293.0 92.0 307.0
ship 48.0 275.0 86.0 287.0
ship 49.0 258.0 91.0 270.0
ship 49.0 237.0 88.0 251.0
ship 48.0 222.0 91.0 234.0
ship 56.0 204.0 84.0 212.0
ship 103.0 166.0 117.0 206.0
ship 123.0 166.0 134.0 208.0
ship 140.0 165.0 154.0 214.0
ship 158.0 168.0 170.0 204.0
ship 176.0 166.0 190.0 212.0
ship 212.0 166.0 227.0 211.0
ship 230.0 168.0 243.0 208.0
ship 248.0 170.0 261.0 207.0
ship 264.0 171.0 281.0 215.0
ship 282.0 168.0 298.0 222.0
ship 301.0 164.0 315.0 210.0
ship 319.0 166.0 332.0 204.0
ship 336.0 167.0 353.0 214.0
ship 355.0 165.0 371.0 218.0
ship 371.0 181.0 380.0 199.0
ship 375.0 159.0 430.0 179.0
ship 324.0 324.0 350.0 335.0
ship 323.0 335.0 351.0 344.0
ship 351.0 319.0 361.0 343.0
ship 363.0 332.0 388.0 343.0
ship 501.0 638.0 512.0 671.0
ship 511.0 643.0 518.0 674.0
ship 518.0 641.0 531.0 675.0
vehicle 267.0 605.0 274.0 620.0
vehicle 222.0 604.0 232.0 625.0
vehicle 147.0 569.0 153.0 582.0
