harbor 70.0 251.0 115.0 352.0
harbor 22.0 448.0 325.0 659.0
harbor 171.0 361.0 390.0 543.0
harbor 221.0 211.0 473.0 422.0
harbor 322.0 100.0 534.0 259.0
harbor 398.0 2.0 631.0 182.0
harbor 594.0 5.0 680.0 69.0
harbor 624.0 49.0 800.0 242.0
harbor 531.0 194.0 799.0 415.0
harbor 443.0 353.0 723.0 597.0
harbor 357.0 472.0 612.0 710.0
harbor 267.0 605.0 486.0 795.0
vehicle 57.0 185.0 70.0 198.0
vehicle 45.0 211.0 56.0 222.0
vehicle 28.0 174.0 41.0 190.0
vehicle 18.0 173.0 24.0 187.0
vehicle 16.0 143.0 29.0 157.0
vehicle 39.0 90.0 50.0 102.0
ship 188.0 56.0 226.0 100.0
ship 97.0 279.0 112.0 331.0
ship 64.0 454.0 87.0 485.0
ship 41.0 492.0 61.0 524.0
ship 21.0 452.0 62.0 509.0
ship 83.0 470.0 101.0 494.0
ship 96.0 474.0 116.0 502.0
ship 70.0 510.0 94.0 542.0
ship 115.0 485.0 131.0 513.0
ship 129.0 492.0 147.0 519.0
ship 89.0 522.0 108.0 551.0
ship 102.0 530.0 124.0 564.0
ship 117.0 540.0 139.0 574.0
ship 134.0 550.0 151.0 582.0
ship 147.0 561.0 166.0 592.0
ship 192.0 590.0 210.0 618.0
ship 222.0 604.0 243.0 636.0
ship 235.0 616.0 259.0 650.0
ship 253.0 625.0 274.0 654.0
ship 296.0 596.0 320.0 629.0
ship 275.0 580.0 303.0 617.0
ship 264.0 575.0 284.0 607.0
ship 247.0 562.0 269.0 597.0
ship 234.0 555.0 255.0 586.0
ship 218.0 548.0 239.0 579.0
ship 203.0 537.0 226.0 569.0
ship 188.0 527.0 209.0 559.0
ship 170.0 518.0 194.0 551.0
ship 157.0 512.0 175.0 541.0
ship 144.0 497.0 165.0 532.0
ship 350.0 529.0 366.0 551.0
ship 303.0 681.0 322.0 704.0
ship 327.0 696.0 340.0 719.0
ship 336.0 705.0 356.0 726.0
ship 349.0 714.0 364.0 735.0
ship 361.0 720.0 376.0 742.0
ship 386.0 737.0 399.0 755.0
ship 392.0 744.0 409.0 767.0
ship 416.0 760.0 434.0 782.0
ship 430.0 770.0 459.0 798.0
ship 279.0 669.0 296.0 686.0
ship 685.0 566.0 708.0 607.0
ship 174.0 363.0 227.0 433.0
ship 336.0 510.0 357.0 538.0
ship 325.0 500.0 344.0 529.0
ship 308.0 490.0 329.0 519.0
ship 293.0 481.0 316.0 513.0
ship 334.0 449.0 356.0 482.0
ship 320.0 442.0 342.0 472.0
ship 279.0 473.0 301.0 502.0
ship 269.0 462.0 292.0 492.0
ship 237.0 444.0 259.0 478.0
ship 307.0 434.0 326.0 464.0
ship 294.0 423.0 315.0 456.0
ship 228.0 435.0 249.0 459.0
ship 215.0 425.0 234.0 455.0
ship 278.0 421.0 296.0 443.0
ship 268.0 409.0 286.0 437.0
ship 252.0 397.0 271.0 426.0
ship 238.0 390.0 257.0 418.0
ship 221.0 379.0 245.0 407.0
ship 198.0 413.0 218.0 445.0
ship 173.0 362.0 226.0 433.0
ship 438.0 401.0 457.0 426.0
ship 450.0 410.0 471.0 437.0
ship 417.0 387.0 441.0 420.0
ship 398.0 376.0 420.0 408.0
ship 383.0 364.0 408.0 404.0
ship 360.0 352.0 388.0 392.0
ship 349.0 341.0 374.0 377.0
ship 336.0 330.0 356.0 362.0
ship 299.0 309.0 324.0 341.0
ship 290.0 300.0 310.0 330.0
ship 264.0 288.0 288.0 325.0
ship 234.0 266.0 261.0 308.0
ship 247.0 210.0 272.0 246.0
ship 279.0 230.0 311.0 271.0
ship 297.0 242.0 324.0 279.0
ship 309.0 249.0 344.0 294.0
ship 350.0 281.0 371.0 312.0
ship 362.0 283.0 386.0 324.0
ship 379.0 303.0 404.0 334.0
ship 397.0 307.0 423.0 340.0
ship 418.0 324.0 436.0 350.0
ship 428.0 325.0 457.0 363.0
ship 447.0 339.0 472.0 373.0
ship 351.0 1.0 375.0 36.0
ship 334.0 1.0 355.0 26.0
ship 321.0 101.0 360.0 155.0
ship 334.0 143.0 357.0 178.0
ship 352.0 154.0 375.0 184.0
ship 379.0 182.0 401.0 212.0
ship 391.0 187.0 418.0 226.0
ship 406.0 195.0 435.0 234.0
ship 417.0 204.0 450.0 244.0
ship 438.0 215.0 463.0 256.0
ship 469.0 238.0 497.0 276.0
ship 483.0 254.0 505.0 280.0
ship 502.0 255.0 527.0 290.0
ship 530.0 217.0 552.0 248.0
ship 517.0 208.0 537.0 238.0
ship 504.0 203.0 525.0 230.0
ship 477.0 184.0 496.0 210.0
ship 461.0 176.0 480.0 203.0
ship 450.0 166.0 466.0 193.0
ship 434.0 154.0 454.0 184.0
ship 423.0 148.0 439.0 173.0
ship 404.0 139.0 427.0 164.0
ship 403.0 129.0 414.0 146.0
ship 379.0 119.0 399.0 146.0
ship 366.0 113.0 383.0 137.0
ship 791.0 233.0 800.0 254.0
ship 776.0 208.0 800.0 246.0
ship 733.0 177.0 758.0 213.0
ship 713.0 163.0 746.0 206.0
ship 699.0 157.0 726.0 195.0
ship 672.0 140.0 695.0 179.0
ship 652.0 127.0 679.0 166.0
ship 641.0 116.0 663.0 153.0
ship 624.0 105.0 651.0 144.0
ship 684.0 75.0 715.0 124.0
ship 672.0 82.0 690.0 109.0
ship 654.0 48.0 694.0 101.0
ship 600.0 19.0 620.0 50.0
ship 615.0 32.0 634.0 59.0
ship 628.0 37.0 654.0 69.0
ship 714.0 101.0 744.0 140.0
ship 731.0 113.0 759.0 151.0
ship 431.0 4.0 452.0 31.0
ship 398.0 26.0 431.0 65.0
ship 461.0 18.0 483.0 51.0
ship 420.0 48.0 442.0 81.0
ship 434.0 58.0 457.0 92.0
ship 448.0 64.0 470.0 97.0
ship 465.0 77.0 487.0 107.0
ship 476.0 84.0 499.0 117.0
ship 489.0 95.0 515.0 127.0
ship 503.0 104.0 529.0 139.0
ship 519.0 115.0 551.0 153.0
ship 573.0 159.0 593.0 184.0
ship 542.0 131.0 582.0 173.0
ship 529.0 65.0 556.0 94.0
ship 559.0 86.0 580.0 112.0
ship 573.0 93.0 595.0 125.0
ship 587.0 107.0 604.0 129.0
ship 596.0 100.0 627.0 144.0
ship 744.0 122.0 775.0 161.0
ship 759.0 130.0 791.0 171.0
ship 775.0 139.0 800.0 183.0
ship 460.0 416.0 485.0 449.0
ship 473.0 423.0 498.0 455.0
ship 486.0 430.0 509.0 462.0
