harbor 442.0 206.0 736.0 498.0
harbor 167.0 252.0 479.0 561.0
harbor 26.0 399.0 316.0 703.0
harbor 112.0 300.0 167.0 369.0
ship 81.0 436.0 120.0 472.0
ship 150.0 483.0 188.0 520.0
ship 235.0 566.0 275.0 610.0
ship 214.0 648.0 261.0 695.0
ship 194.0 587.0 212.0 639.0
ship 146.0 569.0 186.0 611.0
ship 129.0 551.0 169.0 593.0
ship 108.0 535.0 148.0 577.0
ship 90.0 513.0 130.0 555.0
ship 73.0 496.0 113.0 538.0
ship 56.0 480.0 96.0 522.0
ship 39.0 464.0 79.0 506.0
ship 293.0 338.0 333.0 380.0
ship 114.0 332.0 142.0 364.0
ship 195.0 300.0 218.0 330.0
ship 137.0 297.0 170.0 329.0
ship 228.0 270.0 255.0 306.0
ship 233.0 293.0 260.0 319.0
ship 201.0 339.0 242.0 377.0
ship 218.0 361.0 252.0 394.0
ship 231.0 379.0 273.0 416.0
ship 254.0 310.0 289.0 342.0
ship 273.0 322.0 306.0 355.0
ship 313.0 357.0 355.0 394.0
ship 326.0 364.0 386.0 422.0
ship 275.0 385.0 297.0 427.0
ship 274.0 411.0 311.0 442.0
ship 281.0 432.0 320.0 466.0
ship 303.0 446.0 338.0 484.0
ship 320.0 458.0 359.0 496.0
ship 328.0 482.0 373.0 523.0
ship 375.0 515.0 408.0 553.0
ship 354.0 494.0 387.0 539.0
ship 420.0 469.0 462.0 503.0
ship 392.0 432.0 446.0 485.0
ship 441.0 235.0 475.0 265.0
ship 449.0 249.0 491.0 293.0
ship 460.0 267.0 509.0 314.0
ship 498.0 296.0 522.0 310.0
ship 518.0 329.0 553.0 368.0
ship 535.0 341.0 575.0 382.0
ship 552.0 359.0 597.0 394.0
ship 562.0 390.0 617.0 433.0
ship 583.0 401.0 635.0 445.0
ship 625.0 454.0 678.0 501.0
ship 681.0 395.0 738.0 451.0
ship 645.0 336.0 706.0 393.0
ship 625.0 355.0 651.0 375.0
ship 563.0 279.0 607.0 322.0
