chimney 552.0 661.0 645.0 751.0
chimney 751.0 718.0 800.0 766.0
chimney 278.0 165.0 408.0 301.0
chimney 451.0 126.0 589.0 262.0
chimney 285.0 554.0 425.0 691.0
chimney 325.0 370.0 464.0 512.0
vehicle 4.0 466.0 10.0 492.0
vehicle 19.0 535.0 26.0 555.0
vehicle 19.0 518.0 26.0 535.0
vehicle 118.0 386.0 122.0 402.0
vehicle 196.0 359.0 204.0 379.0
vehicle 189.0 691.0 196.0 709.0
vehicle 360.0 698.0 384.0 705.0
vehicle 241.0 419.0 249.0 445.0
vehicle 236.0 461.0 244.0 478.0
vehicle 200.0 619.0 206.0 635.0
vehicle 244.0 334.0 250.0 356.0
vehicle 241.0 289.0 248.0 304.0
