airplane 283.0 1.0 335.0 66.0
airplane 288.0 152.0 344.0 211.0
airplane 313.0 239.0 360.0 290.0
airplane 366.0 247.0 442.0 315.0
airplane 456.0 256.0 520.0 307.0
airplane 525.0 243.0 612.0 321.0
airplane 252.0 440.0 347.0 523.0
airplane 565.0 495.0 620.0 549.0
airplane 552.0 567.0 603.0 623.0
vehicle 209.0 635.0 222.0 662.0
vehicle 348.0 595.0 361.0 625.0
vehicle 350.0 630.0 363.0 659.0
vehicle 364.0 634.0 376.0 661.0
vehicle 418.0 620.0 434.0 656.0
vehicle 146.0 653.0 158.0 676.0
vehicle 128.0 680.0 156.0 693.0
vehicle 127.0 699.0 158.0 713.0
vehicle 127.0 719.0 157.0 732.0
vehicle 422.0 25.0 445.0 43.0
vehicle 664.0 17.0 689.0 41.0
