Expressway-Service-area 24.0 39.0 731.0 323.0
Expressway-Service-area 47.0 447.0 733.0 735.0
vehicle 348.0 208.0 398.0 219.0
vehicle 448.0 230.0 503.0 241.0
vehicle 452.0 252.0 503.0 262.0
vehicle 476.0 370.0 512.0 379.0
vehicle 573.0 460.0 611.0 469.0
vehicle 391.0 485.0 439.0 497.0
vehicle 446.0 514.0 481.0 524.0
vehicle 313.0 515.0 364.0 525.0
vehicle 396.0 536.0 447.0 548.0
vehicle 317.0 534.0 365.0 544.0
vehicle 322.0 545.0 363.0 556.0
vehicle 407.0 549.0 442.0 576.0
vehicle 216.0 231.0 243.0 254.0
vehicle 144.0 505.0 194.0 517.0
vehicle 221.0 507.0 274.0 517.0
vehicle 264.0 537.0 304.0 549.0
