airplane 157.0 203.0 267.0 305.0
airplane 97.0 284.0 192.0 355.0
airplane 268.0 142.0 418.0 281.0
airplane 445.0 201.0 502.0 272.0
airplane 512.0 129.0 564.0 193.0
airplane 694.0 30.0 748.0 92.0
airplane 523.0 259.0 595.0 297.0
airplane 648.0 270.0 748.0 382.0
airplane 97.0 379.0 241.0 463.0
airplane 277.0 444.0 370.0 538.0
airplane 398.0 492.0 499.0 605.0
airplane 532.0 548.0 631.0 657.0
vehicle 245.0 57.0 258.0 81.0
vehicle 171.0 177.0 195.0 187.0
vehicle 222.0 177.0 233.0 190.0
vehicle 239.0 217.0 248.0 233.0
vehicle 388.0 205.0 401.0 220.0
vehicle 398.0 210.0 409.0 222.0
vehicle 469.0 90.0 493.0 100.0
vehicle 622.0 123.0 648.0 140.0
vehicle 765.0 713.0 782.0 719.0
vehicle 730.0 756.0 748.0 765.0
