harbor 42.0 209.0 331.0 252.0
harbor 48.0 271.0 331.0 350.0
harbor 189.0 36.0 317.0 62.0
vehicle 482.0 136.0 493.0 141.0
vehicle 506.0 137.0 516.0 140.0
vehicle 557.0 139.0 567.0 143.0
vehicle 629.0 136.0 641.0 139.0
vehicle 695.0 135.0 708.0 138.0
vehicle 730.0 134.0 738.0 137.0
vehicle 741.0 131.0 748.0 134.0
vehicle 67.0 541.0 70.0 547.0
vehicle 17.0 515.0 24.0 519.0
vehicle 19.0 519.0 25.0 522.0
vehicle 24.0 617.0 29.0 621.0
vehicle 24.0 625.0 35.0 633.0
vehicle 52.0 610.0 56.0 616.0
vehicle 92.0 617.0 95.0 621.0
vehicle 8.0 663.0 11.0 668.0
vehicle 12.0 660.0 15.0 666.0
vehicle 100.0 679.0 107.0 686.0
vehicle 154.0 765.0 159.0 768.0
vehicle 41.0 563.0 46.0 568.0
harbor 45.0 365.0 355.0 480.0
harbor 69.0 507.0 356.0 599.0
harbor 192.0 662.0 417.0 800.0
ship 580.0 385.0 592.0 428.0
ship 654.0 422.0 674.0 470.0
ship 431.0 518.0 443.0 554.0
ship 481.0 585.0 490.0 616.0
ship 422.0 628.0 438.0 651.0
ship 461.0 686.0 471.0 722.0
ship 406.0 357.0 421.0 397.0
ship 447.0 351.0 453.0 365.0
ship 379.0 224.0 390.0 256.0
ship 55.0 285.0 60.0 303.0
ship 50.0 311.0 57.0 334.0
ship 59.0 313.0 66.0 334.0
ship 70.0 313.0 80.0 348.0
ship 81.0 313.0 90.0 330.0
ship 94.0 312.0 103.0 345.0
ship 64.0 281.0 70.0 303.0
ship 74.0 283.0 80.0 301.0
ship 83.0 289.0 88.0 300.0
ship 92.0 284.0 99.0 303.0
ship 110.0 283.0 118.0 301.0
ship 132.0 284.0 139.0 302.0
ship 119.0 310.0 124.0 337.0
ship 128.0 312.0 138.0 340.0
ship 143.0 312.0 151.0 337.0
ship 154.0 311.0 161.0 336.0
ship 168.0 311.0 174.0 336.0
ship 178.0 310.0 184.0 338.0
ship 189.0 310.0 198.0 340.0
ship 201.0 309.0 209.0 332.0
ship 214.0 310.0 222.0 334.0
ship 225.0 309.0 232.0 333.0
ship 238.0 312.0 246.0 334.0
ship 248.0 308.0 256.0 342.0
ship 263.0 312.0 269.0 336.0
ship 272.0 309.0 280.0 334.0
ship 286.0 308.0 294.0 333.0
ship 296.0 308.0 304.0 336.0
ship 308.0 307.0 316.0 336.0
ship 323.0 307.0 332.0 340.0
ship 141.0 280.0 147.0 302.0
ship 152.0 282.0 158.0 302.0
ship 160.0 282.0 168.0 303.0
ship 179.0 280.0 186.0 300.0
ship 191.0 280.0 198.0 300.0
ship 211.0 282.0 217.0 300.0
ship 219.0 279.0 227.0 301.0
ship 230.0 280.0 237.0 301.0
ship 239.0 274.0 247.0 300.0
ship 250.0 284.0 256.0 298.0
ship 269.0 280.0 275.0 294.0
ship 259.0 284.0 264.0 297.0
ship 277.0 281.0 284.0 298.0
ship 290.0 277.0 297.0 299.0
ship 298.0 278.0 304.0 298.0
ship 308.0 284.0 317.0 299.0
ship 322.0 273.0 330.0 302.0
ship 322.0 89.0 367.0 106.0
ship 310.0 96.0 356.0 121.0
ship 63.0 230.0 71.0 251.0
ship 75.0 230.0 82.0 254.0
ship 84.0 230.0 90.0 243.0
ship 97.0 232.0 101.0 242.0
ship 104.0 231.0 110.0 244.0
ship 84.0 217.0 98.0 221.0
ship 111.0 211.0 133.0 221.0
ship 139.0 214.0 166.0 221.0
ship 168.0 213.0 185.0 220.0
ship 188.0 214.0 203.0 219.0
ship 259.0 211.0 278.0 218.0
ship 207.0 215.0 220.0 219.0
ship 123.0 228.0 131.0 252.0
ship 132.0 228.0 140.0 248.0
ship 143.0 228.0 149.0 246.0
ship 153.0 229.0 160.0 250.0
ship 161.0 228.0 168.0 249.0
ship 171.0 226.0 179.0 249.0
ship 181.0 227.0 188.0 244.0
ship 193.0 228.0 200.0 241.0
ship 200.0 226.0 207.0 246.0
ship 220.0 229.0 227.0 246.0
ship 241.0 227.0 248.0 248.0
ship 250.0 226.0 257.0 249.0
ship 260.0 226.0 267.0 250.0
ship 271.0 226.0 275.0 245.0
ship 280.0 226.0 286.0 247.0
ship 290.0 226.0 295.0 248.0
ship 298.0 225.0 306.0 249.0
ship 311.0 225.0 318.0 244.0
ship 321.0 217.0 329.0 246.0
ship 64.0 372.0 73.0 414.0
ship 74.0 374.0 81.0 413.0
ship 63.0 422.0 74.0 447.0
ship 82.0 420.0 92.0 440.0
ship 83.0 460.0 136.0 472.0
ship 77.0 478.0 135.0 491.0
ship 77.0 493.0 138.0 505.0
ship 144.0 485.0 190.0 494.0
ship 149.0 497.0 197.0 507.0
ship 107.0 383.0 115.0 412.0
ship 83.0 388.0 91.0 411.0
ship 95.0 420.0 104.0 447.0
ship 106.0 421.0 115.0 446.0
ship 121.0 420.0 132.0 455.0
ship 140.0 428.0 149.0 454.0
ship 149.0 419.0 158.0 453.0
ship 160.0 420.0 171.0 464.0
ship 172.0 419.0 183.0 478.0
ship 190.0 419.0 202.0 443.0
ship 203.0 418.0 212.0 438.0
ship 214.0 420.0 225.0 468.0
ship 228.0 418.0 238.0 447.0
ship 241.0 418.0 253.0 464.0
ship 254.0 418.0 265.0 483.0
ship 269.0 419.0 281.0 470.0
ship 282.0 417.0 292.0 464.0
ship 296.0 415.0 308.0 474.0
ship 325.0 362.0 340.0 428.0
ship 340.0 364.0 352.0 429.0
ship 119.0 382.0 129.0 410.0
ship 169.0 387.0 176.0 406.0
ship 179.0 385.0 184.0 407.0
ship 189.0 382.0 199.0 410.0
ship 225.0 371.0 235.0 407.0
ship 249.0 370.0 260.0 409.0
ship 274.0 391.0 280.0 407.0
ship 286.0 380.0 294.0 408.0
ship 298.0 372.0 305.0 407.0
ship 309.0 371.0 317.0 405.0
ship 358.0 459.0 368.0 470.0
ship 81.0 524.0 88.0 545.0
ship 90.0 513.0 99.0 548.0
ship 102.0 516.0 111.0 548.0
ship 112.0 524.0 120.0 545.0
ship 101.0 555.0 109.0 582.0
ship 113.0 555.0 122.0 585.0
ship 123.0 555.0 131.0 590.0
ship 135.0 555.0 144.0 585.0
ship 146.0 557.0 154.0 585.0
ship 157.0 556.0 167.0 589.0
ship 171.0 557.0 180.0 586.0
ship 185.0 554.0 194.0 575.0
ship 197.0 557.0 206.0 589.0
ship 215.0 553.0 221.0 590.0
ship 230.0 555.0 239.0 596.0
ship 242.0 554.0 252.0 586.0
ship 257.0 553.0 267.0 600.0
ship 270.0 552.0 283.0 614.0
ship 286.0 555.0 296.0 594.0
ship 299.0 552.0 309.0 596.0
ship 311.0 552.0 323.0 617.0
ship 328.0 503.0 341.0 585.0
ship 343.0 521.0 355.0 582.0
ship 124.0 506.0 134.0 545.0
ship 155.0 516.0 161.0 545.0
ship 166.0 511.0 173.0 545.0
ship 179.0 513.0 189.0 543.0
ship 193.0 519.0 200.0 545.0
ship 208.0 516.0 215.0 545.0
ship 219.0 504.0 229.0 544.0
ship 230.0 484.0 242.0 536.0
ship 246.0 516.0 253.0 546.0
ship 257.0 514.0 268.0 541.0
ship 271.0 508.0 282.0 542.0
ship 285.0 500.0 295.0 541.0
ship 310.0 484.0 322.0 538.0
ship 130.0 594.0 177.0 604.0
ship 126.0 606.0 188.0 618.0
ship 142.0 619.0 191.0 629.0
ship 163.0 633.0 191.0 640.0
ship 129.0 641.0 191.0 651.0
ship 117.0 653.0 192.0 666.0
ship 199.0 604.0 236.0 613.0
ship 198.0 613.0 253.0 623.0
ship 196.0 626.0 263.0 637.0
ship 200.0 639.0 255.0 650.0
ship 200.0 652.0 249.0 662.0
ship 134.0 678.0 186.0 700.0
ship 208.0 677.0 218.0 708.0
ship 224.0 665.0 233.0 706.0
ship 236.0 664.0 246.0 705.0
ship 250.0 657.0 260.0 707.0
ship 265.0 651.0 279.0 706.0
ship 279.0 669.0 288.0 700.0
ship 294.0 671.0 302.0 702.0
ship 309.0 667.0 316.0 700.0
ship 322.0 676.0 331.0 706.0
ship 336.0 663.0 345.0 707.0
ship 293.0 627.0 338.0 637.0
ship 289.0 641.0 336.0 651.0
ship 349.0 592.0 363.0 657.0
ship 239.0 716.0 248.0 750.0
ship 210.0 716.0 225.0 742.0
ship 250.0 715.0 259.0 745.0
ship 238.0 758.0 248.0 795.0
ship 249.0 762.0 255.0 795.0
ship 256.0 749.0 265.0 796.0
ship 266.0 715.0 277.0 767.0
ship 283.0 720.0 294.0 771.0
ship 265.0 770.0 273.0 797.0
ship 274.0 775.0 283.0 799.0
ship 282.0 779.0 291.0 799.0
ship 291.0 775.0 299.0 799.0
ship 299.0 775.0 306.0 799.0
ship 306.0 770.0 314.0 799.0
ship 315.0 782.0 320.0 800.0
ship 330.0 767.0 342.0 799.0
ship 342.0 769.0 349.0 798.0
ship 317.0 718.0 328.0 768.0
ship 302.0 719.0 313.0 765.0
ship 337.0 722.0 346.0 760.0
ship 358.0 757.0 410.0 769.0
ship 363.0 789.0 389.0 796.0
ship 401.0 67.0 468.0 91.0
ship 412.0 90.0 458.0 112.0
ship 396.0 110.0 444.0 129.0
ship 601.0 89.0 658.0 112.0
ship 664.0 321.0 684.0 376.0
ship 644.0 322.0 664.0 377.0
bridge 172.0 119.0 800.0 183.0
