airplane 107.0 80.0 140.0 124.0
airplane 284.0 189.0 370.0 289.0
airplane 156.0 260.0 187.0 302.0
airplane 114.0 270.0 173.0 328.0
airplane 121.0 335.0 165.0 395.0
airplane 151.0 386.0 183.0 423.0
airplane 119.0 400.0 172.0 459.0
airplane 300.0 427.0 384.0 533.0
airplane 278.0 540.0 345.0 588.0
airplane 388.0 499.0 481.0 587.0
airplane 57.0 442.0 113.0 491.0
airplane 10.0 460.0 61.0 500.0
airplane 7.0 571.0 55.0 614.0
airplane 627.0 224.0 663.0 260.0
airplane 646.0 86.0 685.0 124.0
airplane 689.0 129.0 726.0 170.0
airplane 725.0 168.0 759.0 209.0
vehicle 40.0 28.0 48.0 47.0
vehicle 1.0 708.0 5.0 724.0
vehicle 8.0 708.0 17.0 728.0
vehicle 18.0 707.0 28.0 730.0
vehicle 31.0 713.0 40.0 733.0
vehicle 6.0 732.0 27.0 741.0
vehicle 57.0 722.0 66.0 744.0
vehicle 48.0 720.0 56.0 738.0
vehicle 296.0 717.0 304.0 736.0
vehicle 325.0 721.0 335.0 739.0
vehicle 375.0 721.0 383.0 739.0
vehicle 493.0 690.0 503.0 713.0
vehicle 517.0 697.0 526.0 715.0
vehicle 481.0 694.0 489.0 711.0
vehicle 388.0 721.0 397.0 740.0
vehicle 558.0 694.0 568.0 713.0
vehicle 570.0 695.0 580.0 715.0
vehicle 583.0 695.0 594.0 717.0
vehicle 603.0 682.0 613.0 701.0
vehicle 711.0 413.0 727.0 431.0
vehicle 620.0 308.0 637.0 321.0
vehicle 591.0 279.0 608.0 295.0
vehicle 582.0 268.0 600.0 287.0
vehicle 573.0 262.0 591.0 279.0
vehicle 429.0 103.0 452.0 119.0
