tenniscourt 669.0 533.0 704.0 598.0
tenniscourt 681.0 723.0 713.0 786.0
tenniscourt 277.0 421.0 305.0 474.0
vehicle 471.0 693.0 482.0 713.0
vehicle 513.0 699.0 531.0 710.0
vehicle 454.0 461.0 460.0 475.0
vehicle 81.0 638.0 88.0 651.0
vehicle 86.0 736.0 94.0 746.0
vehicle 80.0 420.0 87.0 432.0
vehicle 83.0 287.0 95.0 294.0
vehicle 62.0 302.0 70.0 313.0
vehicle 53.0 303.0 59.0 313.0
vehicle 64.0 315.0 71.0 327.0
vehicle 64.0 335.0 72.0 345.0
vehicle 75.0 340.0 80.0 351.0
vehicle 66.0 353.0 73.0 364.0
vehicle 68.0 367.0 75.0 378.0
vehicle 201.0 392.0 206.0 404.0
vehicle 164.0 277.0 181.0 284.0
vehicle 111.0 278.0 126.0 286.0
vehicle 447.0 260.0 455.0 273.0
vehicle 83.0 37.0 95.0 47.0
vehicle 62.0 39.0 75.0 44.0
vehicle 119.0 64.0 124.0 75.0
vehicle 205.0 68.0 211.0 82.0
vehicle 212.0 67.0 217.0 80.0
vehicle 80.0 130.0 92.0 135.0
vehicle 255.0 72.0 262.0 82.0
vehicle 315.0 101.0 327.0 107.0
vehicle 327.0 95.0 339.0 101.0
vehicle 344.0 91.0 356.0 97.0
vehicle 447.0 197.0 456.0 206.0
vehicle 231.0 217.0 238.0 231.0
vehicle 593.0 283.0 607.0 289.0
vehicle 643.0 277.0 655.0 282.0
vehicle 671.0 276.0 685.0 282.0
vehicle 698.0 245.0 713.0 253.0
vehicle 780.0 230.0 797.0 239.0
vehicle 526.0 579.0 531.0 590.0
vehicle 530.0 603.0 537.0 614.0
vehicle 456.0 493.0 463.0 507.0
vehicle 463.0 590.0 469.0 602.0
