ship 185.0 768.0 201.0 781.0
ship 291.0 650.0 310.0 669.0
ship 356.0 602.0 373.0 623.0
ship 336.0 655.0 355.0 670.0
ship 394.0 574.0 413.0 597.0
ship 677.0 609.0 695.0 623.0
ship 651.0 634.0 674.0 652.0
ship 542.0 700.0 570.0 719.0
harbor 258.0 401.0 335.0 483.0
harbor 235.0 487.0 258.0 508.0
harbor 344.0 336.0 391.0 385.0
harbor 398.0 300.0 427.0 329.0
harbor 449.0 257.0 473.0 282.0
storagetank 211.0 300.0 225.0 312.0
storagetank 221.0 311.0 233.0 324.0
storagetank 231.0 326.0 241.0 336.0
storagetank 238.0 336.0 248.0 346.0
storagetank 231.0 303.0 238.0 310.0
storagetank 243.0 318.0 250.0 327.0
storagetank 249.0 327.0 259.0 336.0
storagetank 240.0 273.0 253.0 284.0
storagetank 249.0 286.0 262.0 296.0
storagetank 263.0 302.0 278.0 315.0
storagetank 255.0 268.0 263.0 276.0
storagetank 264.0 260.0 272.0 268.0
storagetank 265.0 279.0 273.0 287.0
storagetank 276.0 292.0 291.0 305.0
storagetank 289.0 281.0 308.0 296.0
storagetank 273.0 273.0 281.0 281.0
storagetank 281.0 265.0 288.0 272.0
storagetank 270.0 253.0 282.0 262.0
storagetank 281.0 245.0 289.0 253.0
storagetank 291.0 239.0 301.0 248.0
storagetank 301.0 250.0 310.0 259.0
storagetank 291.0 258.0 298.0 267.0
storagetank 305.0 270.0 311.0 278.0
storagetank 310.0 267.0 317.0 272.0
storagetank 317.0 262.0 324.0 269.0
storagetank 312.0 278.0 317.0 287.0
storagetank 317.0 274.0 324.0 282.0
storagetank 322.0 269.0 329.0 276.0
storagetank 317.0 219.0 326.0 225.0
storagetank 354.0 231.0 367.0 243.0
storagetank 363.0 243.0 375.0 254.0
storagetank 339.0 244.0 349.0 253.0
storagetank 330.0 250.0 339.0 259.0
storagetank 335.0 259.0 345.0 268.0
storagetank 346.0 252.0 355.0 260.0
storagetank 354.0 262.0 363.0 270.0
storagetank 345.0 268.0 354.0 277.0
storagetank 350.0 276.0 360.0 287.0
storagetank 359.0 269.0 370.0 279.0
storagetank 374.0 220.0 382.0 229.0
storagetank 382.0 215.0 388.0 220.0
storagetank 380.0 227.0 388.0 233.0
storagetank 388.0 221.0 394.0 227.0
storagetank 394.0 226.0 401.0 234.0
storagetank 388.0 233.0 396.0 240.0
storagetank 397.0 188.0 403.0 195.0
storagetank 389.0 193.0 396.0 202.0
storagetank 402.0 193.0 409.0 202.0
storagetank 394.0 201.0 401.0 209.0
storagetank 399.0 207.0 406.0 215.0
storagetank 407.0 201.0 413.0 210.0
storagetank 411.0 169.0 418.0 178.0
storagetank 406.0 176.0 413.0 183.0
storagetank 417.0 178.0 423.0 185.0
storagetank 409.0 183.0 418.0 190.0
storagetank 416.0 188.0 422.0 196.0
storagetank 422.0 185.0 430.0 192.0
harbor 538.0 177.0 555.0 195.0
storagetank 124.0 324.0 130.0 331.0
storagetank 130.0 331.0 138.0 339.0
storagetank 139.0 346.0 147.0 354.0
storagetank 147.0 354.0 153.0 360.0
