harbor 25.0 26.0 340.0 639.0
harbor 503.0 19.0 787.0 581.0
ship 525.0 725.0 592.0 756.0
ship 197.0 56.0 339.0 101.0
ship 196.0 110.0 307.0 148.0
ship 197.0 155.0 308.0 193.0
ship 30.0 192.0 159.0 237.0
ship 195.0 241.0 327.0 285.0
ship 196.0 292.0 316.0 337.0
ship 65.0 300.0 162.0 333.0
ship 58.0 391.0 159.0 430.0
ship 140.0 467.0 203.0 637.0
ship 510.0 47.0 649.0 98.0
ship 531.0 103.0 652.0 141.0
ship 523.0 143.0 652.0 188.0
ship 509.0 289.0 649.0 336.0
ship 505.0 339.0 650.0 391.0
ship 523.0 392.0 646.0 438.0
ship 513.0 444.0 651.0 493.0
ship 532.0 496.0 641.0 537.0
ship 686.0 196.0 783.0 230.0
ship 686.0 298.0 760.0 326.0
ship 685.0 389.0 774.0 427.0
