harbor 24.0 153.0 279.0 385.0
harbor 96.0 225.0 510.0 669.0
harbor 665.0 580.0 782.0 692.0
ship 73.0 312.0 92.0 333.0
ship 178.0 373.0 220.0 417.0
ship 343.0 246.0 385.0 290.0
ship 249.0 377.0 282.0 412.0
ship 193.0 406.0 226.0 441.0
ship 194.0 224.0 229.0 261.0
ship 146.0 286.0 173.0 313.0
ship 426.0 330.0 453.0 357.0
ship 414.0 315.0 441.0 342.0
ship 324.0 405.0 351.0 432.0
ship 362.0 362.0 394.0 394.0
ship 405.0 385.0 437.0 417.0
ship 87.0 322.0 133.0 366.0
ship 455.0 340.0 501.0 384.0
ship 454.0 371.0 508.0 428.0
ship 295.0 222.0 366.0 297.0
ship 382.0 271.0 418.0 315.0
ship 294.0 475.0 367.0 559.0
ship 729.0 626.0 759.0 651.0
ship 746.0 644.0 772.0 669.0
