ship 571.0 466.0 592.0 530.0
ship 194.0 237.0 248.0 257.0
ship 282.0 244.0 322.0 257.0
ship 392.0 242.0 423.0 254.0
ship 443.0 242.0 477.0 254.0
ship 53.0 537.0 88.0 549.0
ship 94.0 536.0 160.0 558.0
ship 170.0 536.0 191.0 545.0
ship 293.0 536.0 325.0 547.0
ship 465.0 544.0 519.0 561.0
ship 459.0 407.0 477.0 443.0
ship 462.0 454.0 485.0 527.0
ship 84.0 607.0 116.0 622.0
ship 179.0 608.0 216.0 619.0
ship 369.0 562.0 395.0 575.0
ship 229.0 445.0 254.0 517.0
ship 56.0 453.0 82.0 524.0
ship 97.0 443.0 120.0 520.0
ship 129.0 437.0 154.0 523.0
ship 161.0 457.0 184.0 523.0
ship 264.0 465.0 290.0 527.0
ship 650.0 270.0 675.0 347.0
ship 678.0 272.0 704.0 358.0
ship 711.0 273.0 735.0 343.0
ship 96.0 280.0 123.0 356.0
ship 61.0 273.0 84.0 345.0
ship 124.0 280.0 150.0 336.0
ship 161.0 274.0 185.0 337.0
ship 192.0 277.0 219.0 348.0
ship 259.0 272.0 285.0 337.0
ship 295.0 277.0 319.0 351.0
ship 329.0 280.0 349.0 345.0
ship 359.0 271.0 385.0 341.0
ship 392.0 273.0 418.0 337.0
ship 427.0 279.0 445.0 333.0
ship 460.0 273.0 484.0 352.0
ship 494.0 272.0 517.0 340.0
ship 557.0 270.0 582.0 353.0
ship 588.0 274.0 612.0 353.0
ship 617.0 268.0 643.0 352.0
ship 425.0 460.0 449.0 522.0
ship 590.0 232.0 668.0 257.0
ship 688.0 240.0 744.0 255.0
ship 299.0 459.0 322.0 525.0
ship 194.0 465.0 213.0 520.0
ship 366.0 467.0 387.0 520.0
ship 395.0 465.0 414.0 518.0
ship 494.0 460.0 522.0 529.0
ship 527.0 463.0 550.0 527.0
ship 667.0 460.0 696.0 526.0
ship 703.0 456.0 743.0 523.0
ship 469.0 614.0 515.0 632.0
ship 520.0 615.0 561.0 631.0
ship 566.0 615.0 602.0 630.0
ship 605.0 617.0 637.0 636.0
harbor 41.0 217.0 759.0 663.0
ship 167.0 672.0 230.0 694.0
ship 301.0 631.0 338.0 677.0
ship 334.0 646.0 358.0 676.0
ship 352.0 645.0 367.0 670.0
