ship 219.0 494.0 236.0 539.0
harbor 508.0 531.0 689.0 642.0
harbor 517.0 377.0 702.0 492.0
harbor 549.0 237.0 714.0 331.0
harbor 508.0 115.0 727.0 196.0
vehicle 776.0 162.0 791.0 168.0
vehicle 746.0 259.0 759.0 266.0
vehicle 738.0 315.0 756.0 323.0
vehicle 732.0 404.0 748.0 410.0
vehicle 732.0 418.0 743.0 422.0
harbor 404.0 123.0 491.0 735.0
ship 517.0 382.0 540.0 464.0
ship 506.0 546.0 521.0 614.0
ship 460.0 131.0 478.0 184.0
ship 451.0 196.0 473.0 257.0
ship 476.0 259.0 492.0 314.0
ship 447.0 268.0 464.0 326.0
ship 437.0 332.0 458.0 402.0
ship 464.0 343.0 487.0 429.0
ship 428.0 428.0 448.0 488.0
ship 418.0 495.0 440.0 568.0
ship 443.0 571.0 459.0 616.0
ship 403.0 601.0 430.0 684.0
ship 522.0 148.0 534.0 180.0
ship 541.0 431.0 558.0 480.0
ship 528.0 537.0 542.0 570.0
ship 559.0 236.0 575.0 276.0
ship 553.0 149.0 566.0 183.0
ship 649.0 159.0 661.0 192.0
ship 714.0 166.0 725.0 200.0
ship 503.0 115.0 540.0 136.0
ship 461.0 122.0 479.0 130.0
ship 570.0 154.0 580.0 182.0
ship 586.0 155.0 597.0 186.0
ship 602.0 155.0 612.0 185.0
ship 614.0 157.0 630.0 196.0
ship 666.0 162.0 676.0 191.0
ship 681.0 164.0 694.0 193.0
ship 574.0 236.0 589.0 276.0
ship 592.0 247.0 605.0 276.0
ship 607.0 239.0 622.0 276.0
ship 623.0 243.0 638.0 281.0
ship 639.0 251.0 652.0 284.0
ship 656.0 248.0 670.0 285.0
ship 671.0 245.0 685.0 285.0
ship 556.0 283.0 571.0 323.0
ship 571.0 284.0 584.0 323.0
ship 588.0 287.0 601.0 320.0
ship 602.0 291.0 616.0 330.0
ship 620.0 293.0 632.0 329.0
ship 635.0 292.0 648.0 323.0
ship 652.0 294.0 665.0 331.0
ship 668.0 295.0 680.0 329.0
ship 456.0 441.0 474.0 485.0
ship 564.0 378.0 580.0 424.0
ship 581.0 376.0 599.0 423.0
ship 598.0 381.0 614.0 425.0
ship 617.0 388.0 631.0 429.0
ship 634.0 384.0 650.0 432.0
ship 652.0 388.0 667.0 433.0
ship 669.0 391.0 684.0 433.0
ship 687.0 386.0 702.0 437.0
ship 557.0 433.0 573.0 484.0
ship 576.0 434.0 593.0 483.0
ship 593.0 437.0 609.0 480.0
ship 612.0 438.0 627.0 486.0
ship 646.0 442.0 664.0 493.0
ship 661.0 443.0 679.0 491.0
ship 682.0 445.0 697.0 493.0
ship 447.0 510.0 463.0 558.0
ship 545.0 534.0 559.0 570.0
ship 562.0 535.0 576.0 571.0
ship 577.0 532.0 590.0 572.0
ship 594.0 535.0 608.0 573.0
ship 626.0 544.0 640.0 579.0
ship 639.0 543.0 654.0 580.0
ship 656.0 544.0 671.0 581.0
ship 679.0 549.0 689.0 574.0
ship 526.0 578.0 540.0 616.0
ship 542.0 582.0 554.0 614.0
ship 558.0 581.0 573.0 619.0
ship 587.0 585.0 604.0 635.0
ship 603.0 588.0 617.0 629.0
ship 636.0 590.0 649.0 626.0
ship 653.0 593.0 667.0 640.0
ship 436.0 627.0 455.0 688.0
