tenniscourt 216.0 452.0 236.0 500.0
tenniscourt 179.0 454.0 203.0 499.0
tenniscourt 154.0 454.0 176.0 500.0
tenniscourt 215.0 526.0 238.0 571.0
tenniscourt 182.0 526.0 203.0 571.0
tenniscourt 154.0 526.0 174.0 571.0
tenniscourt 105.0 454.0 128.0 498.0
tenniscourt 77.0 452.0 100.0 498.0
tenniscourt 104.0 526.0 126.0 573.0
tenniscourt 76.0 524.0 99.0 573.0
tenniscourt 540.0 600.0 561.0 646.0
tenniscourt 565.0 600.0 588.0 647.0
vehicle 441.0 468.0 445.0 478.0
vehicle 445.0 468.0 450.0 478.0
vehicle 450.0 466.0 455.0 478.0
vehicle 456.0 468.0 461.0 478.0
vehicle 446.0 502.0 451.0 508.0
vehicle 451.0 502.0 458.0 512.0
vehicle 456.0 506.0 464.0 514.0
vehicle 495.0 567.0 503.0 574.0
vehicle 495.0 575.0 504.0 580.0
vehicle 498.0 581.0 508.0 585.0
vehicle 499.0 590.0 508.0 597.0
vehicle 646.0 573.0 650.0 583.0
