harbor 223.0 68.0 323.0 153.0
harbor 527.0 310.0 642.0 376.0
harbor 351.0 98.0 487.0 523.0
harbor 307.0 442.0 384.0 539.0
harbor 532.0 690.0 640.0 758.0
harbor 323.0 593.0 430.0 648.0
harbor 342.0 692.0 442.0 763.0
harbor 180.0 235.0 253.0 293.0
harbor 544.0 413.0 647.0 570.0
harbor 549.0 612.0 624.0 663.0
harbor 538.0 246.0 647.0 287.0
vehicle 59.0 690.0 87.0 700.0
vehicle 83.0 608.0 97.0 633.0
harbor 80.0 76.0 210.0 162.0
harbor 123.0 189.0 223.0 227.0
harbor 203.0 287.0 292.0 346.0
ship 348.0 186.0 396.0 206.0
ship 367.0 234.0 399.0 251.0
ship 228.0 219.0 271.0 273.0
ship 435.0 472.0 452.0 505.0
ship 458.0 433.0 490.0 503.0
ship 413.0 591.0 432.0 636.0
ship 416.0 694.0 442.0 763.0
ship 414.0 199.0 451.0 214.0
ship 420.0 234.0 458.0 250.0
ship 426.0 271.0 454.0 337.0
ship 526.0 319.0 546.0 362.0
ship 530.0 689.0 556.0 765.0
ship 231.0 131.0 312.0 153.0
