bridge 326.0 621.0 378.0 698.0
bridge 307.0 278.0 367.0 357.0
vehicle 358.0 791.0 366.0 800.0
vehicle 294.0 785.0 317.0 792.0
vehicle 121.0 732.0 130.0 746.0
vehicle 224.0 83.0 237.0 99.0
vehicle 176.0 94.0 190.0 110.0
vehicle 211.0 125.0 225.0 137.0
vehicle 480.0 149.0 491.0 169.0
vehicle 477.0 178.0 485.0 194.0
vehicle 357.0 113.0 375.0 120.0
vehicle 462.0 216.0 482.0 231.0
harbor 628.0 696.0 771.0 764.0
harbor 434.0 307.0 493.0 639.0
harbor 534.0 89.0 615.0 470.0
harbor 690.0 126.0 800.0 185.0
harbor 532.0 73.0 585.0 81.0
harbor 536.0 20.0 629.0 58.0
ship 634.0 694.0 656.0 712.0
ship 629.0 709.0 655.0 722.0
ship 453.0 528.0 491.0 540.0
ship 539.0 453.0 589.0 473.0
ship 571.0 142.0 597.0 154.0
ship 580.0 188.0 604.0 199.0
ship 617.0 21.0 630.0 50.0
ship 586.0 47.0 611.0 59.0
