vehicle 102.0 579.0 134.0 611.0
vehicle 176.0 548.0 206.0 574.0
vehicle 439.0 551.0 476.0 565.0
vehicle 386.0 505.0 396.0 539.0
vehicle 428.0 464.0 438.0 495.0
vehicle 440.0 459.0 451.0 491.0
vehicle 511.0 355.0 536.0 420.0
vehicle 560.0 341.0 571.0 372.0
vehicle 222.0 320.0 262.0 332.0
vehicle 304.0 285.0 334.0 310.0
vehicle 304.0 326.0 335.0 355.0
vehicle 364.0 275.0 392.0 304.0
vehicle 331.0 210.0 364.0 222.0
vehicle 415.0 319.0 446.0 350.0
Expressway-Service-area 261.0 285.0 681.0 688.0
Expressway-Service-area 91.0 128.0 494.0 559.0
