harbor 579.0 438.0 715.0 641.0
harbor 336.0 458.0 492.0 642.0
harbor 42.0 483.0 220.0 678.0
ship 141.0 522.0 211.0 544.0
ship 148.0 584.0 198.0 604.0
ship 44.0 612.0 125.0 640.0
ship 53.0 647.0 120.0 670.0
ship 352.0 505.0 393.0 521.0
ship 429.0 498.0 478.0 515.0
ship 422.0 528.0 476.0 545.0
ship 345.0 532.0 398.0 551.0
ship 337.0 556.0 403.0 575.0
ship 336.0 583.0 400.0 604.0
ship 416.0 582.0 490.0 605.0
ship 586.0 461.0 602.0 473.0
ship 617.0 463.0 634.0 474.0
ship 665.0 461.0 683.0 473.0
ship 702.0 464.0 716.0 472.0
ship 655.0 477.0 692.0 493.0
ship 666.0 507.0 713.0 523.0
ship 665.0 532.0 696.0 544.0
ship 581.0 588.0 623.0 601.0
ship 686.0 597.0 704.0 605.0
ship 613.0 618.0 640.0 630.0
