harbor 375.0 23.0 566.0 181.0
harbor 307.0 280.0 595.0 472.0
harbor 241.0 592.0 561.0 789.0
ship 747.0 431.0 772.0 476.0
ship 539.0 23.0 561.0 89.0
ship 508.0 23.0 530.0 89.0
ship 477.0 26.0 499.0 92.0
ship 447.0 116.0 468.0 175.0
ship 475.0 112.0 496.0 171.0
ship 510.0 112.0 531.0 171.0
ship 540.0 111.0 563.0 179.0
ship 473.0 287.0 496.0 354.0
ship 507.0 282.0 532.0 353.0
ship 538.0 283.0 564.0 355.0
ship 571.0 402.0 594.0 464.0
ship 461.0 371.0 497.0 467.0
ship 432.0 372.0 459.0 471.0
ship 398.0 370.0 425.0 469.0
ship 364.0 373.0 391.0 472.0
ship 315.0 590.0 342.0 689.0
ship 452.0 594.0 484.0 691.0
ship 497.0 606.0 516.0 683.0
ship 530.0 596.0 551.0 691.0
ship 498.0 707.0 520.0 788.0
ship 532.0 703.0 554.0 784.0
ship 415.0 115.0 436.0 138.0
