tenniscourt 475.0 122.0 557.0 230.0
tenniscourt 418.0 148.0 498.0 256.0
tenniscourt 345.0 176.0 427.0 286.0
tenniscourt 282.0 203.0 367.0 311.0
tenniscourt 211.0 233.0 295.0 344.0
tenniscourt 152.0 258.0 234.0 369.0
tenniscourt 81.0 289.0 162.0 399.0
tenniscourt 22.0 315.0 102.0 425.0
tenniscourt 552.0 300.0 635.0 412.0
tenniscourt 493.0 327.0 575.0 436.0
tenniscourt 421.0 357.0 502.0 465.0
tenniscourt 361.0 383.0 442.0 492.0
tenniscourt 290.0 413.0 371.0 522.0
tenniscourt 229.0 438.0 311.0 548.0
vehicle 105.0 765.0 121.0 793.0
vehicle 215.0 696.0 230.0 723.0
vehicle 224.0 693.0 241.0 718.0
vehicle 220.0 735.0 240.0 751.0
vehicle 175.0 773.0 194.0 800.0
vehicle 186.0 769.0 205.0 798.0
vehicle 198.0 765.0 213.0 790.0
vehicle 210.0 760.0 225.0 785.0
vehicle 220.0 758.0 235.0 782.0
vehicle 302.0 701.0 325.0 721.0
vehicle 269.0 734.0 290.0 752.0
vehicle 291.0 729.0 311.0 742.0
vehicle 315.0 652.0 330.0 673.0
vehicle 332.0 650.0 345.0 673.0
vehicle 342.0 644.0 356.0 667.0
vehicle 351.0 640.0 367.0 664.0
vehicle 278.0 748.0 298.0 760.0
vehicle 296.0 740.0 312.0 755.0
vehicle 281.0 758.0 301.0 772.0
vehicle 302.0 752.0 321.0 765.0
vehicle 283.0 770.0 305.0 782.0
vehicle 305.0 760.0 324.0 774.0
vehicle 288.0 783.0 308.0 794.0
vehicle 310.0 773.0 328.0 783.0
vehicle 312.0 781.0 328.0 796.0
vehicle 293.0 792.0 309.0 800.0
vehicle 337.0 708.0 356.0 721.0
vehicle 341.0 722.0 361.0 735.0
vehicle 357.0 701.0 376.0 716.0
vehicle 364.0 712.0 385.0 726.0
vehicle 684.0 498.0 700.0 520.0
vehicle 677.0 506.0 692.0 526.0
vehicle 665.0 508.0 678.0 525.0
vehicle 654.0 513.0 670.0 533.0
vehicle 645.0 516.0 658.0 535.0
vehicle 632.0 521.0 647.0 542.0
vehicle 623.0 527.0 640.0 549.0
vehicle 610.0 526.0 627.0 550.0
vehicle 602.0 533.0 617.0 552.0
vehicle 590.0 537.0 607.0 560.0
vehicle 579.0 543.0 595.0 565.0
vehicle 571.0 549.0 585.0 571.0
vehicle 559.0 551.0 574.0 573.0
vehicle 550.0 558.0 564.0 577.0
vehicle 541.0 560.0 554.0 582.0
vehicle 529.0 564.0 544.0 586.0
vehicle 519.0 567.0 531.0 589.0
vehicle 507.0 572.0 521.0 593.0
vehicle 496.0 576.0 512.0 596.0
vehicle 756.0 506.0 778.0 521.0
vehicle 762.0 517.0 780.0 530.0
vehicle 770.0 529.0 786.0 539.0
vehicle 778.0 539.0 792.0 551.0
vehicle 782.0 558.0 800.0 572.0
vehicle 713.0 551.0 735.0 564.0
vehicle 692.0 560.0 711.0 573.0
vehicle 699.0 572.0 716.0 583.0
vehicle 720.0 565.0 735.0 575.0
vehicle 700.0 581.0 721.0 594.0
vehicle 723.0 573.0 740.0 585.0
vehicle 726.0 584.0 746.0 596.0
vehicle 709.0 593.0 723.0 603.0
vehicle 711.0 601.0 731.0 614.0
vehicle 733.0 593.0 753.0 605.0
vehicle 736.0 602.0 757.0 616.0
vehicle 740.0 612.0 762.0 625.0
vehicle 720.0 621.0 738.0 637.0
vehicle 725.0 635.0 741.0 645.0
vehicle 727.0 645.0 746.0 656.0
vehicle 731.0 653.0 750.0 668.0
vehicle 744.0 627.0 762.0 639.0
vehicle 752.0 634.0 766.0 647.0
vehicle 785.0 677.0 799.0 701.0
vehicle 643.0 581.0 659.0 592.0
vehicle 621.0 590.0 640.0 602.0
vehicle 649.0 593.0 664.0 601.0
vehicle 627.0 602.0 646.0 611.0
vehicle 633.0 612.0 647.0 621.0
vehicle 651.0 603.0 670.0 615.0
vehicle 656.0 612.0 678.0 627.0
vehicle 636.0 631.0 656.0 647.0
vehicle 658.0 623.0 685.0 639.0
vehicle 662.0 635.0 684.0 649.0
vehicle 649.0 654.0 666.0 667.0
vehicle 669.0 646.0 688.0 659.0
vehicle 652.0 663.0 670.0 676.0
vehicle 674.0 656.0 689.0 668.0
vehicle 782.0 767.0 800.0 783.0
vehicle 726.0 781.0 744.0 794.0
vehicle 706.0 789.0 722.0 800.0
vehicle 728.0 792.0 746.0 800.0
vehicle 699.0 780.0 719.0 793.0
vehicle 724.0 770.0 743.0 785.0
vehicle 717.0 759.0 736.0 773.0
vehicle 694.0 767.0 713.0 780.0
vehicle 690.0 757.0 710.0 770.0
vehicle 714.0 746.0 733.0 759.0
vehicle 709.0 736.0 728.0 748.0
vehicle 686.0 745.0 706.0 760.0
vehicle 709.0 726.0 725.0 738.0
vehicle 681.0 736.0 698.0 747.0
vehicle 701.0 715.0 721.0 730.0
vehicle 679.0 727.0 696.0 737.0
vehicle 675.0 717.0 691.0 728.0
vehicle 697.0 707.0 716.0 719.0
vehicle 670.0 704.0 688.0 717.0
vehicle 692.0 696.0 709.0 713.0
vehicle 663.0 692.0 679.0 707.0
vehicle 659.0 683.0 674.0 699.0
vehicle 675.0 666.0 695.0 680.0
vehicle 681.0 676.0 700.0 690.0
vehicle 479.0 592.0 493.0 610.0
vehicle 573.0 614.0 592.0 623.0
vehicle 547.0 618.0 565.0 631.0
vehicle 552.0 631.0 572.0 643.0
vehicle 581.0 633.0 601.0 646.0
vehicle 565.0 652.0 583.0 665.0
vehicle 586.0 646.0 605.0 656.0
vehicle 564.0 665.0 586.0 675.0
vehicle 585.0 656.0 608.0 667.0
vehicle 569.0 675.0 591.0 687.0
vehicle 591.0 665.0 612.0 679.0
vehicle 574.0 683.0 595.0 697.0
vehicle 598.0 676.0 616.0 686.0
vehicle 600.0 686.0 618.0 698.0
vehicle 583.0 706.0 605.0 717.0
vehicle 607.0 697.0 623.0 711.0
vehicle 589.0 715.0 610.0 728.0
vehicle 616.0 718.0 631.0 727.0
vehicle 595.0 737.0 615.0 748.0
vehicle 593.0 724.0 612.0 737.0
vehicle 614.0 721.0 643.0 742.0
vehicle 622.0 738.0 642.0 750.0
vehicle 601.0 748.0 623.0 758.0
vehicle 606.0 758.0 623.0 767.0
vehicle 626.0 747.0 648.0 761.0
vehicle 632.0 756.0 650.0 771.0
vehicle 611.0 768.0 630.0 782.0
vehicle 638.0 767.0 659.0 781.0
vehicle 614.0 777.0 635.0 791.0
vehicle 467.0 595.0 481.0 613.0
vehicle 456.0 594.0 470.0 616.0
vehicle 445.0 602.0 461.0 621.0
vehicle 434.0 604.0 451.0 627.0
vehicle 425.0 610.0 439.0 630.0
vehicle 416.0 616.0 430.0 636.0
vehicle 403.0 617.0 420.0 639.0
vehicle 393.0 623.0 409.0 645.0
vehicle 383.0 630.0 399.0 651.0
vehicle 371.0 631.0 389.0 658.0
vehicle 362.0 635.0 376.0 659.0
vehicle 499.0 643.0 517.0 656.0
vehicle 475.0 651.0 495.0 665.0
vehicle 505.0 653.0 525.0 664.0
vehicle 481.0 663.0 502.0 676.0
vehicle 369.0 721.0 390.0 734.0
vehicle 355.0 751.0 376.0 764.0
vehicle 374.0 733.0 392.0 744.0
vehicle 379.0 743.0 398.0 755.0
vehicle 360.0 763.0 379.0 773.0
vehicle 364.0 770.0 385.0 785.0
vehicle 365.0 782.0 390.0 793.0
vehicle 384.0 752.0 403.0 763.0
vehicle 386.0 766.0 404.0 778.0
vehicle 398.0 783.0 416.0 795.0
vehicle 400.0 680.0 427.0 695.0
vehicle 427.0 664.0 453.0 682.0
vehicle 409.0 689.0 431.0 706.0
vehicle 434.0 684.0 453.0 696.0
vehicle 415.0 700.0 434.0 715.0
vehicle 437.0 691.0 457.0 707.0
vehicle 419.0 712.0 437.0 725.0
vehicle 442.0 703.0 461.0 717.0
vehicle 424.0 719.0 443.0 733.0
vehicle 444.0 711.0 463.0 725.0
vehicle 426.0 733.0 448.0 746.0
vehicle 435.0 754.0 456.0 769.0
vehicle 443.0 764.0 458.0 778.0
vehicle 446.0 775.0 466.0 790.0
vehicle 450.0 784.0 471.0 798.0
vehicle 448.0 726.0 467.0 739.0
vehicle 453.0 736.0 470.0 746.0
vehicle 432.0 739.0 454.0 758.0
vehicle 458.0 742.0 478.0 757.0
vehicle 462.0 757.0 485.0 770.0
vehicle 469.0 768.0 487.0 781.0
vehicle 472.0 778.0 488.0 789.0
vehicle 487.0 673.0 507.0 686.0
vehicle 506.0 664.0 528.0 676.0
vehicle 510.0 675.0 529.0 688.0
vehicle 487.0 685.0 507.0 699.0
vehicle 491.0 694.0 511.0 708.0
vehicle 512.0 684.0 532.0 699.0
vehicle 517.0 695.0 541.0 709.0
vehicle 495.0 706.0 516.0 716.0
vehicle 504.0 716.0 523.0 729.0
vehicle 523.0 703.0 544.0 720.0
vehicle 504.0 722.0 524.0 738.0
vehicle 527.0 713.0 547.0 730.0
vehicle 511.0 736.0 529.0 749.0
vehicle 514.0 743.0 536.0 758.0
vehicle 520.0 752.0 539.0 768.0
vehicle 526.0 768.0 545.0 781.0
vehicle 529.0 778.0 548.0 791.0
vehicle 535.0 790.0 552.0 798.0
vehicle 533.0 726.0 553.0 740.0
vehicle 536.0 737.0 558.0 750.0
vehicle 542.0 745.0 563.0 760.0
vehicle 546.0 757.0 565.0 771.0
vehicle 208.0 99.0 233.0 115.0
vehicle 696.0 494.0 710.0 516.0
vehicle 706.0 490.0 721.0 511.0
vehicle 715.0 485.0 730.0 506.0
vehicle 730.0 481.0 744.0 503.0
vehicle 751.0 494.0 774.0 510.0
