ship 679.0 47.0 692.0 72.0
ship 758.0 66.0 768.0 73.0
ship 719.0 148.0 744.0 231.0
ship 262.0 136.0 351.0 193.0
ship 381.0 178.0 424.0 208.0
ship 434.0 189.0 478.0 223.0
ship 479.0 328.0 550.0 384.0
ship 268.0 422.0 389.0 512.0
ship 735.0 395.0 764.0 572.0
ship 654.0 290.0 660.0 303.0
harbor 138.0 433.0 183.0 468.0
harbor 111.0 556.0 131.0 569.0
harbor 182.0 583.0 226.0 612.0
harbor 239.0 555.0 262.0 573.0
harbor 295.0 526.0 308.0 535.0
harbor 325.0 474.0 346.0 506.0
harbor 499.0 630.0 509.0 641.0
harbor 540.0 601.0 550.0 612.0
harbor 640.0 748.0 648.0 756.0
harbor 651.0 321.0 668.0 358.0
harbor 647.0 371.0 666.0 417.0
harbor 301.0 312.0 336.0 342.0
harbor 232.0 129.0 375.0 215.0
harbor 401.0 224.0 433.0 242.0
harbor 497.0 613.0 615.0 696.0
harbor 762.0 664.0 791.0 716.0
harbor 763.0 460.0 798.0 493.0
storagetank 536.0 391.0 569.0 423.0
storagetank 583.0 405.0 617.0 437.0
storagetank 498.0 420.0 510.0 431.0
storagetank 468.0 442.0 500.0 472.0
storagetank 515.0 435.0 549.0 467.0
storagetank 496.0 480.0 529.0 513.0
storagetank 578.0 466.0 596.0 484.0
storagetank 562.0 481.0 577.0 495.0
storagetank 574.0 496.0 592.0 515.0
storagetank 591.0 484.0 609.0 501.0
storagetank 389.0 490.0 412.0 511.0
storagetank 408.0 515.0 431.0 539.0
storagetank 377.0 520.0 399.0 541.0
storagetank 396.0 546.0 417.0 567.0
storagetank 461.0 540.0 478.0 558.0
storagetank 436.0 557.0 454.0 576.0
storagetank 412.0 576.0 431.0 593.0
storagetank 482.0 569.0 501.0 588.0
storagetank 238.0 594.0 246.0 601.0
storagetank 231.0 600.0 238.0 606.0
storagetank 237.0 607.0 243.0 612.0
storagetank 272.0 575.0 288.0 589.0
storagetank 294.0 560.0 309.0 573.0
storagetank 315.0 543.0 330.0 559.0
storagetank 335.0 579.0 349.0 592.0
storagetank 323.0 588.0 337.0 601.0
storagetank 311.0 597.0 324.0 610.0
storagetank 295.0 605.0 311.0 620.0
storagetank 306.0 619.0 321.0 634.0
storagetank 321.0 611.0 335.0 625.0
storagetank 333.0 602.0 346.0 615.0
storagetank 346.0 593.0 359.0 606.0
storagetank 362.0 606.0 373.0 615.0
storagetank 348.0 617.0 358.0 626.0
storagetank 333.0 628.0 344.0 639.0
storagetank 319.0 640.0 328.0 649.0
storagetank 373.0 617.0 385.0 629.0
storagetank 357.0 628.0 370.0 640.0
storagetank 343.0 640.0 356.0 651.0
storagetank 328.0 650.0 341.0 663.0
storagetank 382.0 629.0 395.0 642.0
storagetank 366.0 640.0 379.0 653.0
storagetank 351.0 652.0 364.0 664.0
storagetank 337.0 663.0 350.0 675.0
storagetank 393.0 642.0 408.0 658.0
storagetank 377.0 654.0 393.0 668.0
storagetank 362.0 665.0 379.0 680.0
storagetank 348.0 676.0 364.0 691.0
storagetank 256.0 614.0 267.0 625.0
storagetank 238.0 627.0 249.0 638.0
storagetank 273.0 628.0 285.0 638.0
storagetank 206.0 618.0 226.0 635.0
storagetank 194.0 639.0 206.0 651.0
storagetank 365.0 729.0 412.0 776.0
storagetank 415.0 744.0 463.0 791.0
storagetank 316.0 676.0 330.0 691.0
storagetank 327.0 696.0 346.0 716.0
storagetank 288.0 678.0 298.0 688.0
storagetank 311.0 693.0 326.0 708.0
storagetank 278.0 686.0 288.0 695.0
storagetank 287.0 691.0 306.0 710.0
storagetank 255.0 641.0 267.0 653.0
storagetank 228.0 649.0 247.0 667.0
storagetank 282.0 646.0 302.0 667.0
storagetank 264.0 660.0 284.0 679.0
storagetank 247.0 672.0 267.0 692.0
storagetank 263.0 694.0 283.0 715.0
storagetank 278.0 710.0 298.0 731.0
storagetank 304.0 709.0 324.0 729.0
storagetank 207.0 144.0 235.0 173.0
storagetank 187.0 178.0 216.0 208.0
storagetank 293.0 188.0 312.0 207.0
storagetank 243.0 214.0 258.0 230.0
storagetank 253.0 206.0 259.0 212.0
storagetank 258.0 213.0 265.0 219.0
storagetank 261.0 223.0 268.0 231.0
storagetank 268.0 206.0 291.0 228.0
storagetank 312.0 199.0 330.0 216.0
storagetank 330.0 209.0 349.0 228.0
storagetank 291.0 218.0 314.0 241.0
storagetank 270.0 240.0 298.0 268.0
storagetank 291.0 269.0 319.0 297.0
storagetank 316.0 249.0 345.0 276.0
storagetank 343.0 229.0 372.0 257.0
storagetank 246.0 278.0 265.0 296.0
storagetank 224.0 294.0 246.0 314.0
storagetank 104.0 267.0 123.0 286.0
storagetank 136.0 271.0 155.0 290.0
storagetank 118.0 285.0 137.0 304.0
storagetank 167.0 284.0 194.0 312.0
storagetank 132.0 304.0 149.0 322.0
storagetank 153.0 327.0 182.0 354.0
storagetank 202.0 335.0 229.0 363.0
storagetank 175.0 355.0 204.0 383.0
storagetank 1.0 348.0 34.0 380.0
storagetank 11.0 395.0 43.0 426.0
storagetank 39.0 433.0 71.0 465.0
storagetank 67.0 278.0 82.0 292.0
storagetank 79.0 272.0 88.0 282.0
storagetank 83.0 282.0 96.0 295.0
storagetank 93.0 295.0 106.0 308.0
storagetank 104.0 306.0 113.0 315.0
storagetank 51.0 297.0 65.0 309.0
storagetank 28.0 301.0 50.0 323.0
storagetank 44.0 322.0 65.0 344.0
storagetank 61.0 309.0 74.0 322.0
storagetank 72.0 318.0 92.0 339.0
storagetank 59.0 345.0 80.0 365.0
storagetank 67.0 372.0 94.0 399.0
storagetank 93.0 341.0 103.0 353.0
storagetank 94.0 357.0 105.0 368.0
storagetank 120.0 325.0 128.0 333.0
storagetank 126.0 334.0 133.0 340.0
storagetank 132.0 340.0 138.0 348.0
storagetank 136.0 348.0 144.0 355.0
storagetank 143.0 354.0 150.0 362.0
storagetank 148.0 364.0 157.0 372.0
storagetank 154.0 371.0 162.0 379.0
storagetank 159.0 380.0 168.0 387.0
storagetank 165.0 388.0 173.0 396.0
storagetank 171.0 394.0 179.0 403.0
storagetank 99.0 371.0 106.0 376.0
storagetank 105.0 372.0 120.0 387.0
storagetank 83.0 407.0 91.0 414.0
storagetank 89.0 401.0 97.0 408.0
storagetank 96.0 398.0 103.0 404.0
storagetank 95.0 412.0 115.0 432.0
storagetank 105.0 434.0 118.0 448.0
storagetank 118.0 430.0 125.0 438.0
storagetank 125.0 383.0 130.0 387.0
storagetank 131.0 379.0 135.0 384.0
storagetank 136.0 375.0 140.0 380.0
storagetank 117.0 404.0 125.0 411.0
storagetank 125.0 398.0 133.0 405.0
storagetank 133.0 391.0 142.0 400.0
storagetank 122.0 411.0 131.0 418.0
storagetank 131.0 405.0 139.0 413.0
storagetank 139.0 399.0 147.0 406.0
storagetank 128.0 418.0 135.0 426.0
storagetank 137.0 412.0 144.0 420.0
storagetank 144.0 407.0 152.0 414.0
storagetank 404.0 68.0 409.0 74.0
storagetank 545.0 56.0 550.0 62.0
