vehicle 364.0 82.0 374.0 87.0
vehicle 415.0 94.0 426.0 99.0
vehicle 76.0 6.0 81.0 18.0
vehicle 73.0 82.0 80.0 92.0
vehicle 576.0 43.0 581.0 53.0
vehicle 255.0 35.0 265.0 40.0
vehicle 91.0 334.0 99.0 341.0
vehicle 270.0 374.0 283.0 379.0
vehicle 144.0 265.0 150.0 277.0
vehicle 154.0 262.0 159.0 273.0
tenniscourt 727.0 157.0 757.0 207.0
tenniscourt 562.0 233.0 591.0 283.0
tenniscourt 363.0 176.0 397.0 224.0
tenniscourt 706.0 449.0 736.0 502.0
tenniscourt 372.0 461.0 398.0 511.0
tenniscourt 375.0 570.0 408.0 622.0
tenniscourt 269.0 504.0 297.0 556.0
tenniscourt 121.0 21.0 152.0 73.0
vehicle 428.0 340.0 435.0 349.0
vehicle 412.0 398.0 417.0 407.0
vehicle 393.0 397.0 404.0 407.0
vehicle 700.0 364.0 714.0 369.0
vehicle 445.0 365.0 458.0 370.0
vehicle 168.0 681.0 179.0 686.0
vehicle 152.0 682.0 162.0 686.0
vehicle 115.0 639.0 120.0 651.0
vehicle 128.0 595.0 133.0 604.0
vehicle 131.0 574.0 135.0 581.0
vehicle 168.0 581.0 177.0 585.0
vehicle 710.0 633.0 724.0 639.0
vehicle 656.0 636.0 667.0 641.0
vehicle 124.0 677.0 131.0 690.0
vehicle 138.0 786.0 144.0 797.0
vehicle 157.0 195.0 169.0 201.0
