Expressway-toll-station 698.0 656.0 717.0 680.0
overpass 482.0 484.0 508.0 508.0
overpass 355.0 729.0 402.0 738.0
overpass 203.0 698.0 239.0 746.0
vehicle 384.0 714.0 394.0 730.0
vehicle 430.0 627.0 437.0 637.0
vehicle 403.0 710.0 411.0 724.0
vehicle 480.0 545.0 487.0 556.0
vehicle 565.0 312.0 573.0 325.0
vehicle 559.0 330.0 567.0 342.0
vehicle 513.0 436.0 521.0 447.0
vehicle 495.0 461.0 502.0 471.0
vehicle 632.0 169.0 638.0 179.0
vehicle 626.0 181.0 631.0 190.0
vehicle 622.0 195.0 628.0 205.0
vehicle 642.0 176.0 648.0 185.0
vehicle 672.0 101.0 679.0 111.0
vehicle 669.0 83.0 674.0 92.0
