harbor 27.0 37.0 586.0 222.0
harbor 126.0 13.0 174.0 61.0
harbor 33.0 279.0 220.0 388.0
harbor 32.0 452.0 224.0 587.0
harbor 714.0 478.0 760.0 531.0
harbor 669.0 498.0 719.0 551.0
harbor 612.0 532.0 665.0 583.0
harbor 560.0 554.0 594.0 612.0
harbor 387.0 595.0 554.0 707.0
ship 178.0 453.0 191.0 494.0
ship 158.0 461.0 172.0 494.0
ship 67.0 468.0 82.0 501.0
ship 61.0 524.0 81.0 589.0
ship 88.0 523.0 106.0 578.0
ship 114.0 526.0 132.0 583.0
ship 140.0 520.0 160.0 577.0
ship 167.0 524.0 187.0 583.0
ship 195.0 520.0 214.0 570.0
ship 47.0 363.0 58.0 390.0
ship 111.0 352.0 126.0 385.0
ship 198.0 349.0 214.0 378.0
ship 198.0 289.0 212.0 327.0
ship 47.0 294.0 75.0 332.0
ship 109.0 279.0 124.0 321.0
ship 173.0 297.0 188.0 327.0
ship 391.0 664.0 417.0 705.0
ship 437.0 647.0 461.0 678.0
ship 501.0 610.0 523.0 645.0
ship 617.0 544.0 645.0 584.0
ship 672.0 515.0 699.0 553.0
ship 691.0 498.0 720.0 539.0
ship 43.0 206.0 83.0 220.0
ship 127.0 200.0 183.0 219.0
ship 125.0 29.0 160.0 60.0
ship 142.0 14.0 174.0 42.0
ship 196.0 174.0 273.0 196.0
ship 295.0 163.0 399.0 191.0
ship 291.0 108.0 305.0 146.0
ship 338.0 96.0 353.0 141.0
ship 363.0 86.0 396.0 143.0
ship 409.0 88.0 435.0 127.0
ship 432.0 75.0 460.0 114.0
ship 454.0 68.0 474.0 104.0
ship 480.0 53.0 501.0 88.0
ship 497.0 42.0 520.0 75.0
ship 517.0 79.0 585.0 130.0
