harbor 70.0 90.0 350.0 195.0
harbor 37.0 239.0 335.0 335.0
harbor 44.0 392.0 342.0 492.0
harbor 55.0 548.0 362.0 663.0
harbor 89.0 721.0 363.0 800.0
harbor 412.0 218.0 800.0 322.0
ship 77.0 147.0 93.0 187.0
ship 98.0 147.0 112.0 187.0
ship 117.0 148.0 132.0 188.0
ship 156.0 116.0 226.0 135.0
ship 218.0 143.0 232.0 184.0
ship 241.0 127.0 259.0 175.0
ship 291.0 118.0 314.0 182.0
ship 328.0 114.0 350.0 179.0
ship 426.0 254.0 447.0 315.0
ship 487.0 255.0 506.0 312.0
ship 513.0 255.0 531.0 310.0
ship 545.0 254.0 561.0 307.0
ship 573.0 248.0 590.0 305.0
ship 597.0 245.0 617.0 302.0
ship 626.0 247.0 645.0 299.0
ship 654.0 241.0 674.0 299.0
ship 717.0 235.0 737.0 288.0
ship 773.0 228.0 794.0 290.0
ship 745.0 220.0 767.0 290.0
ship 198.0 143.0 213.0 183.0
ship 232.0 90.0 302.0 111.0
ship 44.0 253.0 57.0 290.0
ship 66.0 248.0 81.0 289.0
ship 205.0 247.0 217.0 284.0
ship 227.0 244.0 239.0 285.0
ship 304.0 240.0 318.0 277.0
ship 302.0 293.0 317.0 331.0
ship 280.0 287.0 297.0 329.0
ship 205.0 292.0 220.0 332.0
ship 126.0 295.0 141.0 336.0
ship 107.0 297.0 122.0 329.0
ship 51.0 405.0 66.0 446.0
ship 75.0 405.0 87.0 443.0
ship 92.0 405.0 114.0 441.0
ship 114.0 402.0 127.0 440.0
ship 132.0 403.0 146.0 440.0
ship 154.0 404.0 166.0 440.0
ship 172.0 402.0 186.0 438.0
ship 193.0 403.0 206.0 439.0
ship 233.0 394.0 248.0 435.0
ship 54.0 453.0 68.0 490.0
ship 74.0 451.0 87.0 490.0
ship 93.0 453.0 109.0 491.0
ship 261.0 447.0 274.0 480.0
ship 287.0 445.0 304.0 485.0
ship 313.0 443.0 325.0 480.0
ship 64.0 567.0 81.0 614.0
ship 174.0 558.0 190.0 604.0
ship 113.0 620.0 129.0 662.0
ship 222.0 614.0 237.0 655.0
ship 244.0 609.0 261.0 659.0
ship 98.0 751.0 114.0 794.0
ship 164.0 743.0 179.0 789.0
ship 228.0 743.0 245.0 785.0
ship 123.0 750.0 137.0 788.0
ship 298.0 741.0 315.0 784.0
ship 348.0 723.0 365.0 783.0
ship 340.0 548.0 361.0 621.0
