harbor 62.0 557.0 134.0 770.0
harbor 190.0 542.0 264.0 767.0
harbor 296.0 523.0 342.0 765.0
harbor 481.0 525.0 627.0 772.0
harbor 643.0 537.0 764.0 767.0
ship 102.0 562.0 129.0 638.0
ship 221.0 536.0 254.0 638.0
ship 316.0 524.0 337.0 585.0
ship 484.0 525.0 542.0 556.0
ship 489.0 559.0 545.0 584.0
ship 487.0 591.0 543.0 624.0
ship 485.0 621.0 530.0 662.0
ship 572.0 533.0 629.0 562.0
ship 574.0 577.0 624.0 599.0
ship 575.0 605.0 621.0 629.0
ship 715.0 539.0 761.0 563.0
ship 717.0 602.0 742.0 659.0
ship 665.0 619.0 690.0 676.0
ship 727.0 660.0 762.0 711.0
