tenniscourt 126.0 49.0 221.0 121.0
tenniscourt 107.0 99.0 203.0 169.0
tenniscourt 87.0 144.0 185.0 217.0
vehicle 11.0 173.0 27.0 185.0
vehicle 5.0 192.0 19.0 201.0
vehicle 53.0 196.0 67.0 206.0
vehicle 136.0 331.0 148.0 348.0
vehicle 106.0 353.0 119.0 369.0
vehicle 136.0 355.0 147.0 369.0
vehicle 111.0 394.0 120.0 404.0
vehicle 81.0 416.0 92.0 430.0
vehicle 134.0 404.0 153.0 417.0
vehicle 158.0 353.0 176.0 365.0
vehicle 130.0 417.0 143.0 426.0
vehicle 126.0 425.0 139.0 433.0
vehicle 121.0 431.0 136.0 442.0
vehicle 152.0 359.0 176.0 373.0
vehicle 90.0 397.0 104.0 412.0
vehicle 85.0 404.0 97.0 418.0
vehicle 182.0 391.0 195.0 399.0
vehicle 47.0 211.0 56.0 225.0
vehicle 154.0 449.0 167.0 458.0
vehicle 149.0 459.0 163.0 468.0
vehicle 148.0 466.0 161.0 475.0
vehicle 83.0 442.0 97.0 459.0
vehicle 5.0 459.0 14.0 475.0
vehicle 1.0 490.0 16.0 502.0
vehicle 25.0 500.0 40.0 511.0
vehicle 42.0 507.0 58.0 517.0
vehicle 57.0 523.0 67.0 537.0
vehicle 66.0 527.0 76.0 541.0
vehicle 83.0 561.0 92.0 575.0
vehicle 63.0 578.0 77.0 589.0
vehicle 11.0 619.0 27.0 636.0
vehicle 28.0 643.0 40.0 655.0
vehicle 68.0 634.0 80.0 650.0
vehicle 91.0 614.0 106.0 626.0
vehicle 203.0 636.0 215.0 652.0
vehicle 239.0 619.0 254.0 641.0
vehicle 263.0 578.0 277.0 595.0
vehicle 276.0 556.0 288.0 573.0
vehicle 277.0 500.0 289.0 517.0
vehicle 286.0 478.0 302.0 499.0
vehicle 298.0 458.0 313.0 476.0
vehicle 340.0 382.0 353.0 398.0
vehicle 349.0 363.0 364.0 380.0
vehicle 377.0 444.0 393.0 456.0
vehicle 375.0 318.0 387.0 334.0
vehicle 383.0 302.0 396.0 318.0
vehicle 406.0 260.0 418.0 277.0
vehicle 402.0 322.0 416.0 339.0
vehicle 433.0 274.0 446.0 288.0
vehicle 444.0 263.0 455.0 276.0
vehicle 444.0 245.0 459.0 259.0
vehicle 396.0 220.0 412.0 234.0
vehicle 388.0 136.0 403.0 150.0
vehicle 379.0 4.0 391.0 16.0
vehicle 459.0 25.0 471.0 39.0
vehicle 607.0 77.0 621.0 92.0
vehicle 657.0 38.0 675.0 56.0
vehicle 681.0 16.0 696.0 30.0
vehicle 698.0 5.0 710.0 16.0
vehicle 591.0 248.0 604.0 265.0
vehicle 580.0 270.0 590.0 288.0
vehicle 602.0 270.0 612.0 287.0
vehicle 599.0 292.0 610.0 307.0
vehicle 595.0 310.0 607.0 326.0
vehicle 617.0 313.0 628.0 329.0
vehicle 632.0 288.0 648.0 297.0
vehicle 623.0 331.0 634.0 349.0
vehicle 629.0 351.0 639.0 367.0
vehicle 636.0 373.0 646.0 389.0
vehicle 641.0 397.0 650.0 413.0
vehicle 645.0 418.0 653.0 433.0
vehicle 647.0 440.0 655.0 454.0
vehicle 651.0 475.0 661.0 497.0
vehicle 653.0 556.0 665.0 571.0
vehicle 483.0 696.0 493.0 710.0
vehicle 487.0 718.0 504.0 729.0
vehicle 554.0 760.0 567.0 770.0
vehicle 602.0 756.0 617.0 767.0
vehicle 622.0 763.0 639.0 775.0
vehicle 608.0 777.0 619.0 786.0
vehicle 647.0 771.0 662.0 781.0
vehicle 698.0 782.0 706.0 795.0
vehicle 703.0 765.0 713.0 779.0
vehicle 700.0 729.0 709.0 742.0
vehicle 725.0 709.0 738.0 727.0
vehicle 686.0 708.0 701.0 715.0
vehicle 720.0 679.0 730.0 695.0
vehicle 728.0 664.0 738.0 680.0
vehicle 751.0 661.0 760.0 672.0
vehicle 760.0 639.0 770.0 653.0
vehicle 789.0 580.0 799.0 594.0
vehicle 355.0 411.0 368.0 427.0
vehicle 149.0 532.0 164.0 543.0
vehicle 212.0 559.0 233.0 574.0
