airport 2.0 495.0 800.0 800.0
airplane 286.0 580.0 322.0 610.0
airplane 199.0 618.0 220.0 635.0
airplane 3.0 626.0 28.0 657.0
airplane 37.0 612.0 66.0 644.0
airplane 47.0 577.0 64.0 592.0
airplane 99.0 591.0 127.0 622.0
airplane 184.0 516.0 217.0 546.0
airplane 177.0 563.0 204.0 592.0
airplane 235.0 506.0 257.0 523.0
airplane 444.0 530.0 459.0 546.0
airplane 349.0 513.0 366.0 529.0
airplane 370.0 506.0 387.0 526.0
airplane 281.0 489.0 301.0 506.0
airplane 329.0 474.0 347.0 489.0
airplane 402.0 436.0 436.0 465.0
airplane 489.0 424.0 507.0 441.0
airplane 557.0 439.0 584.0 469.0
airplane 769.0 405.0 800.0 435.0
airplane 680.0 441.0 707.0 462.0
airplane 584.0 372.0 616.0 399.0
airplane 727.0 150.0 744.0 165.0
airplane 704.0 200.0 723.0 215.0
airplane 766.0 170.0 788.0 185.0
airplane 751.0 191.0 782.0 218.0
airplane 685.0 218.0 713.0 244.0
airplane 729.0 241.0 761.0 270.0
airplane 715.0 273.0 749.0 303.0
airplane 671.0 246.0 701.0 273.0
airplane 668.0 278.0 682.0 292.0
airplane 655.0 305.0 669.0 319.0
airplane 635.0 308.0 650.0 327.0
airplane 616.0 315.0 631.0 334.0
airplane 135.0 459.0 164.0 481.0
airplane 142.0 486.0 173.0 512.0
airplane 68.0 517.0 93.0 539.0
airplane 1.0 538.0 21.0 566.0
airplane 96.0 320.0 124.0 353.0
airplane 135.0 305.0 163.0 338.0
airplane 194.0 292.0 208.0 307.0
airplane 202.0 366.0 233.0 403.0
airplane 298.0 400.0 318.0 415.0
airplane 318.0 416.0 351.0 444.0
airplane 395.0 384.0 426.0 414.0
airplane 532.0 349.0 547.0 364.0
airplane 563.0 178.0 591.0 205.0
airplane 525.0 186.0 556.0 223.0
airplane 485.0 203.0 523.0 237.0
airplane 552.0 226.0 589.0 256.0
airplane 453.0 214.0 483.0 249.0
airplane 314.0 171.0 327.0 186.0
airplane 288.0 176.0 318.0 202.0
airplane 245.0 191.0 273.0 216.0
storagetank 265.0 395.0 281.0 410.0
storagetank 271.0 413.0 288.0 428.0
storagetank 279.0 433.0 295.0 449.0
storagetank 196.0 420.0 204.0 428.0
storagetank 211.0 418.0 228.0 434.0
storagetank 233.0 407.0 250.0 424.0
storagetank 181.0 429.0 198.0 445.0
storagetank 219.0 441.0 236.0 457.0
storagetank 241.0 431.0 258.0 447.0
storagetank 189.0 449.0 202.0 461.0
storagetank 196.0 467.0 208.0 479.0
storagetank 247.0 468.0 274.0 482.0
overpass 258.0 79.0 280.0 100.0
overpass 93.0 107.0 123.0 149.0
vehicle 96.0 136.0 106.0 142.0
vehicle 192.0 103.0 200.0 108.0
vehicle 199.0 114.0 205.0 118.0
vehicle 223.0 95.0 227.0 98.0
vehicle 224.0 105.0 232.0 109.0
vehicle 291.0 85.0 300.0 89.0
