harbor 284.0 628.0 780.0 771.0
harbor 175.0 448.0 742.0 597.0
harbor 188.0 300.0 711.0 433.0
harbor 59.0 181.0 679.0 307.0
harbor 112.0 42.0 657.0 182.0
harbor 5.0 1.0 111.0 100.0
vehicle 195.0 739.0 212.0 746.0
vehicle 188.0 708.0 211.0 719.0
vehicle 172.0 669.0 194.0 685.0
vehicle 118.0 703.0 142.0 712.0
vehicle 137.0 775.0 152.0 784.0
vehicle 73.0 762.0 90.0 772.0
vehicle 45.0 667.0 67.0 674.0
ship 345.0 731.0 361.0 772.0
ship 327.0 736.0 339.0 764.0
ship 314.0 739.0 322.0 766.0
ship 406.0 724.0 417.0 765.0
ship 428.0 723.0 438.0 760.0
ship 322.0 666.0 340.0 711.0
ship 344.0 666.0 360.0 716.0
ship 365.0 667.0 380.0 713.0
ship 463.0 718.0 477.0 758.0
ship 481.0 717.0 496.0 760.0
ship 503.0 715.0 515.0 756.0
ship 521.0 716.0 534.0 750.0
ship 541.0 713.0 554.0 751.0
ship 560.0 709.0 575.0 750.0
ship 580.0 707.0 591.0 745.0
ship 597.0 704.0 612.0 746.0
ship 618.0 705.0 631.0 742.0
ship 633.0 700.0 650.0 744.0
ship 655.0 700.0 672.0 741.0
ship 675.0 699.0 687.0 737.0
ship 696.0 699.0 709.0 731.0
ship 384.0 663.0 398.0 712.0
ship 688.0 633.0 704.0 679.0
ship 714.0 630.0 759.0 646.0
ship 714.0 659.0 761.0 676.0
ship 665.0 632.0 681.0 681.0
ship 644.0 635.0 664.0 684.0
ship 626.0 641.0 643.0 684.0
ship 608.0 642.0 621.0 686.0
ship 586.0 647.0 600.0 689.0
ship 567.0 646.0 582.0 693.0
ship 545.0 645.0 563.0 694.0
ship 526.0 647.0 542.0 699.0
ship 487.0 653.0 501.0 701.0
ship 464.0 656.0 480.0 698.0
ship 446.0 653.0 462.0 699.0
ship 422.0 656.0 443.0 708.0
ship 405.0 662.0 423.0 708.0
ship 720.0 707.0 779.0 727.0
ship 278.0 551.0 292.0 595.0
ship 298.0 544.0 313.0 589.0
ship 318.0 543.0 336.0 589.0
ship 338.0 540.0 356.0 590.0
ship 400.0 534.0 415.0 588.0
ship 683.0 500.0 737.0 517.0
ship 581.0 515.0 597.0 565.0
ship 601.0 515.0 616.0 562.0
ship 420.0 532.0 436.0 572.0
ship 440.0 530.0 454.0 574.0
ship 481.0 529.0 494.0 572.0
ship 541.0 519.0 556.0 572.0
ship 620.0 512.0 636.0 561.0
ship 641.0 508.0 657.0 559.0
ship 662.0 507.0 676.0 551.0
ship 462.0 530.0 478.0 574.0
ship 503.0 529.0 516.0 574.0
ship 521.0 526.0 535.0 566.0
ship 269.0 490.0 284.0 534.0
ship 307.0 486.0 320.0 528.0
ship 343.0 479.0 360.0 523.0
ship 364.0 483.0 377.0 523.0
ship 403.0 478.0 417.0 518.0
ship 425.0 477.0 437.0 515.0
ship 442.0 474.0 457.0 516.0
ship 465.0 474.0 476.0 512.0
ship 481.0 465.0 495.0 510.0
ship 501.0 467.0 515.0 508.0
ship 520.0 464.0 533.0 506.0
ship 540.0 464.0 552.0 502.0
ship 557.0 465.0 569.0 498.0
ship 595.0 455.0 613.0 499.0
ship 582.0 461.0 591.0 495.0
ship 616.0 453.0 631.0 494.0
ship 636.0 452.0 648.0 494.0
ship 680.0 453.0 730.0 468.0
ship 680.0 474.0 727.0 486.0
ship 684.0 528.0 743.0 550.0
ship 649.0 355.0 711.0 373.0
ship 645.0 324.0 707.0 342.0
ship 563.0 346.0 581.0 391.0
ship 621.0 341.0 639.0 386.0
ship 253.0 382.0 273.0 434.0
ship 622.0 301.0 632.0 324.0
ship 592.0 305.0 599.0 329.0
ship 577.0 307.0 585.0 330.0
ship 184.0 347.0 196.0 376.0
ship 201.0 345.0 210.0 369.0
ship 214.0 346.0 225.0 371.0
ship 228.0 339.0 240.0 370.0
ship 256.0 338.0 267.0 362.0
ship 292.0 376.0 308.0 419.0
ship 275.0 378.0 289.0 419.0
ship 334.0 376.0 347.0 413.0
ship 370.0 369.0 387.0 410.0
ship 545.0 352.0 561.0 396.0
ship 527.0 354.0 540.0 396.0
ship 506.0 355.0 523.0 394.0
ship 486.0 358.0 501.0 398.0
ship 466.0 360.0 483.0 404.0
ship 449.0 362.0 461.0 403.0
ship 431.0 363.0 443.0 403.0
ship 412.0 365.0 423.0 404.0
ship 661.0 182.0 679.0 236.0
ship 647.0 229.0 656.0 252.0
ship 633.0 230.0 641.0 254.0
ship 626.0 189.0 637.0 214.0
ship 619.0 233.0 628.0 258.0
ship 604.0 235.0 613.0 261.0
ship 591.0 237.0 599.0 261.0
ship 574.0 238.0 581.0 258.0
ship 563.0 239.0 570.0 261.0
ship 545.0 238.0 555.0 264.0
ship 532.0 241.0 542.0 267.0
ship 516.0 244.0 524.0 268.0
ship 487.0 247.0 496.0 269.0
ship 429.0 252.0 439.0 278.0
ship 401.0 256.0 410.0 280.0
ship 359.0 260.0 370.0 285.0
ship 372.0 258.0 382.0 285.0
ship 313.0 265.0 324.0 290.0
ship 255.0 270.0 266.0 295.0
ship 225.0 274.0 238.0 301.0
ship 396.0 210.0 405.0 240.0
ship 348.0 218.0 357.0 247.0
ship 334.0 221.0 342.0 248.0
ship 316.0 220.0 327.0 249.0
ship 534.0 197.0 545.0 225.0
ship 551.0 197.0 560.0 222.0
ship 581.0 193.0 591.0 220.0
ship 565.0 195.0 574.0 222.0
ship 594.0 191.0 605.0 221.0
ship 612.0 190.0 622.0 213.0
ship 502.0 201.0 513.0 230.0
ship 471.0 204.0 482.0 232.0
ship 490.0 203.0 497.0 230.0
ship 457.0 204.0 467.0 235.0
ship 440.0 207.0 449.0 234.0
ship 409.0 210.0 421.0 241.0
ship 428.0 210.0 435.0 237.0
ship 284.0 223.0 296.0 254.0
ship 301.0 222.0 313.0 251.0
ship 211.0 231.0 220.0 261.0
ship 222.0 231.0 234.0 259.0
ship 239.0 227.0 253.0 257.0
ship 270.0 224.0 280.0 255.0
ship 390.0 328.0 399.0 352.0
ship 402.0 324.0 412.0 349.0
ship 418.0 323.0 427.0 347.0
ship 273.0 338.0 283.0 365.0
ship 287.0 336.0 296.0 361.0
ship 303.0 335.0 313.0 360.0
ship 315.0 332.0 325.0 354.0
ship 330.0 331.0 341.0 354.0
ship 344.0 330.0 354.0 357.0
ship 362.0 329.0 370.0 355.0
ship 374.0 329.0 384.0 353.0
ship 432.0 322.0 442.0 343.0
ship 448.0 319.0 457.0 346.0
ship 460.0 319.0 469.0 344.0
ship 475.0 314.0 485.0 339.0
ship 489.0 315.0 499.0 338.0
ship 507.0 314.0 514.0 338.0
ship 518.0 310.0 525.0 333.0
ship 533.0 310.0 543.0 337.0
ship 545.0 309.0 555.0 334.0
ship 565.0 308.0 572.0 333.0
ship 230.0 450.0 248.0 458.0
ship 230.0 463.0 250.0 470.0
ship 156.0 280.0 167.0 307.0
ship 170.0 280.0 178.0 304.0
ship 155.0 238.0 168.0 266.0
ship 178.0 234.0 190.0 263.0
ship 192.0 235.0 201.0 259.0
ship 118.0 185.0 136.0 191.0
ship 125.0 94.0 141.0 132.0
ship 112.0 131.0 126.0 137.0
ship 95.0 26.0 113.0 80.0
ship 162.0 94.0 175.0 130.0
ship 146.0 94.0 160.0 133.0
ship 178.0 89.0 193.0 125.0
ship 215.0 83.0 227.0 122.0
ship 146.0 149.0 158.0 179.0
ship 162.0 144.0 173.0 174.0
ship 176.0 142.0 191.0 177.0
ship 197.0 145.0 206.0 177.0
ship 213.0 142.0 221.0 172.0
ship 227.0 138.0 241.0 170.0
ship 243.0 140.0 255.0 168.0
ship 263.0 135.0 275.0 171.0
ship 277.0 133.0 289.0 162.0
ship 295.0 133.0 306.0 167.0
ship 309.0 129.0 322.0 162.0
ship 328.0 128.0 338.0 162.0
ship 344.0 125.0 358.0 160.0
ship 362.0 125.0 371.0 157.0
ship 377.0 123.0 387.0 156.0
ship 392.0 124.0 405.0 156.0
ship 409.0 120.0 418.0 149.0
ship 444.0 116.0 455.0 148.0
ship 461.0 110.0 471.0 141.0
ship 475.0 109.0 486.0 143.0
ship 492.0 112.0 504.0 144.0
ship 509.0 111.0 520.0 141.0
ship 234.0 86.0 244.0 123.0
ship 248.0 82.0 264.0 119.0
ship 266.0 81.0 279.0 116.0
ship 284.0 78.0 297.0 115.0
ship 320.0 76.0 330.0 111.0
ship 338.0 75.0 348.0 110.0
ship 354.0 76.0 365.0 108.0
ship 373.0 73.0 384.0 103.0
ship 389.0 68.0 403.0 105.0
ship 407.0 66.0 420.0 106.0
ship 425.0 62.0 441.0 100.0
ship 442.0 61.0 456.0 101.0
ship 460.0 59.0 473.0 98.0
ship 523.0 108.0 538.0 142.0
ship 543.0 106.0 554.0 138.0
ship 558.0 103.0 571.0 135.0
ship 573.0 100.0 586.0 134.0
ship 592.0 99.0 604.0 130.0
ship 608.0 97.0 617.0 128.0
ship 625.0 100.0 638.0 133.0
ship 643.0 107.0 652.0 132.0
ship 640.0 43.0 657.0 105.0
ship 619.0 47.0 631.0 81.0
ship 594.0 43.0 615.0 81.0
ship 581.0 52.0 596.0 86.0
ship 494.0 53.0 509.0 93.0
ship 515.0 54.0 526.0 92.0
ship 532.0 52.0 543.0 91.0
ship 550.0 51.0 561.0 83.0
ship 564.0 46.0 582.0 87.0
