ship 729.0 72.0 800.0 93.0
ship 533.0 772.0 563.0 785.0
vehicle 19.0 547.0 40.0 554.0
vehicle 14.0 491.0 37.0 501.0
vehicle 44.0 283.0 53.0 301.0
vehicle 55.0 284.0 62.0 297.0
vehicle 86.0 282.0 93.0 296.0
vehicle 117.0 282.0 145.0 297.0
vehicle 13.0 282.0 20.0 298.0
vehicle 1.0 281.0 3.0 297.0
vehicle 726.0 379.0 746.0 386.0
vehicle 690.0 565.0 708.0 572.0
vehicle 699.0 522.0 716.0 528.0
vehicle 706.0 497.0 725.0 503.0
vehicle 710.0 487.0 727.0 494.0
bridge 145.0 355.0 678.0 406.0
harbor 134.0 552.0 211.0 787.0
