baseballfield 394.0 165.0 612.0 381.0
tenniscourt 64.0 379.0 120.0 493.0
tenniscourt 134.0 377.0 190.0 491.0
tenniscourt 142.0 556.0 199.0 670.0
tenniscourt 70.0 558.0 127.0 672.0
vehicle 21.0 376.0 31.0 398.0
vehicle 18.0 295.0 27.0 319.0
vehicle 32.0 614.0 40.0 633.0
vehicle 36.0 682.0 44.0 703.0
vehicle 39.0 759.0 47.0 781.0
vehicle 133.0 64.0 142.0 86.0
vehicle 141.0 136.0 161.0 145.0
vehicle 717.0 101.0 738.0 118.0
vehicle 716.0 118.0 738.0 135.0
vehicle 717.0 140.0 738.0 157.0
vehicle 720.0 190.0 745.0 199.0
ship 189.0 40.0 208.0 78.0
vehicle 746.0 47.0 772.0 57.0
vehicle 769.0 709.0 792.0 720.0
