tenniscourt 303.0 134.0 367.0 230.0
tenniscourt 349.0 307.0 410.0 402.0
tenniscourt 228.0 223.0 290.0 321.0
tenniscourt 169.0 237.0 230.0 334.0
tenniscourt 109.0 251.0 171.0 347.0
tenniscourt 59.0 264.0 118.0 360.0
tenniscourt 341.0 558.0 403.0 654.0
tenniscourt 406.0 541.0 468.0 638.0
tenniscourt 338.0 698.0 399.0 796.0
tenniscourt 389.0 687.0 451.0 783.0
tenniscourt 439.0 674.0 503.0 772.0
tenniscourt 548.0 447.0 608.0 543.0
tenniscourt 600.0 433.0 662.0 530.0
tenniscourt 650.0 421.0 713.0 518.0
basketballcourt 188.0 1.0 266.0 103.0
basketballcourt 127.0 15.0 202.0 118.0
vehicle 785.0 754.0 797.0 768.0
vehicle 769.0 757.0 786.0 772.0
vehicle 754.0 759.0 774.0 777.0
vehicle 743.0 765.0 757.0 778.0
vehicle 726.0 768.0 744.0 782.0
vehicle 662.0 783.0 679.0 797.0
vehicle 649.0 787.0 664.0 799.0
vehicle 529.0 755.0 542.0 772.0
vehicle 568.0 738.0 584.0 755.0
vehicle 527.0 737.0 542.0 758.0
vehicle 568.0 718.0 582.0 736.0
vehicle 522.0 725.0 537.0 745.0
vehicle 516.0 698.0 530.0 715.0
vehicle 521.0 708.0 537.0 727.0
vehicle 559.0 711.0 570.0 723.0
vehicle 509.0 671.0 522.0 686.0
vehicle 511.0 684.0 524.0 699.0
vehicle 500.0 630.0 511.0 644.0
vehicle 497.0 617.0 509.0 634.0
vehicle 496.0 602.0 506.0 619.0
vehicle 527.0 561.0 547.0 580.0
vehicle 486.0 566.0 499.0 583.0
vehicle 525.0 552.0 542.0 568.0
vehicle 484.0 555.0 498.0 570.0
vehicle 524.0 536.0 540.0 555.0
vehicle 517.0 509.0 532.0 527.0
vehicle 480.0 539.0 494.0 557.0
vehicle 475.0 527.0 489.0 544.0
vehicle 510.0 482.0 525.0 503.0
vehicle 505.0 470.0 522.0 488.0
vehicle 499.0 437.0 517.0 459.0
vehicle 493.0 412.0 512.0 432.0
vehicle 490.0 399.0 506.0 417.0
vehicle 486.0 385.0 501.0 404.0
vehicle 317.0 465.0 330.0 487.0
vehicle 329.0 462.0 344.0 484.0
vehicle 333.0 484.0 344.0 503.0
vehicle 356.0 457.0 367.0 475.0
vehicle 344.0 477.0 361.0 499.0
vehicle 373.0 474.0 385.0 492.0
vehicle 381.0 453.0 393.0 473.0
vehicle 360.0 471.0 375.0 493.0
vehicle 439.0 374.0 451.0 390.0
vehicle 434.0 358.0 449.0 377.0
vehicle 431.0 344.0 446.0 364.0
vehicle 428.0 329.0 441.0 347.0
vehicle 427.0 321.0 435.0 335.0
vehicle 421.0 305.0 435.0 321.0
vehicle 419.0 291.0 431.0 304.0
vehicle 415.0 273.0 431.0 293.0
vehicle 411.0 261.0 426.0 279.0
vehicle 407.0 247.0 423.0 267.0
vehicle 396.0 197.0 410.0 214.0
vehicle 597.0 122.0 613.0 136.0
vehicle 566.0 128.0 581.0 142.0
vehicle 550.0 134.0 565.0 145.0
vehicle 538.0 138.0 552.0 150.0
vehicle 519.0 140.0 537.0 156.0
vehicle 509.0 145.0 526.0 157.0
vehicle 496.0 148.0 512.0 160.0
vehicle 479.0 150.0 499.0 165.0
vehicle 669.0 210.0 686.0 221.0
vehicle 703.0 145.0 724.0 157.0
vehicle 677.0 106.0 694.0 117.0
vehicle 717.0 113.0 742.0 126.0
vehicle 687.0 103.0 704.0 114.0
vehicle 701.0 98.0 717.0 111.0
vehicle 717.0 93.0 733.0 107.0
vehicle 724.0 90.0 746.0 104.0
vehicle 742.0 87.0 760.0 102.0
vehicle 754.0 83.0 772.0 97.0
vehicle 769.0 81.0 785.0 95.0
vehicle 465.0 288.0 479.0 310.0
vehicle 665.0 370.0 684.0 390.0
vehicle 364.0 69.0 379.0 91.0
vehicle 382.0 144.0 395.0 159.0
vehicle 404.0 53.0 419.0 71.0
vehicle 409.0 64.0 424.0 80.0
vehicle 418.0 104.0 435.0 125.0
vehicle 424.0 120.0 439.0 139.0
vehicle 23.0 308.0 37.0 323.0
vehicle 27.0 319.0 39.0 334.0
vehicle 29.0 334.0 47.0 350.0
vehicle 443.0 224.0 455.0 244.0
