vehicle 309.0 636.0 319.0 654.0
vehicle 153.0 45.0 167.0 78.0
vehicle 183.0 638.0 190.0 651.0
vehicle 30.0 751.0 37.0 762.0
vehicle 259.0 655.0 266.0 671.0
vehicle 252.0 725.0 260.0 743.0
vehicle 333.0 712.0 340.0 728.0
vehicle 343.0 713.0 350.0 727.0
vehicle 103.0 753.0 110.0 770.0
vehicle 378.0 630.0 384.0 642.0
vehicle 438.0 698.0 445.0 713.0
vehicle 450.0 710.0 458.0 728.0
vehicle 360.0 667.0 373.0 675.0
vehicle 357.0 659.0 371.0 667.0
vehicle 415.0 623.0 423.0 633.0
vehicle 588.0 674.0 598.0 690.0
vehicle 608.0 668.0 615.0 683.0
vehicle 612.0 597.0 620.0 610.0
vehicle 619.0 592.0 626.0 604.0
vehicle 622.0 604.0 628.0 616.0
vehicle 769.0 552.0 785.0 562.0
vehicle 489.0 182.0 504.0 191.0
vehicle 280.0 643.0 288.0 657.0
baseballfield 353.0 344.0 448.0 440.0
baseballfield 311.0 181.0 436.0 303.0
basketballcourt 8.0 242.0 61.0 318.0
groundtrackfield 524.0 33.0 769.0 529.0
