airplane 6.0 613.0 31.0 647.0
airplane 28.0 578.0 57.0 609.0
airplane 52.0 542.0 81.0 572.0
airplane 105.0 469.0 126.0 498.0
airplane 118.0 588.0 138.0 616.0
airplane 137.0 551.0 167.0 582.0
airplane 188.0 500.0 222.0 548.0
airplane 211.0 624.0 237.0 651.0
airplane 244.0 617.0 271.0 651.0
airplane 267.0 582.0 295.0 614.0
airplane 292.0 547.0 317.0 576.0
airplane 273.0 506.0 311.0 547.0
airplane 334.0 622.0 359.0 653.0
airplane 367.0 618.0 394.0 650.0
airplane 356.0 585.0 384.0 618.0
airplane 389.0 586.0 415.0 614.0
airplane 380.0 551.0 406.0 584.0
airplane 411.0 548.0 437.0 575.0
airplane 444.0 636.0 470.0 667.0
airplane 465.0 601.0 493.0 633.0
airplane 477.0 637.0 501.0 666.0
airplane 500.0 602.0 524.0 627.0
airplane 522.0 563.0 553.0 594.0
vehicle 639.0 544.0 648.0 557.0
vehicle 674.0 539.0 684.0 559.0
vehicle 686.0 543.0 693.0 559.0
vehicle 696.0 545.0 703.0 560.0
vehicle 704.0 539.0 712.0 558.0
vehicle 713.0 543.0 721.0 559.0
vehicle 720.0 541.0 732.0 558.0
vehicle 675.0 661.0 693.0 678.0
vehicle 650.0 292.0 670.0 305.0
vehicle 638.0 341.0 654.0 350.0
vehicle 615.0 350.0 631.0 362.0
vehicle 693.0 423.0 711.0 436.0
vehicle 510.0 295.0 525.0 306.0
airplane 677.0 437.0 707.0 465.0
airplane 541.0 426.0 570.0 459.0
airplane 776.0 285.0 800.0 314.0
airplane 751.0 322.0 781.0 354.0
airplane 768.0 361.0 798.0 389.0
airplane 729.0 362.0 756.0 389.0
airplane 746.0 400.0 771.0 428.0
airplane 705.0 397.0 731.0 426.0
airplane 718.0 439.0 748.0 467.0
airplane 749.0 165.0 777.0 197.0
airplane 726.0 202.0 755.0 235.0
airplane 689.0 203.0 714.0 234.0
airplane 701.0 239.0 730.0 272.0
airplane 664.0 240.0 693.0 273.0
airplane 652.0 315.0 681.0 348.0
airplane 613.0 314.0 642.0 345.0
airplane 633.0 354.0 658.0 385.0
airplane 591.0 352.0 619.0 385.0
airplane 606.0 391.0 633.0 423.0
airplane 568.0 392.0 591.0 421.0
airplane 402.0 418.0 430.0 450.0
airplane 359.0 251.0 387.0 283.0
airplane 326.0 256.0 354.0 288.0
airplane 313.0 325.0 341.0 357.0
airplane 290.0 364.0 315.0 391.0
airplane 233.0 403.0 261.0 435.0
airplane 587.0 195.0 615.0 227.0
airplane 562.0 234.0 590.0 266.0
airplane 501.0 276.0 523.0 297.0
airplane 538.0 270.0 566.0 302.0
airplane 519.0 311.0 544.0 339.0
airplane 476.0 308.0 502.0 336.0
airplane 468.0 384.0 494.0 415.0
airplane 443.0 421.0 469.0 452.0
airplane 407.0 179.0 431.0 208.0
airplane 366.0 181.0 394.0 213.0
airplane 311.0 135.0 344.0 170.0
airplane 288.0 173.0 319.0 204.0
airplane 262.0 206.0 300.0 248.0
airplane 220.0 287.0 244.0 311.0
airplane 169.0 356.0 197.0 388.0
airplane 399.0 147.0 422.0 173.0
airplane 424.0 106.0 452.0 138.0
airplane 595.0 120.0 621.0 150.0
airplane 772.0 128.0 800.0 160.0
vehicle 49.0 793.0 74.0 800.0
vehicle 190.0 788.0 207.0 795.0
vehicle 513.0 769.0 527.0 776.0
