ship 470.0 656.0 498.0 674.0
ship 433.0 638.0 461.0 657.0
ship 538.0 468.0 566.0 492.0
ship 599.0 545.0 614.0 561.0
ship 584.0 482.0 599.0 495.0
ship 591.0 469.0 608.0 488.0
ship 599.0 460.0 615.0 478.0
ship 617.0 516.0 634.0 533.0
ship 618.0 523.0 643.0 551.0
ship 610.0 530.0 639.0 559.0
ship 653.0 574.0 670.0 591.0
ship 650.0 576.0 670.0 593.0
ship 647.0 583.0 670.0 602.0
ship 691.0 584.0 708.0 602.0
ship 695.0 607.0 718.0 627.0
ship 748.0 646.0 772.0 665.0
ship 744.0 652.0 767.0 669.0
ship 676.0 633.0 691.0 648.0
ship 238.0 449.0 257.0 468.0
ship 233.0 451.0 249.0 468.0
ship 324.0 244.0 354.0 278.0
ship 383.0 244.0 402.0 263.0
ship 458.0 300.0 473.0 322.0
ship 452.0 354.0 473.0 377.0
ship 416.0 294.0 436.0 315.0
ship 412.0 298.0 435.0 322.0
ship 406.0 302.0 431.0 325.0
ship 401.0 306.0 430.0 332.0
ship 375.0 293.0 404.0 325.0
ship 358.0 293.0 380.0 317.0
ship 259.0 119.0 287.0 154.0
ship 227.0 70.0 250.0 100.0
ship 192.0 30.0 206.0 57.0
