tenniscourt 40.0 641.0 94.0 724.0
tenniscourt 91.0 655.0 144.0 739.0
vehicle 452.0 552.0 466.0 570.0
vehicle 485.0 513.0 504.0 522.0
vehicle 627.0 433.0 642.0 444.0
vehicle 723.0 330.0 739.0 349.0
vehicle 497.0 470.0 513.0 479.0
vehicle 475.0 560.0 492.0 569.0
vehicle 441.0 666.0 451.0 680.0
vehicle 600.0 32.0 610.0 48.0
vehicle 723.0 195.0 737.0 206.0
vehicle 786.0 209.0 800.0 222.0
vehicle 116.0 354.0 129.0 370.0
vehicle 315.0 298.0 329.0 312.0
vehicle 565.0 777.0 578.0 786.0
vehicle 619.0 760.0 636.0 771.0
vehicle 617.0 773.0 632.0 782.0
