harbor 83.0 52.0 182.0 770.0
harbor 281.0 34.0 373.0 766.0
harbor 468.0 153.0 553.0 769.0
ship 85.0 65.0 127.0 77.0
ship 140.0 107.0 183.0 123.0
ship 140.0 171.0 178.0 188.0
ship 83.0 300.0 126.0 313.0
ship 89.0 321.0 123.0 334.0
ship 87.0 387.0 123.0 400.0
ship 137.0 408.0 179.0 422.0
ship 86.0 430.0 127.0 443.0
ship 84.0 494.0 118.0 506.0
ship 143.0 494.0 177.0 503.0
ship 140.0 517.0 181.0 529.0
ship 139.0 578.0 178.0 593.0
ship 83.0 619.0 120.0 636.0
ship 139.0 623.0 176.0 633.0
ship 138.0 643.0 181.0 657.0
ship 84.0 664.0 123.0 677.0
ship 139.0 665.0 177.0 675.0
ship 285.0 85.0 318.0 99.0
ship 284.0 107.0 319.0 120.0
ship 283.0 126.0 318.0 137.0
ship 281.0 190.0 319.0 201.0
ship 335.0 191.0 371.0 201.0
ship 281.0 292.0 313.0 303.0
ship 338.0 374.0 368.0 387.0
ship 335.0 418.0 374.0 431.0
ship 340.0 437.0 373.0 451.0
ship 284.0 480.0 319.0 490.0
ship 281.0 498.0 312.0 513.0
ship 286.0 564.0 319.0 573.0
ship 333.0 645.0 371.0 657.0
ship 472.0 159.0 501.0 170.0
ship 515.0 195.0 549.0 206.0
ship 518.0 249.0 550.0 263.0
ship 520.0 268.0 553.0 280.0
ship 523.0 289.0 550.0 302.0
ship 472.0 329.0 503.0 340.0
ship 477.0 384.0 507.0 394.0
ship 474.0 405.0 508.0 416.0
ship 479.0 422.0 503.0 432.0
ship 522.0 326.0 551.0 340.0
ship 519.0 343.0 547.0 359.0
ship 523.0 439.0 553.0 454.0
ship 476.0 495.0 505.0 506.0
ship 478.0 534.0 507.0 546.0
ship 476.0 630.0 507.0 641.0
ship 522.0 630.0 553.0 640.0
ship 525.0 645.0 550.0 658.0
ship 474.0 666.0 510.0 680.0
ship 480.0 705.0 509.0 716.0
ship 483.0 720.0 512.0 733.0
