harbor 240.0 1.0 454.0 137.0
harbor 459.0 101.0 514.0 169.0
harbor 5.0 212.0 37.0 262.0
harbor 76.0 294.0 127.0 362.0
harbor 148.0 378.0 174.0 411.0
harbor 232.0 405.0 281.0 468.0
harbor 309.0 462.0 370.0 538.0
storagetank 271.0 771.0 299.0 798.0
storagetank 287.0 570.0 298.0 581.0
storagetank 290.0 581.0 306.0 594.0
storagetank 297.0 592.0 309.0 603.0
storagetank 306.0 597.0 318.0 613.0
storagetank 316.0 602.0 330.0 616.0
ship 524.0 612.0 550.0 651.0
ship 424.0 579.0 438.0 599.0
ship 418.0 586.0 438.0 609.0
ship 442.0 630.0 455.0 658.0
ship 448.0 657.0 458.0 676.0
ship 676.0 468.0 720.0 510.0
ship 739.0 653.0 778.0 699.0
ship 764.0 399.0 789.0 409.0
ship 631.0 266.0 671.0 289.0
ship 682.0 273.0 736.0 291.0
ship 749.0 260.0 761.0 287.0
ship 457.0 207.0 511.0 242.0
ship 354.0 306.0 390.0 350.0
ship 282.0 152.0 315.0 173.0
ship 226.0 389.0 257.0 413.0
ship 278.0 428.0 309.0 456.0
ship 8.0 175.0 35.0 200.0
ship 28.0 198.0 56.0 224.0
ship 69.0 202.0 96.0 224.0
ship 91.0 222.0 112.0 240.0
ship 6.0 189.0 27.0 213.0
ship 140.0 136.0 162.0 151.0
ship 134.0 141.0 158.0 157.0
ship 136.0 149.0 156.0 166.0
ship 159.0 147.0 175.0 162.0
ship 13.0 51.0 72.0 84.0
ship 10.0 63.0 69.0 97.0
ship 244.0 7.0 283.0 40.0
ship 284.0 37.0 324.0 69.0
ship 283.0 49.0 319.0 79.0
ship 401.0 119.0 428.0 138.0
