harbor 427.0 129.0 706.0 493.0
harbor 47.0 291.0 313.0 576.0
ship 427.0 170.0 520.0 211.0
ship 443.0 219.0 521.0 253.0
ship 559.0 217.0 624.0 250.0
ship 576.0 251.0 624.0 280.0
ship 465.0 269.0 548.0 313.0
ship 68.0 336.0 129.0 380.0
ship 165.0 345.0 221.0 377.0
ship 50.0 380.0 136.0 437.0
ship 115.0 406.0 161.0 436.0
ship 189.0 379.0 245.0 407.0
ship 119.0 438.0 168.0 480.0
ship 192.0 419.0 235.0 451.0
ship 146.0 473.0 184.0 496.0
ship 162.0 495.0 199.0 518.0
ship 168.0 516.0 208.0 545.0
ship 212.0 443.0 252.0 472.0
ship 225.0 474.0 257.0 498.0
ship 229.0 493.0 280.0 526.0
ship 275.0 539.0 311.0 563.0
ship 595.0 306.0 636.0 333.0
ship 623.0 394.0 664.0 421.0
ship 549.0 399.0 591.0 433.0
ship 539.0 373.0 581.0 401.0
ship 510.0 306.0 552.0 334.0
