harbor 679.0 71.0 764.0 655.0
harbor 589.0 81.0 675.0 650.0
harbor 180.0 101.0 281.0 691.0
harbor 493.0 90.0 590.0 670.0
harbor 404.0 91.0 491.0 673.0
harbor 297.0 98.0 389.0 668.0
harbor 45.0 110.0 184.0 694.0
ship 584.0 16.0 604.0 46.0
ship 64.0 110.0 114.0 123.0
ship 51.0 130.0 87.0 143.0
ship 100.0 124.0 134.0 137.0
ship 53.0 155.0 87.0 166.0
ship 98.0 139.0 138.0 153.0
ship 48.0 169.0 93.0 182.0
ship 97.0 156.0 135.0 170.0
ship 52.0 191.0 93.0 206.0
ship 101.0 173.0 136.0 185.0
ship 99.0 187.0 140.0 200.0
ship 52.0 208.0 96.0 225.0
ship 101.0 203.0 141.0 217.0
ship 100.0 217.0 141.0 233.0
ship 52.0 230.0 97.0 247.0
ship 103.0 235.0 139.0 247.0
ship 53.0 248.0 97.0 266.0
ship 101.0 248.0 145.0 262.0
ship 52.0 272.0 98.0 288.0
ship 105.0 264.0 143.0 277.0
ship 104.0 280.0 142.0 293.0
ship 59.0 289.0 98.0 303.0
ship 107.0 294.0 144.0 309.0
ship 56.0 312.0 100.0 329.0
ship 107.0 312.0 144.0 324.0
ship 108.0 326.0 143.0 340.0
ship 108.0 341.0 145.0 354.0
ship 60.0 351.0 102.0 367.0
ship 59.0 371.0 98.0 385.0
ship 64.0 396.0 100.0 409.0
ship 112.0 402.0 150.0 416.0
ship 63.0 411.0 102.0 425.0
ship 118.0 418.0 141.0 430.0
ship 56.0 433.0 106.0 450.0
ship 110.0 432.0 151.0 446.0
ship 114.0 448.0 153.0 460.0
ship 74.0 451.0 109.0 465.0
ship 113.0 464.0 149.0 476.0
ship 69.0 467.0 109.0 481.0
ship 73.0 482.0 109.0 496.0
ship 116.0 494.0 148.0 506.0
ship 68.0 498.0 108.0 514.0
ship 118.0 510.0 155.0 523.0
ship 72.0 516.0 108.0 526.0
ship 116.0 525.0 156.0 537.0
ship 118.0 540.0 156.0 553.0
ship 75.0 533.0 112.0 546.0
ship 77.0 547.0 112.0 560.0
ship 74.0 564.0 115.0 579.0
ship 77.0 579.0 114.0 592.0
ship 121.0 586.0 155.0 597.0
ship 81.0 596.0 115.0 610.0
ship 79.0 612.0 113.0 624.0
ship 119.0 615.0 157.0 630.0
ship 84.0 630.0 114.0 642.0
ship 119.0 630.0 161.0 644.0
ship 74.0 644.0 118.0 659.0
ship 121.0 644.0 160.0 657.0
ship 78.0 666.0 118.0 680.0
ship 122.0 660.0 162.0 672.0
ship 86.0 681.0 121.0 691.0
ship 134.0 676.0 188.0 694.0
ship 190.0 676.0 237.0 690.0
ship 206.0 654.0 241.0 670.0
ship 248.0 655.0 282.0 667.0
ship 210.0 643.0 240.0 653.0
ship 208.0 629.0 239.0 641.0
ship 204.0 613.0 239.0 627.0
ship 205.0 599.0 239.0 611.0
ship 204.0 584.0 238.0 597.0
ship 205.0 569.0 238.0 582.0
ship 208.0 555.0 237.0 567.0
ship 203.0 542.0 236.0 554.0
ship 202.0 526.0 234.0 539.0
ship 204.0 514.0 235.0 525.0
ship 241.0 511.0 274.0 523.0
ship 241.0 524.0 275.0 537.0
ship 242.0 541.0 274.0 551.0
ship 243.0 554.0 277.0 566.0
ship 244.0 568.0 278.0 581.0
ship 245.0 583.0 277.0 594.0
ship 244.0 597.0 279.0 610.0
ship 244.0 612.0 280.0 623.0
ship 250.0 627.0 279.0 638.0
ship 247.0 640.0 280.0 653.0
ship 324.0 639.0 352.0 650.0
ship 362.0 650.0 390.0 662.0
ship 359.0 638.0 388.0 649.0
ship 320.0 625.0 351.0 637.0
ship 357.0 624.0 387.0 635.0
ship 354.0 611.0 387.0 622.0
ship 325.0 613.0 351.0 623.0
ship 323.0 600.0 350.0 610.0
ship 356.0 597.0 386.0 610.0
ship 321.0 587.0 349.0 599.0
ship 355.0 585.0 385.0 596.0
ship 321.0 574.0 346.0 585.0
ship 355.0 572.0 383.0 583.0
ship 318.0 560.0 347.0 572.0
ship 355.0 559.0 384.0 569.0
ship 319.0 548.0 347.0 559.0
ship 318.0 536.0 346.0 546.0
ship 354.0 546.0 384.0 556.0
ship 354.0 534.0 381.0 544.0
ship 317.0 521.0 345.0 532.0
ship 354.0 520.0 382.0 530.0
ship 426.0 646.0 453.0 659.0
ship 428.0 634.0 456.0 645.0
ship 427.0 621.0 456.0 632.0
ship 426.0 608.0 456.0 619.0
ship 427.0 596.0 454.0 606.0
ship 428.0 581.0 454.0 593.0
ship 425.0 568.0 452.0 579.0
ship 425.0 556.0 453.0 566.0
ship 424.0 543.0 452.0 553.0
ship 421.0 529.0 450.0 541.0
ship 459.0 530.0 482.0 540.0
ship 459.0 541.0 484.0 551.0
ship 459.0 552.0 484.0 562.0
ship 460.0 565.0 484.0 573.0
ship 459.0 576.0 488.0 587.0
ship 460.0 588.0 488.0 599.0
ship 463.0 612.0 488.0 622.0
ship 464.0 623.0 491.0 633.0
ship 463.0 636.0 489.0 646.0
ship 465.0 651.0 490.0 660.0
ship 466.0 664.0 491.0 672.0
ship 423.0 517.0 451.0 527.0
ship 423.0 504.0 449.0 513.0
ship 423.0 491.0 450.0 501.0
ship 423.0 477.0 449.0 489.0
ship 420.0 464.0 450.0 476.0
ship 420.0 451.0 447.0 464.0
ship 418.0 441.0 446.0 451.0
ship 420.0 427.0 447.0 437.0
ship 417.0 413.0 447.0 424.0
ship 413.0 398.0 447.0 411.0
ship 419.0 388.0 446.0 399.0
ship 414.0 376.0 442.0 386.0
ship 413.0 363.0 440.0 373.0
ship 413.0 348.0 443.0 359.0
ship 451.0 364.0 476.0 374.0
ship 453.0 413.0 479.0 423.0
ship 452.0 425.0 479.0 435.0
ship 454.0 450.0 480.0 458.0
ship 455.0 461.0 482.0 471.0
ship 455.0 473.0 482.0 482.0
ship 456.0 484.0 482.0 493.0
ship 458.0 495.0 484.0 506.0
ship 455.0 507.0 481.0 517.0
ship 353.0 507.0 382.0 518.0
ship 315.0 509.0 344.0 520.0
ship 241.0 497.0 274.0 507.0
ship 202.0 499.0 230.0 510.0
ship 201.0 484.0 233.0 496.0
ship 201.0 468.0 233.0 481.0
ship 197.0 454.0 231.0 468.0
ship 200.0 440.0 232.0 451.0
ship 200.0 427.0 227.0 440.0
ship 200.0 411.0 231.0 423.0
ship 196.0 400.0 228.0 411.0
ship 194.0 382.0 229.0 396.0
ship 198.0 369.0 224.0 381.0
ship 196.0 353.0 228.0 366.0
ship 233.0 352.0 267.0 364.0
ship 235.0 368.0 268.0 380.0
ship 234.0 382.0 266.0 393.0
ship 238.0 396.0 268.0 408.0
ship 237.0 409.0 270.0 421.0
ship 236.0 423.0 268.0 436.0
ship 237.0 438.0 267.0 451.0
ship 241.0 454.0 271.0 466.0
ship 238.0 467.0 271.0 480.0
ship 237.0 481.0 273.0 493.0
ship 316.0 496.0 343.0 507.0
ship 352.0 495.0 380.0 505.0
ship 349.0 480.0 383.0 493.0
ship 313.0 483.0 342.0 493.0
ship 312.0 470.0 344.0 481.0
ship 314.0 457.0 344.0 468.0
ship 312.0 443.0 343.0 454.0
ship 315.0 430.0 341.0 441.0
ship 313.0 419.0 337.0 428.0
ship 311.0 404.0 340.0 416.0
ship 309.0 392.0 340.0 404.0
ship 309.0 366.0 335.0 376.0
ship 308.0 351.0 340.0 364.0
ship 344.0 351.0 374.0 362.0
ship 346.0 364.0 377.0 375.0
ship 346.0 377.0 374.0 387.0
ship 347.0 389.0 377.0 400.0
ship 346.0 403.0 377.0 413.0
ship 349.0 416.0 376.0 427.0
ship 348.0 429.0 376.0 440.0
ship 349.0 442.0 378.0 452.0
ship 350.0 455.0 379.0 467.0
ship 350.0 468.0 379.0 479.0
ship 195.0 340.0 227.0 352.0
ship 233.0 339.0 266.0 351.0
ship 194.0 325.0 220.0 336.0
ship 232.0 323.0 267.0 337.0
ship 190.0 312.0 225.0 324.0
ship 230.0 309.0 266.0 322.0
ship 193.0 296.0 224.0 309.0
ship 229.0 295.0 262.0 306.0
ship 190.0 283.0 222.0 294.0
ship 230.0 281.0 265.0 292.0
ship 194.0 269.0 221.0 278.0
ship 229.0 267.0 259.0 277.0
ship 190.0 254.0 221.0 265.0
ship 229.0 252.0 262.0 265.0
ship 188.0 238.0 221.0 251.0
ship 189.0 226.0 221.0 238.0
ship 226.0 224.0 261.0 235.0
ship 228.0 238.0 264.0 250.0
ship 189.0 211.0 221.0 222.0
ship 227.0 209.0 257.0 219.0
ship 227.0 193.0 260.0 207.0
ship 189.0 196.0 221.0 208.0
ship 186.0 181.0 218.0 192.0
ship 224.0 177.0 260.0 190.0
ship 224.0 165.0 258.0 175.0
ship 186.0 167.0 219.0 179.0
ship 184.0 151.0 217.0 162.0
ship 224.0 149.0 255.0 159.0
ship 184.0 136.0 216.0 149.0
ship 223.0 135.0 253.0 147.0
ship 184.0 121.0 218.0 134.0
ship 185.0 102.0 217.0 119.0
ship 224.0 103.0 254.0 117.0
ship 299.0 115.0 327.0 127.0
ship 333.0 113.0 361.0 124.0
ship 298.0 132.0 326.0 141.0
ship 333.0 128.0 363.0 140.0
ship 334.0 141.0 364.0 152.0
ship 301.0 143.0 330.0 154.0
ship 300.0 156.0 330.0 167.0
ship 337.0 168.0 366.0 178.0
ship 302.0 168.0 330.0 183.0
ship 302.0 184.0 331.0 196.0
ship 337.0 182.0 366.0 193.0
ship 337.0 195.0 366.0 206.0
ship 338.0 209.0 367.0 220.0
ship 304.0 210.0 332.0 221.0
ship 303.0 223.0 333.0 235.0
ship 336.0 222.0 368.0 233.0
ship 303.0 238.0 332.0 247.0
ship 339.0 235.0 369.0 245.0
ship 341.0 247.0 368.0 256.0
ship 305.0 250.0 333.0 260.0
ship 304.0 261.0 334.0 272.0
ship 305.0 275.0 334.0 286.0
ship 306.0 287.0 335.0 298.0
ship 343.0 274.0 370.0 283.0
ship 343.0 286.0 370.0 296.0
ship 344.0 299.0 373.0 310.0
ship 308.0 301.0 335.0 311.0
ship 307.0 314.0 336.0 326.0
ship 343.0 311.0 373.0 323.0
ship 344.0 325.0 369.0 336.0
ship 306.0 326.0 338.0 337.0
ship 344.0 338.0 371.0 349.0
ship 309.0 338.0 338.0 351.0
ship 449.0 341.0 476.0 349.0
ship 419.0 334.0 443.0 344.0
ship 414.0 322.0 441.0 334.0
ship 450.0 315.0 476.0 326.0
ship 448.0 328.0 477.0 339.0
ship 412.0 310.0 443.0 320.0
ship 446.0 289.0 473.0 301.0
ship 412.0 296.0 442.0 308.0
ship 411.0 283.0 442.0 294.0
ship 411.0 269.0 438.0 280.0
ship 413.0 256.0 437.0 268.0
ship 443.0 217.0 470.0 228.0
ship 410.0 230.0 438.0 241.0
ship 408.0 218.0 439.0 229.0
ship 408.0 204.0 436.0 216.0
ship 442.0 206.0 470.0 216.0
ship 408.0 191.0 435.0 203.0
ship 442.0 182.0 470.0 192.0
ship 440.0 169.0 468.0 180.0
ship 406.0 177.0 433.0 189.0
ship 406.0 165.0 433.0 176.0
ship 406.0 151.0 432.0 162.0
ship 407.0 136.0 434.0 148.0
ship 403.0 124.0 432.0 136.0
ship 439.0 122.0 464.0 131.0
ship 440.0 135.0 462.0 142.0
ship 436.0 107.0 465.0 118.0
ship 404.0 109.0 432.0 121.0
ship 411.0 91.0 463.0 109.0
ship 523.0 660.0 554.0 670.0
ship 524.0 647.0 549.0 657.0
ship 527.0 632.0 549.0 642.0
ship 520.0 620.0 548.0 632.0
ship 520.0 609.0 545.0 617.0
ship 520.0 598.0 543.0 606.0
ship 519.0 585.0 546.0 596.0
ship 519.0 549.0 546.0 560.0
ship 518.0 514.0 543.0 526.0
ship 517.0 504.0 542.0 513.0
ship 550.0 500.0 576.0 511.0
ship 549.0 526.0 573.0 535.0
ship 551.0 549.0 576.0 558.0
ship 552.0 560.0 579.0 570.0
ship 551.0 573.0 576.0 582.0
ship 552.0 584.0 579.0 593.0
ship 554.0 596.0 579.0 604.0
ship 554.0 619.0 580.0 628.0
ship 555.0 630.0 581.0 640.0
ship 555.0 642.0 581.0 652.0
ship 559.0 658.0 592.0 669.0
ship 616.0 639.0 642.0 650.0
ship 647.0 637.0 674.0 647.0
ship 615.0 628.0 641.0 636.0
ship 615.0 615.0 641.0 626.0
ship 646.0 614.0 672.0 623.0
ship 648.0 626.0 673.0 635.0
ship 645.0 591.0 672.0 601.0
ship 613.0 591.0 639.0 602.0
ship 615.0 581.0 638.0 590.0
ship 614.0 569.0 639.0 578.0
ship 611.0 546.0 635.0 555.0
ship 643.0 544.0 670.0 553.0
ship 611.0 534.0 634.0 542.0
ship 612.0 523.0 632.0 533.0
ship 641.0 521.0 668.0 530.0
ship 643.0 509.0 666.0 517.0
ship 609.0 500.0 634.0 509.0
ship 642.0 497.0 667.0 507.0
ship 639.0 487.0 665.0 495.0
ship 702.0 488.0 724.0 498.0
ship 739.0 488.0 753.0 496.0
ship 702.0 512.0 723.0 520.0
ship 703.0 523.0 727.0 533.0
ship 733.0 522.0 757.0 530.0
ship 702.0 545.0 728.0 555.0
ship 734.0 545.0 758.0 554.0
ship 734.0 555.0 759.0 563.0
ship 735.0 567.0 760.0 576.0
ship 706.0 568.0 729.0 578.0
ship 734.0 587.0 761.0 598.0
ship 707.0 590.0 729.0 600.0
ship 707.0 613.0 732.0 622.0
ship 737.0 611.0 760.0 620.0
ship 706.0 624.0 730.0 632.0
ship 709.0 636.0 731.0 645.0
ship 738.0 632.0 762.0 643.0
ship 512.0 479.0 542.0 490.0
ship 547.0 479.0 576.0 489.0
ship 515.0 457.0 541.0 467.0
ship 547.0 456.0 571.0 465.0
ship 513.0 445.0 539.0 455.0
ship 514.0 433.0 537.0 443.0
ship 546.0 443.0 571.0 453.0
ship 546.0 431.0 572.0 441.0
ship 544.0 419.0 570.0 429.0
ship 544.0 408.0 571.0 417.0
ship 509.0 383.0 536.0 394.0
ship 543.0 382.0 568.0 393.0
ship 542.0 359.0 568.0 369.0
ship 509.0 336.0 536.0 346.0
ship 601.0 344.0 626.0 352.0
ship 602.0 357.0 625.0 366.0
ship 606.0 405.0 628.0 415.0
ship 605.0 417.0 630.0 427.0
ship 637.0 415.0 661.0 424.0
ship 608.0 429.0 630.0 438.0
ship 607.0 451.0 631.0 462.0
ship 638.0 450.0 666.0 460.0
ship 606.0 475.0 634.0 485.0
ship 642.0 473.0 665.0 484.0
ship 609.0 488.0 632.0 496.0
ship 697.0 366.0 719.0 376.0
ship 696.0 378.0 718.0 385.0
ship 696.0 389.0 719.0 397.0
ship 697.0 400.0 720.0 409.0
ship 700.0 433.0 721.0 442.0
ship 701.0 467.0 724.0 476.0
ship 728.0 432.0 752.0 441.0
ship 728.0 409.0 752.0 418.0
ship 727.0 398.0 749.0 407.0
ship 726.0 387.0 748.0 396.0
ship 725.0 375.0 748.0 384.0
ship 727.0 365.0 747.0 373.0
ship 731.0 477.0 752.0 485.0
ship 599.0 308.0 624.0 317.0
ship 632.0 318.0 658.0 326.0
ship 633.0 294.0 660.0 304.0
ship 508.0 300.0 532.0 308.0
ship 508.0 312.0 533.0 322.0
ship 508.0 324.0 533.0 333.0
ship 541.0 310.0 565.0 321.0
ship 537.0 261.0 563.0 271.0
ship 505.0 226.0 529.0 237.0
ship 535.0 214.0 562.0 223.0
ship 502.0 192.0 527.0 201.0
ship 536.0 202.0 559.0 209.0
ship 595.0 187.0 619.0 197.0
ship 596.0 210.0 620.0 220.0
ship 628.0 208.0 653.0 220.0
ship 626.0 245.0 655.0 254.0
ship 596.0 258.0 623.0 269.0
ship 630.0 257.0 654.0 267.0
ship 597.0 271.0 623.0 281.0
ship 693.0 319.0 716.0 328.0
ship 691.0 294.0 714.0 306.0
ship 722.0 293.0 747.0 303.0
ship 693.0 273.0 714.0 281.0
ship 690.0 260.0 711.0 269.0
ship 720.0 258.0 745.0 268.0
ship 719.0 224.0 744.0 234.0
ship 718.0 235.0 743.0 245.0
ship 685.0 190.0 709.0 199.0
ship 717.0 189.0 742.0 198.0
ship 501.0 166.0 526.0 176.0
ship 496.0 154.0 524.0 164.0
ship 499.0 142.0 524.0 152.0
ship 499.0 130.0 523.0 138.0
ship 499.0 118.0 524.0 127.0
ship 494.0 105.0 519.0 114.0
ship 493.0 87.0 550.0 102.0
ship 530.0 104.0 556.0 113.0
ship 531.0 115.0 557.0 126.0
ship 534.0 152.0 560.0 162.0
ship 533.0 164.0 560.0 176.0
ship 594.0 83.0 641.0 98.0
ship 622.0 112.0 647.0 122.0
ship 590.0 113.0 617.0 125.0
ship 592.0 137.0 618.0 148.0
ship 624.0 136.0 650.0 146.0
ship 624.0 159.0 650.0 170.0
ship 691.0 72.0 724.0 94.0
ship 680.0 97.0 705.0 106.0
ship 711.0 96.0 736.0 103.0
ship 711.0 108.0 736.0 116.0
ship 685.0 132.0 707.0 142.0
ship 714.0 131.0 739.0 140.0
ship 685.0 156.0 709.0 165.0
ship 713.0 154.0 739.0 164.0
ship 686.0 167.0 707.0 176.0
ship 684.0 178.0 710.0 187.0
ship 716.0 176.0 739.0 187.0
