vehicle 479.0 669.0 497.0 674.0
vehicle 699.0 682.0 704.0 695.0
vehicle 623.0 541.0 644.0 547.0
vehicle 649.0 519.0 656.0 531.0
vehicle 626.0 570.0 642.0 577.0
vehicle 625.0 560.0 642.0 567.0
vehicle 673.0 519.0 680.0 533.0
vehicle 683.0 518.0 689.0 532.0
vehicle 731.0 516.0 737.0 529.0
vehicle 718.0 516.0 724.0 530.0
vehicle 703.0 517.0 711.0 532.0
vehicle 732.0 769.0 746.0 776.0
vehicle 736.0 748.0 753.0 754.0
vehicle 736.0 733.0 753.0 739.0
vehicle 486.0 271.0 496.0 288.0
vehicle 323.0 165.0 344.0 174.0
vehicle 160.0 79.0 176.0 84.0
vehicle 280.0 75.0 298.0 81.0
vehicle 776.0 34.0 793.0 41.0
vehicle 629.0 597.0 648.0 603.0
vehicle 631.0 608.0 647.0 614.0
bridge 458.0 271.0 543.0 451.0
bridge 558.0 268.0 638.0 467.0
