airplane 186.0 13.0 249.0 79.0
airplane 114.0 55.0 161.0 115.0
airplane 189.0 92.0 253.0 159.0
airplane 115.0 132.0 162.0 196.0
airplane 113.0 206.0 160.0 283.0
airplane 198.0 262.0 229.0 308.0
airplane 110.0 291.0 165.0 356.0
airplane 180.0 324.0 245.0 403.0
airplane 115.0 371.0 159.0 437.0
airplane 114.0 447.0 155.0 516.0
airplane 192.0 488.0 240.0 554.0
airplane 114.0 527.0 155.0 595.0
airplane 191.0 568.0 236.0 629.0
airplane 114.0 613.0 158.0 677.0
airplane 111.0 690.0 157.0 755.0
airplane 189.0 732.0 236.0 791.0
airplane 463.0 350.0 542.0 442.0
