trainstation 540.0 212.0 747.0 523.0
vehicle 790.0 708.0 800.0 722.0
vehicle 781.0 736.0 792.0 746.0
vehicle 774.0 758.0 780.0 771.0
vehicle 596.0 704.0 603.0 716.0
vehicle 606.0 657.0 616.0 671.0
vehicle 609.0 646.0 615.0 658.0
vehicle 610.0 630.0 620.0 643.0
vehicle 615.0 549.0 625.0 561.0
vehicle 629.0 550.0 636.0 562.0
vehicle 590.0 578.0 601.0 584.0
vehicle 585.0 568.0 596.0 574.0
vehicle 727.0 283.0 737.0 295.0
vehicle 733.0 267.0 744.0 279.0
vehicle 739.0 254.0 746.0 267.0
vehicle 744.0 241.0 751.0 253.0
vehicle 748.0 229.0 755.0 240.0
vehicle 784.0 270.0 794.0 283.0
vehicle 777.0 291.0 787.0 303.0
vehicle 774.0 304.0 781.0 317.0
vehicle 716.0 372.0 728.0 379.0
vehicle 323.0 373.0 335.0 384.0
vehicle 332.0 382.0 343.0 393.0
vehicle 752.0 185.0 763.0 195.0
