harbor 97.0 15.0 260.0 765.0
harbor 267.0 9.0 535.0 779.0
ship 627.0 436.0 714.0 481.0
ship 177.0 34.0 254.0 51.0
ship 170.0 185.0 242.0 208.0
ship 174.0 258.0 233.0 278.0
ship 170.0 287.0 229.0 315.0
ship 122.0 254.0 147.0 302.0
ship 165.0 324.0 217.0 342.0
ship 162.0 352.0 235.0 375.0
ship 160.0 386.0 236.0 417.0
ship 156.0 422.0 228.0 442.0
ship 155.0 456.0 229.0 474.0
ship 123.0 376.0 139.0 416.0
ship 156.0 484.0 234.0 514.0
ship 148.0 524.0 230.0 553.0
ship 105.0 611.0 123.0 654.0
ship 144.0 606.0 228.0 634.0
ship 140.0 685.0 221.0 716.0
ship 137.0 731.0 200.0 750.0
ship 286.0 27.0 373.0 55.0
ship 281.0 72.0 380.0 99.0
ship 274.0 133.0 390.0 170.0
ship 329.0 193.0 395.0 219.0
ship 330.0 224.0 395.0 250.0
ship 338.0 256.0 400.0 283.0
ship 323.0 290.0 406.0 322.0
ship 335.0 330.0 414.0 362.0
ship 339.0 402.0 421.0 432.0
ship 341.0 437.0 424.0 468.0
ship 347.0 474.0 428.0 504.0
ship 361.0 514.0 428.0 538.0
ship 328.0 582.0 444.0 624.0
ship 370.0 632.0 447.0 659.0
ship 365.0 669.0 446.0 699.0
ship 360.0 716.0 460.0 741.0
ship 403.0 74.0 423.0 111.0
ship 413.0 147.0 439.0 212.0
ship 431.0 260.0 454.0 313.0
ship 438.0 341.0 464.0 390.0
ship 455.0 415.0 496.0 546.0
ship 471.0 598.0 518.0 728.0
