harbor 1.0 116.0 770.0 250.0
harbor 1.0 281.0 791.0 467.0
harbor 1.0 522.0 795.0 764.0
vehicle 236.0 586.0 251.0 617.0
ship 7.0 142.0 28.0 201.0
ship 46.0 138.0 65.0 194.0
ship 75.0 145.0 95.0 199.0
ship 105.0 139.0 126.0 202.0
ship 138.0 138.0 161.0 202.0
ship 171.0 135.0 192.0 203.0
ship 207.0 134.0 228.0 210.0
ship 239.0 145.0 258.0 195.0
ship 269.0 143.0 286.0 200.0
ship 306.0 144.0 326.0 187.0
ship 334.0 135.0 355.0 201.0
ship 368.0 157.0 389.0 207.0
ship 401.0 148.0 419.0 196.0
ship 434.0 147.0 453.0 192.0
ship 463.0 148.0 484.0 206.0
ship 494.0 135.0 518.0 212.0
ship 567.0 137.0 585.0 195.0
ship 594.0 144.0 615.0 195.0
ship 646.0 152.0 676.0 215.0
ship 675.0 163.0 704.0 216.0
ship 714.0 201.0 748.0 245.0
ship 4.0 283.0 32.0 366.0
ship 37.0 300.0 56.0 351.0
ship 65.0 293.0 89.0 364.0
ship 97.0 297.0 119.0 360.0
ship 162.0 307.0 179.0 359.0
ship 231.0 299.0 250.0 365.0
ship 261.0 295.0 282.0 358.0
ship 292.0 295.0 314.0 359.0
ship 324.0 296.0 346.0 360.0
ship 359.0 301.0 381.0 365.0
ship 391.0 303.0 413.0 367.0
ship 424.0 303.0 446.0 367.0
ship 486.0 304.0 508.0 368.0
ship 550.0 308.0 584.0 396.0
ship 601.0 339.0 622.0 399.0
ship 586.0 374.0 599.0 403.0
ship 630.0 335.0 652.0 398.0
ship 669.0 344.0 691.0 394.0
ship 699.0 342.0 720.0 396.0
ship 640.0 423.0 660.0 464.0
ship 666.0 424.0 686.0 465.0
ship 691.0 424.0 711.0 465.0
ship 716.0 423.0 736.0 464.0
ship 744.0 427.0 761.0 461.0
ship 739.0 595.0 757.0 657.0
ship 727.0 637.0 737.0 648.0
ship 708.0 604.0 728.0 656.0
ship 681.0 602.0 701.0 649.0
ship 652.0 602.0 671.0 648.0
ship 623.0 609.0 641.0 649.0
ship 587.0 601.0 605.0 641.0
ship 566.0 600.0 584.0 640.0
ship 530.0 599.0 547.0 631.0
ship 480.0 595.0 497.0 643.0
ship 693.0 673.0 718.0 759.0
ship 656.0 673.0 681.0 759.0
ship 613.0 671.0 643.0 762.0
ship 533.0 668.0 563.0 759.0
ship 455.0 668.0 484.0 743.0
ship 420.0 666.0 449.0 741.0
ship 376.0 667.0 407.0 748.0
ship 337.0 661.0 368.0 742.0
ship 304.0 658.0 329.0 736.0
ship 281.0 662.0 295.0 715.0
ship 234.0 658.0 257.0 720.0
ship 205.0 655.0 228.0 717.0
ship 162.0 662.0 185.0 724.0
ship 132.0 650.0 155.0 712.0
ship 62.0 659.0 86.0 709.0
ship 17.0 647.0 46.0 725.0
