harbor 123.0 380.0 367.0 428.0
bridge 1.0 653.0 800.0 753.0
harbor 47.0 298.0 367.0 356.0
harbor 51.0 186.0 260.0 276.0
harbor 91.0 125.0 274.0 160.0
harbor 312.0 126.0 378.0 263.0
harbor 42.0 457.0 347.0 508.0
harbor 42.0 526.0 428.0 595.0
harbor 414.0 202.0 443.0 572.0
vehicle 260.0 716.0 275.0 723.0
vehicle 648.0 688.0 663.0 695.0
vehicle 702.0 695.0 718.0 702.0
vehicle 641.0 713.0 656.0 720.0
ship 398.0 537.0 416.0 568.0
ship 355.0 538.0 368.0 572.0
ship 342.0 546.0 353.0 571.0
ship 220.0 554.0 231.0 581.0
ship 190.0 561.0 201.0 584.0
ship 221.0 487.0 228.0 503.0
ship 335.0 460.0 348.0 484.0
ship 231.0 408.0 240.0 427.0
ship 332.0 410.0 342.0 427.0
ship 48.0 527.0 61.0 553.0
ship 76.0 552.0 92.0 566.0
ship 170.0 565.0 179.0 584.0
ship 183.0 485.0 192.0 507.0
ship 125.0 487.0 134.0 510.0
ship 111.0 474.0 122.0 500.0
ship 67.0 473.0 78.0 495.0
ship 144.0 300.0 154.0 324.0
ship 174.0 305.0 183.0 326.0
ship 174.0 329.0 184.0 348.0
ship 183.0 302.0 191.0 324.0
ship 192.0 304.0 201.0 324.0
ship 202.0 304.0 208.0 324.0
ship 220.0 299.0 231.0 325.0
ship 231.0 305.0 238.0 326.0
ship 239.0 302.0 249.0 326.0
ship 258.0 309.0 266.0 325.0
ship 286.0 298.0 298.0 325.0
ship 300.0 299.0 311.0 325.0
ship 296.0 331.0 304.0 351.0
ship 306.0 329.0 315.0 351.0
ship 343.0 330.0 351.0 350.0
ship 354.0 321.0 366.0 352.0
ship 414.0 301.0 428.0 329.0
ship 164.0 377.0 173.0 403.0
ship 174.0 384.0 183.0 403.0
ship 230.0 381.0 240.0 404.0
ship 240.0 382.0 248.0 404.0
ship 259.0 382.0 268.0 404.0
ship 277.0 381.0 288.0 405.0
ship 306.0 382.0 316.0 404.0
ship 355.0 384.0 367.0 412.0
ship 261.0 131.0 272.0 153.0
ship 312.0 130.0 357.0 144.0
ship 328.0 177.0 359.0 189.0
ship 319.0 190.0 359.0 202.0
ship 327.0 206.0 358.0 217.0
ship 324.0 219.0 357.0 231.0
ship 323.0 234.0 359.0 246.0
ship 317.0 247.0 359.0 261.0
ship 246.0 208.0 259.0 237.0
ship 246.0 237.0 258.0 263.0
ship 231.0 205.0 243.0 234.0
ship 224.0 215.0 231.0 233.0
ship 216.0 216.0 224.0 233.0
ship 204.0 211.0 211.0 233.0
ship 181.0 210.0 191.0 233.0
ship 170.0 209.0 180.0 233.0
ship 159.0 212.0 169.0 233.0
ship 136.0 214.0 147.0 233.0
ship 128.0 214.0 137.0 235.0
ship 224.0 239.0 232.0 263.0
ship 213.0 239.0 223.0 263.0
ship 203.0 239.0 212.0 258.0
ship 193.0 240.0 202.0 264.0
ship 181.0 239.0 190.0 265.0
ship 159.0 240.0 170.0 268.0
ship 148.0 238.0 157.0 266.0
ship 138.0 239.0 147.0 263.0
ship 130.0 238.0 137.0 257.0
ship 247.0 128.0 260.0 158.0
ship 234.0 133.0 247.0 160.0
ship 225.0 132.0 235.0 160.0
ship 212.0 133.0 223.0 158.0
ship 189.0 132.0 199.0 159.0
ship 175.0 132.0 189.0 159.0
ship 159.0 128.0 175.0 160.0
ship 149.0 128.0 160.0 159.0
ship 133.0 130.0 146.0 160.0
ship 124.0 130.0 134.0 158.0
ship 106.0 127.0 120.0 159.0
ship 93.0 128.0 108.0 161.0
ship 55.0 187.0 70.0 234.0
ship 71.0 202.0 85.0 234.0
ship 86.0 213.0 94.0 233.0
ship 95.0 209.0 105.0 234.0
ship 106.0 209.0 115.0 235.0
ship 106.0 238.0 116.0 261.0
ship 95.0 238.0 105.0 261.0
ship 86.0 238.0 95.0 259.0
ship 50.0 238.0 64.0 276.0
ship 109.0 304.0 125.0 337.0
ship 86.0 322.0 98.0 349.0
ship 98.0 327.0 106.0 347.0
ship 50.0 316.0 64.0 349.0
vehicle 22.0 247.0 29.0 263.0
vehicle 2.0 383.0 9.0 397.0
vehicle 18.0 391.0 25.0 406.0
vehicle 18.0 414.0 24.0 428.0
vehicle 17.0 462.0 24.0 476.0
vehicle 11.0 475.0 20.0 489.0
ship 275.0 785.0 300.0 795.0
