vehicle 390.0 291.0 427.0 306.0
vehicle 314.0 364.0 351.0 379.0
vehicle 276.0 344.0 286.0 366.0
vehicle 469.0 280.0 495.0 293.0
vehicle 497.0 267.0 525.0 278.0
vehicle 637.0 297.0 667.0 304.0
vehicle 701.0 356.0 734.0 370.0
vehicle 499.0 449.0 534.0 465.0
vehicle 448.0 469.0 483.0 485.0
vehicle 478.0 479.0 513.0 496.0
vehicle 251.0 479.0 287.0 494.0
vehicle 345.0 465.0 373.0 478.0
vehicle 285.0 516.0 313.0 529.0
vehicle 316.0 507.0 345.0 521.0
vehicle 353.0 497.0 382.0 510.0
vehicle 393.0 487.0 422.0 500.0
vehicle 354.0 565.0 388.0 579.0
Expressway-Service-area 214.0 52.0 678.0 428.0
Expressway-Service-area 183.0 396.0 634.0 765.0
