tenniscourt 25.0 42.0 91.0 78.0
tenniscourt 120.0 13.0 178.0 44.0
vehicle 433.0 3.0 445.0 8.0
vehicle 459.0 3.0 470.0 11.0
vehicle 470.0 5.0 483.0 13.0
vehicle 543.0 25.0 555.0 32.0
vehicle 559.0 25.0 570.0 32.0
vehicle 623.0 43.0 634.0 47.0
vehicle 623.0 47.0 634.0 53.0
vehicle 624.0 57.0 636.0 64.0
vehicle 622.0 70.0 631.0 73.0
vehicle 619.0 75.0 629.0 82.0
vehicle 619.0 86.0 628.0 94.0
vehicle 602.0 63.0 610.0 70.0
vehicle 651.0 57.0 658.0 67.0
vehicle 521.0 53.0 526.0 61.0
vehicle 519.0 63.0 527.0 75.0
vehicle 522.0 78.0 528.0 86.0
vehicle 519.0 90.0 526.0 100.0
vehicle 519.0 104.0 526.0 112.0
vehicle 519.0 118.0 524.0 126.0
vehicle 521.0 133.0 526.0 142.0
vehicle 519.0 154.0 530.0 162.0
vehicle 511.0 229.0 518.0 239.0
vehicle 514.0 241.0 521.0 252.0
vehicle 583.0 78.0 591.0 85.0
vehicle 598.0 77.0 607.0 83.0
vehicle 595.0 131.0 607.0 138.0
vehicle 628.0 105.0 634.0 115.0
vehicle 634.0 107.0 641.0 115.0
vehicle 608.0 105.0 613.0 112.0
vehicle 581.0 90.0 590.0 96.0
vehicle 621.0 148.0 627.0 159.0
vehicle 633.0 148.0 639.0 159.0
vehicle 530.0 207.0 540.0 214.0
vehicle 543.0 207.0 552.0 214.0
vehicle 540.0 219.0 551.0 226.0
vehicle 554.0 220.0 562.0 225.0
vehicle 574.0 220.0 586.0 226.0
vehicle 516.0 283.0 523.0 292.0
vehicle 514.0 293.0 522.0 300.0
vehicle 516.0 313.0 523.0 324.0
vehicle 518.0 339.0 524.0 349.0
vehicle 283.0 318.0 294.0 326.0
vehicle 264.0 344.0 272.0 353.0
vehicle 264.0 365.0 270.0 375.0
vehicle 264.0 379.0 270.0 388.0
vehicle 310.0 364.0 316.0 375.0
vehicle 447.0 308.0 456.0 315.0
vehicle 476.0 306.0 485.0 313.0
vehicle 396.0 318.0 411.0 326.0
vehicle 391.0 310.0 402.0 313.0
vehicle 518.0 361.0 524.0 370.0
vehicle 499.0 339.0 506.0 349.0
vehicle 733.0 177.0 746.0 185.0
vehicle 674.0 110.0 681.0 123.0
vehicle 717.0 10.0 728.0 16.0
vehicle 757.0 10.0 768.0 15.0
vehicle 744.0 196.0 752.0 209.0
vehicle 752.0 198.0 757.0 207.0
vehicle 758.0 197.0 763.0 207.0
vehicle 762.0 196.0 768.0 207.0
vehicle 767.0 197.0 773.0 206.0
vehicle 773.0 195.0 779.0 207.0
vehicle 784.0 197.0 790.0 207.0
vehicle 790.0 197.0 796.0 206.0
vehicle 749.0 227.0 756.0 235.0
vehicle 756.0 229.0 762.0 238.0
vehicle 768.0 231.0 773.0 238.0
vehicle 773.0 229.0 779.0 239.0
vehicle 780.0 227.0 785.0 238.0
vehicle 790.0 229.0 797.0 239.0
vehicle 749.0 252.0 756.0 262.0
vehicle 762.0 254.0 766.0 262.0
vehicle 565.0 291.0 573.0 296.0
vehicle 660.0 288.0 669.0 294.0
vehicle 658.0 293.0 667.0 301.0
vehicle 657.0 301.0 667.0 306.0
vehicle 658.0 310.0 667.0 317.0
vehicle 657.0 342.0 666.0 348.0
vehicle 657.0 348.0 667.0 354.0
vehicle 656.0 351.0 666.0 358.0
vehicle 655.0 358.0 666.0 364.0
vehicle 658.0 364.0 666.0 369.0
vehicle 657.0 374.0 666.0 382.0
vehicle 672.0 302.0 680.0 313.0
vehicle 688.0 276.0 694.0 289.0
vehicle 681.0 303.0 686.0 315.0
vehicle 694.0 305.0 698.0 315.0
vehicle 698.0 306.0 704.0 315.0
vehicle 710.0 305.0 720.0 315.0
vehicle 700.0 279.0 706.0 286.0
vehicle 709.0 279.0 715.0 288.0
vehicle 768.0 281.0 775.0 292.0
vehicle 787.0 282.0 795.0 293.0
vehicle 728.0 306.0 733.0 315.0
vehicle 739.0 307.0 746.0 316.0
vehicle 751.0 307.0 756.0 317.0
vehicle 777.0 308.0 784.0 318.0
vehicle 787.0 311.0 792.0 317.0
vehicle 130.0 399.0 143.0 406.0
vehicle 39.0 451.0 52.0 456.0
vehicle 106.0 418.0 118.0 425.0
vehicle 114.0 449.0 134.0 456.0
vehicle 263.0 408.0 269.0 417.0
vehicle 354.0 432.0 364.0 441.0
vehicle 351.0 442.0 367.0 449.0
vehicle 367.0 447.0 393.0 456.0
vehicle 423.0 442.0 435.0 450.0
vehicle 209.0 465.0 221.0 473.0
vehicle 303.0 560.0 311.0 574.0
vehicle 306.0 589.0 312.0 603.0
vehicle 306.0 604.0 313.0 615.0
vehicle 305.0 622.0 313.0 631.0
vehicle 317.0 679.0 326.0 690.0
vehicle 306.0 704.0 311.0 714.0
vehicle 306.0 715.0 315.0 724.0
vehicle 322.0 753.0 330.0 763.0
vehicle 203.0 748.0 215.0 755.0
vehicle 519.0 530.0 524.0 542.0
vehicle 523.0 551.0 530.0 560.0
vehicle 502.0 564.0 508.0 574.0
vehicle 514.0 561.0 521.0 570.0
vehicle 536.0 613.0 541.0 621.0
vehicle 537.0 622.0 545.0 632.0
vehicle 566.0 627.0 573.0 639.0
vehicle 552.0 641.0 559.0 652.0
vehicle 554.0 656.0 561.0 665.0
vehicle 557.0 670.0 562.0 679.0
vehicle 557.0 682.0 564.0 695.0
vehicle 561.0 696.0 569.0 706.0
vehicle 564.0 720.0 570.0 730.0
vehicle 565.0 730.0 573.0 739.0
vehicle 583.0 605.0 594.0 614.0
vehicle 598.0 603.0 607.0 613.0
vehicle 394.0 714.0 402.0 723.0
vehicle 412.0 714.0 421.0 723.0
vehicle 435.0 710.0 441.0 719.0
vehicle 442.0 710.0 450.0 719.0
vehicle 452.0 709.0 458.0 720.0
vehicle 460.0 712.0 466.0 718.0
vehicle 469.0 709.0 475.0 717.0
vehicle 413.0 736.0 422.0 742.0
vehicle 466.0 730.0 473.0 744.0
vehicle 475.0 732.0 483.0 741.0
vehicle 484.0 732.0 490.0 738.0
vehicle 566.0 753.0 574.0 763.0
vehicle 569.0 768.0 576.0 779.0
vehicle 573.0 789.0 579.0 797.0
vehicle 324.0 767.0 331.0 776.0
vehicle 325.0 780.0 332.0 789.0
vehicle 325.0 794.0 332.0 797.0
vehicle 310.0 785.0 318.0 792.0
vehicle 310.0 757.0 317.0 767.0
vehicle 121.0 771.0 126.0 780.0
vehicle 6.0 766.0 14.0 779.0
vehicle 4.0 790.0 13.0 797.0
tenniscourt 27.0 87.0 94.0 119.0
tenniscourt 118.0 56.0 177.0 86.0
