tenniscourt 526.0 619.0 574.0 689.0
tenniscourt 570.0 600.0 619.0 670.0
tenniscourt 613.0 590.0 653.0 661.0
tenniscourt 645.0 583.0 684.0 652.0
tenniscourt 677.0 571.0 718.0 637.0
vehicle 63.0 23.0 77.0 29.0
vehicle 66.0 30.0 77.0 35.0
vehicle 67.0 37.0 80.0 43.0
vehicle 72.0 48.0 82.0 54.0
vehicle 91.0 10.0 105.0 16.0
vehicle 91.0 18.0 109.0 24.0
vehicle 97.0 28.0 107.0 34.0
vehicle 99.0 39.0 110.0 47.0
vehicle 88.0 51.0 96.0 62.0
vehicle 95.0 49.0 102.0 59.0
vehicle 171.0 72.0 181.0 86.0
vehicle 159.0 270.0 171.0 277.0
vehicle 105.0 302.0 115.0 307.0
vehicle 39.0 305.0 54.0 310.0
vehicle 59.0 311.0 73.0 318.0
vehicle 111.0 287.0 135.0 294.0
vehicle 487.0 27.0 499.0 34.0
vehicle 487.0 33.0 500.0 40.0
vehicle 493.0 44.0 502.0 51.0
vehicle 493.0 52.0 507.0 59.0
vehicle 638.0 11.0 647.0 23.0
vehicle 705.0 49.0 713.0 62.0
vehicle 700.0 73.0 709.0 87.0
vehicle 787.0 313.0 796.0 329.0
vehicle 773.0 252.0 780.0 264.0
vehicle 758.0 393.0 770.0 399.0
vehicle 743.0 397.0 755.0 407.0
vehicle 732.0 403.0 741.0 411.0
vehicle 718.0 406.0 728.0 417.0
vehicle 703.0 411.0 715.0 420.0
vehicle 666.0 422.0 677.0 430.0
vehicle 608.0 441.0 623.0 449.0
vehicle 358.0 758.0 370.0 765.0
vehicle 412.0 742.0 422.0 749.0
vehicle 548.0 701.0 561.0 708.0
vehicle 541.0 728.0 547.0 738.0
vehicle 110.0 359.0 120.0 369.0
vehicle 145.0 372.0 153.0 385.0
vehicle 147.0 391.0 154.0 402.0
vehicle 139.0 455.0 147.0 470.0
vehicle 161.0 451.0 168.0 468.0
vehicle 191.0 450.0 197.0 463.0
vehicle 126.0 495.0 136.0 502.0
vehicle 126.0 503.0 139.0 509.0
vehicle 203.0 464.0 211.0 473.0
vehicle 195.0 464.0 203.0 474.0
vehicle 188.0 466.0 195.0 478.0
vehicle 150.0 469.0 162.0 480.0
vehicle 159.0 388.0 166.0 399.0
vehicle 167.0 385.0 174.0 399.0
vehicle 296.0 647.0 300.0 661.0
vehicle 264.0 632.0 269.0 645.0
vehicle 143.0 779.0 153.0 791.0
vehicle 135.0 756.0 144.0 768.0
vehicle 129.0 742.0 138.0 755.0
vehicle 241.0 725.0 246.0 736.0
