storagetank 127.0 341.0 150.0 367.0
storagetank 196.0 350.0 224.0 376.0
storagetank 267.0 361.0 297.0 392.0
storagetank 143.0 373.0 188.0 417.0
storagetank 229.0 378.0 256.0 404.0
storagetank 113.0 410.0 134.0 431.0
storagetank 136.0 438.0 180.0 482.0
storagetank 224.0 420.0 252.0 445.0
storagetank 282.0 409.0 299.0 424.0
storagetank 262.0 405.0 277.0 420.0
storagetank 265.0 432.0 283.0 449.0
storagetank 259.0 452.0 275.0 469.0
storagetank 258.0 485.0 282.0 508.0
storagetank 293.0 512.0 307.0 526.0
storagetank 316.0 604.0 336.0 621.0
storagetank 336.0 607.0 350.0 620.0
storagetank 322.0 622.0 338.0 636.0
storagetank 338.0 625.0 352.0 638.0
storagetank 246.0 523.0 268.0 544.0
storagetank 252.0 572.0 289.0 608.0
storagetank 238.0 608.0 254.0 624.0
storagetank 216.0 629.0 239.0 653.0
storagetank 208.0 586.0 225.0 602.0
storagetank 203.0 603.0 221.0 620.0
storagetank 226.0 588.0 242.0 605.0
storagetank 222.0 607.0 238.0 622.0
storagetank 128.0 606.0 165.0 643.0
storagetank 106.0 476.0 132.0 504.0
storagetank 119.0 519.0 153.0 553.0
storagetank 218.0 460.0 247.0 487.0
storagetank 227.0 501.0 243.0 517.0
storagetank 174.0 484.0 213.0 523.0
storagetank 207.0 543.0 244.0 580.0
storagetank 89.0 560.0 135.0 606.0
storagetank 164.0 535.0 195.0 566.0
storagetank 173.0 579.0 201.0 606.0
storagetank 467.0 714.0 480.0 726.0
ship 612.0 487.0 724.0 673.0
harbor 488.0 711.0 559.0 797.0
harbor 606.0 525.0 656.0 610.0
harbor 635.0 520.0 648.0 530.0
harbor 644.0 508.0 655.0 513.0
harbor 657.0 482.0 668.0 489.0
harbor 673.0 454.0 684.0 463.0
harbor 695.0 429.0 702.0 442.0
harbor 567.0 641.0 577.0 647.0
harbor 558.0 655.0 572.0 661.0
harbor 547.0 668.0 558.0 675.0
harbor 531.0 687.0 548.0 704.0
vehicle 513.0 423.0 522.0 428.0
vehicle 525.0 427.0 531.0 431.0
vehicle 518.0 430.0 523.0 434.0
vehicle 519.0 372.0 522.0 380.0
vehicle 505.0 371.0 508.0 379.0
vehicle 444.0 351.0 452.0 354.0
vehicle 515.0 375.0 517.0 379.0
vehicle 512.0 373.0 515.0 379.0
vehicle 419.0 348.0 427.0 350.0
vehicle 358.0 364.0 367.0 382.0
vehicle 349.0 408.0 356.0 445.0
vehicle 376.0 445.0 384.0 468.0
vehicle 385.0 453.0 391.0 464.0
vehicle 403.0 458.0 411.0 469.0
vehicle 414.0 473.0 420.0 476.0
vehicle 483.0 484.0 502.0 489.0
vehicle 444.0 479.0 471.0 487.0
vehicle 371.0 408.0 377.0 421.0
vehicle 389.0 410.0 395.0 423.0
vehicle 456.0 422.0 464.0 425.0
vehicle 457.0 415.0 463.0 419.0
vehicle 404.0 357.0 412.0 361.0
vehicle 419.0 359.0 427.0 363.0
vehicle 200.0 191.0 220.0 197.0
vehicle 247.0 186.0 254.0 207.0
vehicle 246.0 227.0 260.0 246.0
vehicle 238.0 231.0 246.0 252.0
vehicle 253.0 215.0 259.0 231.0
vehicle 143.0 158.0 158.0 164.0
vehicle 136.0 181.0 141.0 186.0
vehicle 129.0 303.0 148.0 309.0
vehicle 135.0 309.0 151.0 313.0
vehicle 127.0 68.0 131.0 74.0
vehicle 128.0 60.0 132.0 67.0
vehicle 120.0 80.0 125.0 87.0
vehicle 130.0 140.0 135.0 146.0
vehicle 376.0 118.0 382.0 139.0
vehicle 97.0 306.0 106.0 311.0
vehicle 82.0 368.0 88.0 383.0
vehicle 25.0 374.0 28.0 379.0
vehicle 23.0 373.0 25.0 379.0
vehicle 20.0 372.0 23.0 379.0
vehicle 16.0 373.0 19.0 379.0
vehicle 17.0 385.0 20.0 391.0
vehicle 14.0 385.0 17.0 390.0
vehicle 12.0 383.0 13.0 389.0
vehicle 12.0 397.0 15.0 403.0
vehicle 5.0 371.0 7.0 376.0
vehicle 6.0 383.0 8.0 389.0
vehicle 1.0 395.0 3.0 401.0
vehicle 96.0 291.0 101.0 296.0
vehicle 54.0 300.0 62.0 304.0
vehicle 73.0 306.0 78.0 310.0
vehicle 17.0 290.0 26.0 294.0
vehicle 37.0 290.0 43.0 293.0
vehicle 105.0 276.0 108.0 282.0
