tenniscourt 54.0 139.0 109.0 209.0
tenniscourt 517.0 330.0 548.0 396.0
vehicle 263.0 20.0 270.0 35.0
vehicle 262.0 37.0 268.0 49.0
vehicle 257.0 61.0 263.0 77.0
vehicle 116.0 532.0 124.0 548.0
vehicle 128.0 512.0 134.0 527.0
vehicle 142.0 522.0 148.0 536.0
vehicle 139.0 537.0 144.0 548.0
vehicle 139.0 554.0 145.0 567.0
vehicle 167.0 624.0 179.0 638.0
vehicle 182.0 518.0 190.0 533.0
vehicle 188.0 547.0 196.0 562.0
vehicle 276.0 508.0 294.0 519.0
vehicle 139.0 584.0 148.0 597.0
vehicle 154.0 588.0 166.0 602.0
vehicle 201.0 723.0 209.0 738.0
vehicle 203.0 742.0 211.0 753.0
vehicle 217.0 782.0 226.0 797.0
vehicle 21.0 488.0 30.0 500.0
vehicle 1.0 763.0 8.0 775.0
vehicle 9.0 751.0 19.0 765.0
vehicle 19.0 739.0 33.0 753.0
vehicle 33.0 730.0 42.0 742.0
