airplane 421.0 13.0 433.0 25.0
airplane 466.0 206.0 512.0 257.0
airplane 409.0 257.0 450.0 310.0
airplane 355.0 300.0 401.0 342.0
airplane 543.0 293.0 574.0 316.0
airplane 532.0 346.0 574.0 383.0
airplane 455.0 355.0 498.0 393.0
airplane 407.0 389.0 452.0 436.0
airplane 358.0 428.0 401.0 470.0
airplane 270.0 441.0 292.0 469.0
airplane 532.0 536.0 583.0 579.0
airplane 603.0 489.0 629.0 508.0
airplane 768.0 487.0 796.0 514.0
airplane 762.0 522.0 785.0 546.0
airplane 706.0 565.0 741.0 591.0
airplane 608.0 619.0 632.0 642.0
airplane 408.0 70.0 444.0 109.0
airplane 441.0 33.0 464.0 63.0
airplane 562.0 38.0 618.0 85.0
airplane 521.0 174.0 561.0 212.0
airplane 384.0 123.0 407.0 149.0
