baseballfield 184.0 301.0 327.0 440.0
baseballfield 398.0 299.0 539.0 438.0
baseballfield 226.0 511.0 329.0 612.0
baseballfield 396.0 510.0 502.0 613.0
vehicle 48.0 62.0 55.0 79.0
vehicle 81.0 62.0 88.0 74.0
vehicle 147.0 63.0 153.0 76.0
vehicle 172.0 60.0 179.0 77.0
vehicle 215.0 61.0 222.0 76.0
vehicle 306.0 57.0 314.0 76.0
vehicle 324.0 60.0 331.0 76.0
vehicle 357.0 60.0 364.0 77.0
vehicle 450.0 56.0 458.0 73.0
vehicle 500.0 57.0 507.0 69.0
vehicle 524.0 56.0 533.0 71.0
vehicle 541.0 55.0 550.0 71.0
vehicle 566.0 101.0 585.0 108.0
vehicle 626.0 100.0 645.0 107.0
vehicle 721.0 289.0 727.0 300.0
vehicle 701.0 351.0 716.0 358.0
vehicle 740.0 381.0 756.0 388.0
vehicle 743.0 408.0 759.0 416.0
vehicle 746.0 534.0 763.0 542.0
vehicle 745.0 587.0 762.0 593.0
vehicle 747.0 617.0 762.0 625.0
vehicle 406.0 769.0 415.0 785.0
vehicle 378.0 769.0 387.0 783.0
vehicle 294.0 771.0 303.0 788.0
vehicle 14.0 607.0 32.0 620.0
vehicle 10.0 624.0 26.0 636.0
vehicle 376.0 7.0 390.0 14.0
vehicle 750.0 51.0 757.0 69.0
vehicle 71.0 660.0 86.0 670.0
