baseballfield 267.0 245.0 302.0 269.0
baseballfield 631.0 545.0 661.0 570.0
baseballfield 690.0 609.0 720.0 631.0
groundtrackfield 227.0 124.0 305.0 224.0
baseballfield 417.0 776.0 449.0 799.0
harbor 1.0 614.0 14.0 626.0
harbor 20.0 599.0 37.0 613.0
harbor 49.0 584.0 63.0 594.0
harbor 210.0 576.0 226.0 583.0
harbor 211.0 588.0 227.0 593.0
harbor 212.0 598.0 229.0 604.0
harbor 210.0 608.0 230.0 614.0
harbor 210.0 622.0 236.0 627.0
harbor 214.0 628.0 241.0 636.0
harbor 145.0 689.0 162.0 698.0
harbor 42.0 780.0 61.0 785.0
harbor 30.0 790.0 56.0 797.0
harbor 64.0 738.0 80.0 747.0
harbor 95.0 715.0 107.0 724.0
harbor 81.0 725.0 91.0 736.0
harbor 85.0 718.0 99.0 728.0
harbor 109.0 712.0 123.0 719.0
harbor 120.0 705.0 134.0 714.0
harbor 130.0 700.0 145.0 708.0
