ship 26.0 129.0 46.0 180.0
ship 126.0 85.0 152.0 147.0
ship 149.0 103.0 158.0 118.0
ship 257.0 71.0 277.0 129.0
ship 245.0 247.0 279.0 293.0
ship 450.0 222.0 490.0 394.0
ship 709.0 707.0 793.0 729.0
ship 447.0 634.0 466.0 687.0
harbor 731.0 45.0 798.0 224.0
harbor 669.0 46.0 723.0 229.0
harbor 574.0 54.0 651.0 235.0
harbor 504.0 58.0 567.0 240.0
harbor 483.0 369.0 533.0 557.0
harbor 586.0 375.0 621.0 574.0
harbor 626.0 367.0 687.0 549.0
harbor 717.0 437.0 756.0 553.0
ship 482.0 373.0 518.0 504.0
ship 496.0 511.0 522.0 551.0
ship 600.0 550.0 611.0 570.0
ship 595.0 480.0 619.0 537.0
ship 592.0 381.0 619.0 472.0
ship 626.0 378.0 654.0 490.0
ship 659.0 376.0 687.0 495.0
ship 506.0 229.0 538.0 240.0
ship 505.0 59.0 540.0 211.0
ship 547.0 63.0 563.0 113.0
ship 549.0 169.0 566.0 235.0
ship 594.0 170.0 617.0 231.0
ship 598.0 55.0 612.0 90.0
ship 620.0 56.0 640.0 108.0
ship 624.0 116.0 641.0 164.0
ship 625.0 173.0 643.0 219.0
ship 661.0 199.0 674.0 228.0
ship 669.0 104.0 691.0 152.0
ship 668.0 51.0 685.0 98.0
ship 735.0 188.0 746.0 210.0
ship 759.0 182.0 773.0 219.0
ship 753.0 98.0 766.0 133.0
ship 745.0 44.0 764.0 93.0
ship 777.0 136.0 794.0 174.0
ship 774.0 100.0 787.0 133.0
ship 770.0 48.0 782.0 73.0
ship 772.0 73.0 783.0 89.0
ship 697.0 63.0 715.0 123.0
ship 723.0 476.0 747.0 543.0
ship 747.0 515.0 755.0 546.0
