harbor 83.0 13.0 269.0 356.0
harbor 1.0 344.0 170.0 607.0
harbor 3.0 654.0 209.0 789.0
ship 170.0 38.0 200.0 122.0
ship 197.0 41.0 228.0 138.0
ship 223.0 46.0 248.0 106.0
ship 117.0 15.0 163.0 37.0
ship 180.0 156.0 197.0 213.0
ship 199.0 151.0 216.0 208.0
ship 214.0 150.0 236.0 204.0
ship 182.0 223.0 214.0 313.0
ship 213.0 225.0 237.0 304.0
ship 237.0 220.0 268.0 321.0
ship 93.0 319.0 186.0 352.0
ship 83.0 375.0 127.0 398.0
ship 83.0 406.0 156.0 443.0
ship 71.0 480.0 147.0 506.0
ship 62.0 510.0 148.0 543.0
ship 72.0 657.0 159.0 685.0
ship 172.0 683.0 206.0 790.0
ship 125.0 708.0 154.0 791.0
ship 95.0 712.0 120.0 792.0
ship 64.0 706.0 89.0 786.0
ship 39.0 703.0 64.0 783.0
