vehicle 561.0 461.0 567.0 473.0
vehicle 561.0 478.0 567.0 490.0
vehicle 561.0 493.0 567.0 503.0
vehicle 634.0 423.0 645.0 442.0
vehicle 647.0 426.0 653.0 433.0
vehicle 656.0 426.0 661.0 432.0
vehicle 617.0 425.0 631.0 441.0
vehicle 602.0 417.0 613.0 423.0
vehicle 602.0 408.0 609.0 412.0
vehicle 598.0 402.0 605.0 406.0
vehicle 598.0 396.0 610.0 399.0
vehicle 597.0 389.0 604.0 393.0
vehicle 595.0 382.0 605.0 385.0
vehicle 594.0 374.0 604.0 378.0
vehicle 618.0 356.0 623.0 365.0
vehicle 641.0 354.0 647.0 364.0
vehicle 658.0 351.0 666.0 359.0
vehicle 679.0 379.0 689.0 412.0
vehicle 699.0 463.0 710.0 469.0
vehicle 698.0 471.0 708.0 479.0
vehicle 703.0 490.0 713.0 500.0
vehicle 701.0 503.0 714.0 511.0
vehicle 703.0 512.0 713.0 519.0
vehicle 696.0 522.0 708.0 530.0
vehicle 704.0 527.0 715.0 535.0
vehicle 704.0 535.0 715.0 542.0
vehicle 705.0 543.0 717.0 552.0
vehicle 688.0 559.0 693.0 567.0
vehicle 681.0 560.0 686.0 567.0
vehicle 662.0 561.0 667.0 569.0
vehicle 643.0 560.0 648.0 567.0
vehicle 614.0 584.0 622.0 598.0
vehicle 629.0 585.0 636.0 595.0
vehicle 651.0 585.0 657.0 595.0
vehicle 665.0 584.0 671.0 593.0
vehicle 679.0 583.0 684.0 591.0
vehicle 686.0 581.0 693.0 593.0
vehicle 632.0 571.0 645.0 576.0
vehicle 374.0 724.0 384.0 728.0
vehicle 370.0 734.0 384.0 739.0
vehicle 341.0 172.0 349.0 182.0
vehicle 500.0 38.0 513.0 43.0
vehicle 277.0 130.0 288.0 138.0
vehicle 361.0 143.0 372.0 152.0
tenniscourt 135.0 104.0 191.0 158.0
vehicle 301.0 298.0 310.0 306.0
vehicle 142.0 334.0 153.0 342.0
vehicle 269.0 286.0 277.0 291.0
vehicle 21.0 394.0 33.0 402.0
vehicle 167.0 559.0 173.0 569.0
vehicle 99.0 612.0 112.0 618.0
vehicle 142.0 600.0 153.0 607.0
vehicle 3.0 615.0 10.0 627.0
vehicle 293.0 512.0 302.0 522.0
vehicle 363.0 579.0 373.0 583.0
vehicle 234.0 570.0 246.0 576.0
vehicle 216.0 715.0 230.0 720.0
vehicle 215.0 729.0 230.0 734.0
vehicle 216.0 734.0 229.0 739.0
vehicle 163.0 779.0 169.0 787.0
vehicle 67.0 777.0 80.0 782.0
vehicle 757.0 632.0 762.0 643.0
vehicle 773.0 734.0 780.0 744.0
vehicle 782.0 738.0 789.0 747.0
vehicle 749.0 547.0 755.0 556.0
vehicle 732.0 268.0 738.0 278.0
trainstation 509.0 206.0 581.0 455.0
