airplane 234.0 83.0 399.0 163.0
airplane 378.0 111.0 527.0 219.0
airplane 519.0 425.0 602.0 473.0
airplane 449.0 482.0 503.0 540.0
airplane 594.0 480.0 629.0 514.0
airplane 465.0 538.0 554.0 588.0
airplane 363.0 518.0 437.0 585.0
airplane 387.0 597.0 425.0 631.0
airplane 427.0 573.0 465.0 600.0
airplane 310.0 588.0 346.0 615.0
airplane 236.0 602.0 296.0 634.0
airplane 241.0 651.0 296.0 684.0
airplane 335.0 634.0 387.0 676.0
airplane 292.0 661.0 339.0 700.0
airplane 135.0 676.0 210.0 736.0
vehicle 703.0 129.0 714.0 142.0
vehicle 724.0 100.0 736.0 112.0
vehicle 701.0 95.0 712.0 105.0
vehicle 744.0 109.0 758.0 121.0
vehicle 729.0 143.0 747.0 149.0
vehicle 435.0 288.0 452.0 298.0
vehicle 388.0 270.0 404.0 278.0
vehicle 253.0 172.0 259.0 187.0
vehicle 268.0 246.0 277.0 262.0
vehicle 99.0 241.0 107.0 253.0
vehicle 91.0 245.0 99.0 257.0
vehicle 83.0 250.0 91.0 263.0
vehicle 75.0 255.0 83.0 268.0
vehicle 25.0 327.0 40.0 339.0
vehicle 35.0 336.0 56.0 349.0
vehicle 52.0 420.0 66.0 430.0
vehicle 205.0 216.0 211.0 230.0
vehicle 233.0 166.0 239.0 178.0
vehicle 241.0 171.0 249.0 182.0
vehicle 240.0 200.0 259.0 207.0
vehicle 287.0 193.0 297.0 207.0
vehicle 240.0 212.0 255.0 219.0
vehicle 252.0 206.0 265.0 212.0
vehicle 221.0 224.0 231.0 243.0
vehicle 231.0 230.0 240.0 243.0
vehicle 239.0 236.0 249.0 249.0
vehicle 250.0 241.0 258.0 254.0
vehicle 214.0 221.0 220.0 236.0
vehicle 246.0 219.0 260.0 224.0
vehicle 230.0 207.0 248.0 214.0
vehicle 257.0 224.0 273.0 229.0
vehicle 267.0 215.0 281.0 221.0
vehicle 276.0 221.0 294.0 227.0
vehicle 286.0 225.0 303.0 231.0
vehicle 303.0 234.0 320.0 240.0
vehicle 293.0 240.0 312.0 249.0
vehicle 340.0 258.0 354.0 264.0
vehicle 24.0 8.0 39.0 15.0
vehicle 76.0 24.0 90.0 32.0
