airplane 220.0 273.0 265.0 319.0
airplane 271.0 278.0 301.0 312.0
airplane 303.0 274.0 334.0 309.0
airplane 337.0 272.0 374.0 307.0
airplane 418.0 271.0 447.0 306.0
airplane 244.0 541.0 261.0 558.0
airplane 295.0 538.0 317.0 561.0
airplane 322.0 540.0 347.0 558.0
airplane 348.0 537.0 373.0 557.0
airplane 365.0 507.0 385.0 523.0
airplane 492.0 488.0 523.0 521.0
airplane 318.0 645.0 343.0 668.0
airplane 468.0 617.0 513.0 664.0
airplane 549.0 226.0 572.0 246.0
airplane 583.0 253.0 600.0 272.0
airplane 561.0 306.0 585.0 326.0
airplane 586.0 307.0 607.0 325.0
airplane 628.0 375.0 687.0 429.0
airplane 613.0 447.0 682.0 512.0
airplane 740.0 374.0 791.0 417.0
airplane 725.0 423.0 796.0 487.0
vehicle 95.0 370.0 107.0 378.0
vehicle 729.0 359.0 747.0 367.0
vehicle 760.0 330.0 782.0 337.0
vehicle 760.0 343.0 783.0 351.0
vehicle 774.0 358.0 786.0 364.0
