airplane 91.0 269.0 140.0 308.0
airplane 331.0 413.0 377.0 459.0
airplane 207.0 464.0 254.0 502.0
airplane 374.0 423.0 428.0 463.0
airplane 521.0 464.0 565.0 518.0
airplane 459.0 540.0 500.0 584.0
airplane 591.0 598.0 642.0 632.0
airplane 573.0 483.0 618.0 528.0
airplane 627.0 493.0 669.0 530.0
airplane 599.0 648.0 639.0 685.0
airplane 628.0 685.0 676.0 719.0
airplane 47.0 459.0 96.0 493.0
airplane 656.0 724.0 699.0 765.0
airplane 634.0 527.0 695.0 571.0
vehicle 695.0 527.0 710.0 540.0
vehicle 511.0 480.0 517.0 493.0
vehicle 171.0 499.0 188.0 508.0
