ship 636.0 651.0 647.0 672.0
ship 662.0 578.0 679.0 641.0
ship 617.0 265.0 631.0 283.0
ship 694.0 240.0 700.0 267.0
ship 633.0 432.0 645.0 474.0
ship 641.0 436.0 651.0 474.0
ship 647.0 436.0 657.0 479.0
ship 685.0 413.0 694.0 461.0
ship 755.0 398.0 766.0 440.0
ship 665.0 121.0 676.0 145.0
ship 675.0 173.0 686.0 202.0
ship 701.0 182.0 709.0 209.0
ship 719.0 181.0 727.0 216.0
ship 733.0 192.0 747.0 221.0
ship 701.0 16.0 714.0 59.0
ship 725.0 57.0 743.0 104.0
ship 756.0 57.0 765.0 91.0
ship 689.0 37.0 695.0 59.0
ship 694.0 34.0 703.0 58.0
