ship 118.0 191.0 603.0 364.0
vehicle 741.0 91.0 751.0 98.0
vehicle 664.0 450.0 676.0 456.0
vehicle 641.0 441.0 653.0 448.0
vehicle 642.0 435.0 653.0 442.0
vehicle 644.0 424.0 656.0 431.0
vehicle 647.0 414.0 658.0 420.0
vehicle 647.0 409.0 657.0 414.0
vehicle 653.0 395.0 666.0 403.0
vehicle 652.0 389.0 665.0 395.0
vehicle 698.0 731.0 706.0 747.0
vehicle 709.0 738.0 714.0 748.0
vehicle 776.0 748.0 780.0 764.0
vehicle 751.0 776.0 758.0 789.0
vehicle 767.0 775.0 774.0 792.0
vehicle 665.0 787.0 676.0 796.0
