tenniscourt 511.0 624.0 541.0 688.0
tenniscourt 547.0 602.0 578.0 664.0
tenniscourt 597.0 567.0 624.0 632.0
tenniscourt 631.0 551.0 661.0 609.0
vehicle 24.0 61.0 35.0 68.0
vehicle 73.0 32.0 85.0 43.0
vehicle 101.0 14.0 115.0 20.0
vehicle 581.0 62.0 594.0 76.0
vehicle 610.0 81.0 621.0 92.0
vehicle 639.0 85.0 652.0 100.0
vehicle 288.0 688.0 297.0 701.0
vehicle 413.0 693.0 421.0 704.0
vehicle 399.0 717.0 412.0 727.0
vehicle 417.0 691.0 426.0 700.0
vehicle 440.0 677.0 449.0 689.0
vehicle 446.0 674.0 454.0 684.0
vehicle 444.0 706.0 454.0 717.0
vehicle 627.0 743.0 637.0 755.0
vehicle 655.0 641.0 669.0 650.0
vehicle 653.0 681.0 665.0 695.0
vehicle 661.0 679.0 667.0 693.0
vehicle 665.0 676.0 675.0 689.0
vehicle 671.0 671.0 681.0 681.0
vehicle 681.0 665.0 693.0 676.0
vehicle 656.0 761.0 670.0 772.0
vehicle 708.0 217.0 715.0 227.0
airplane 316.0 623.0 372.0 693.0
