airplane 20.0 359.0 146.0 495.0
airplane 168.0 444.0 233.0 499.0
airplane 261.0 411.0 354.0 487.0
airplane 255.0 471.0 319.0 520.0
airplane 388.0 433.0 457.0 485.0
airplane 452.0 461.0 519.0 519.0
airplane 536.0 467.0 596.0 518.0
airplane 616.0 460.0 684.0 522.0
airplane 730.0 493.0 797.0 554.0
airplane 679.0 250.0 744.0 329.0
airplane 680.0 196.0 725.0 253.0
airplane 401.0 94.0 555.0 258.0
airplane 317.0 171.0 372.0 213.0
airplane 159.0 204.0 201.0 240.0
airplane 562.0 5.0 606.0 50.0
airplane 592.0 1.0 656.0 62.0
vehicle 714.0 123.0 743.0 135.0
vehicle 717.0 106.0 743.0 118.0
