tenniscourt 234.0 33.0 311.0 123.0
tenniscourt 301.0 68.0 380.0 162.0
tenniscourt 480.0 225.0 561.0 316.0
vehicle 104.0 241.0 115.0 255.0
vehicle 130.0 346.0 144.0 359.0
vehicle 107.0 368.0 128.0 382.0
vehicle 101.0 375.0 121.0 391.0
vehicle 210.0 399.0 227.0 415.0
vehicle 292.0 358.0 310.0 367.0
vehicle 291.0 368.0 306.0 375.0
vehicle 282.0 377.0 301.0 385.0
vehicle 324.0 455.0 339.0 466.0
vehicle 322.0 389.0 330.0 404.0
vehicle 278.0 495.0 294.0 507.0
vehicle 273.0 504.0 291.0 516.0
vehicle 344.0 545.0 360.0 559.0
vehicle 372.0 489.0 388.0 502.0
vehicle 385.0 498.0 403.0 512.0
vehicle 441.0 475.0 459.0 492.0
vehicle 450.0 490.0 468.0 504.0
vehicle 512.0 521.0 527.0 528.0
vehicle 370.0 548.0 387.0 560.0
vehicle 464.0 598.0 482.0 612.0
vehicle 460.0 609.0 478.0 622.0
vehicle 474.0 626.0 487.0 642.0
vehicle 484.0 610.0 495.0 624.0
vehicle 513.0 653.0 524.0 667.0
vehicle 647.0 732.0 660.0 748.0
vehicle 727.0 710.0 741.0 718.0
vehicle 768.0 701.0 787.0 709.0
vehicle 6.0 733.0 19.0 746.0
vehicle 30.0 756.0 49.0 770.0
vehicle 53.0 766.0 64.0 781.0
vehicle 78.0 762.0 87.0 775.0
vehicle 102.0 779.0 118.0 789.0
vehicle 575.0 80.0 586.0 91.0
vehicle 738.0 112.0 749.0 126.0
vehicle 198.0 452.0 215.0 465.0
