ship 135.0 23.0 283.0 182.0
ship 112.0 303.0 132.0 326.0
ship 112.0 294.0 154.0 348.0
ship 146.0 298.0 189.0 340.0
ship 127.0 380.0 215.0 464.0
ship 59.0 312.0 83.0 332.0
ship 64.0 305.0 88.0 324.0
ship 72.0 298.0 92.0 318.0
ship 103.0 477.0 129.0 525.0
ship 100.0 491.0 117.0 532.0
ship 125.0 504.0 140.0 523.0
ship 107.0 520.0 148.0 565.0
ship 94.0 593.0 127.0 750.0
ship 284.0 195.0 396.0 316.0
storagetank 603.0 434.0 632.0 467.0
storagetank 712.0 435.0 742.0 462.0
storagetank 681.0 502.0 711.0 525.0
storagetank 755.0 496.0 780.0 520.0
storagetank 510.0 567.0 537.0 599.0
storagetank 403.0 540.0 433.0 570.0
