airplane 737.0 91.0 796.0 149.0
airplane 607.0 126.0 661.0 185.0
airplane 506.0 147.0 560.0 211.0
airplane 422.0 163.0 483.0 226.0
airplane 474.0 341.0 545.0 397.0
airplane 214.0 245.0 274.0 307.0
airplane 158.0 292.0 212.0 354.0
airplane 72.0 294.0 128.0 351.0
airplane 3.0 316.0 61.0 380.0
airplane 296.0 634.0 391.0 736.0
airplane 159.0 672.0 253.0 776.0
storagetank 734.0 645.0 758.0 670.0
storagetank 775.0 634.0 797.0 658.0
storagetank 782.0 664.0 800.0 686.0
storagetank 789.0 694.0 800.0 715.0
storagetank 742.0 675.0 765.0 696.0
storagetank 747.0 703.0 768.0 725.0
vehicle 738.0 546.0 747.0 566.0
