harbor 19.0 316.0 87.0 544.0
harbor 215.0 115.0 700.0 368.0
harbor 162.0 190.0 787.0 540.0
harbor 132.0 322.0 712.0 650.0
harbor 88.0 446.0 663.0 781.0
ship 607.0 739.0 632.0 781.0
ship 628.0 700.0 664.0 739.0
ship 598.0 736.0 613.0 767.0
ship 576.0 728.0 592.0 755.0
ship 558.0 718.0 578.0 755.0
ship 537.0 709.0 559.0 744.0
ship 523.0 702.0 542.0 735.0
ship 504.0 691.0 523.0 722.0
ship 545.0 661.0 564.0 690.0
ship 560.0 665.0 579.0 697.0
ship 596.0 683.0 615.0 714.0
ship 616.0 695.0 634.0 724.0
ship 511.0 645.0 527.0 677.0
ship 488.0 634.0 509.0 662.0
ship 468.0 680.0 483.0 710.0
ship 453.0 670.0 470.0 703.0
ship 429.0 661.0 454.0 704.0
ship 418.0 652.0 436.0 683.0
ship 396.0 643.0 417.0 679.0
ship 379.0 634.0 402.0 670.0
ship 360.0 629.0 379.0 663.0
ship 457.0 614.0 474.0 645.0
ship 477.0 623.0 493.0 657.0
ship 439.0 607.0 457.0 644.0
ship 417.0 597.0 438.0 632.0
ship 403.0 590.0 423.0 622.0
ship 381.0 584.0 400.0 616.0
ship 326.0 612.0 348.0 645.0
ship 365.0 571.0 389.0 609.0
ship 347.0 566.0 364.0 601.0
ship 332.0 560.0 352.0 591.0
ship 315.0 547.0 330.0 581.0
ship 297.0 541.0 315.0 575.0
ship 277.0 532.0 295.0 566.0
ship 273.0 583.0 295.0 621.0
ship 257.0 576.0 273.0 611.0
ship 239.0 569.0 257.0 607.0
ship 218.0 560.0 241.0 598.0
ship 202.0 552.0 225.0 590.0
ship 183.0 543.0 202.0 581.0
ship 164.0 543.0 185.0 573.0
ship 151.0 525.0 166.0 562.0
ship 131.0 519.0 154.0 555.0
ship 116.0 512.0 131.0 541.0
ship 97.0 501.0 117.0 538.0
ship 37.0 477.0 63.0 545.0
ship 27.0 431.0 47.0 475.0
ship 9.0 380.0 29.0 422.0
ship 42.0 335.0 87.0 408.0
ship 88.0 341.0 122.0 361.0
ship 100.0 357.0 132.0 412.0
ship 73.0 410.0 104.0 464.0
ship 264.0 528.0 278.0 559.0
ship 240.0 515.0 257.0 550.0
ship 225.0 503.0 244.0 544.0
ship 188.0 490.0 211.0 527.0
ship 170.0 481.0 187.0 517.0
ship 154.0 475.0 172.0 510.0
ship 133.0 469.0 150.0 500.0
ship 118.0 461.0 135.0 496.0
ship 97.0 448.0 120.0 483.0
ship 124.0 304.0 142.0 335.0
ship 157.0 324.0 175.0 355.0
ship 132.0 372.0 154.0 407.0
ship 176.0 335.0 196.0 369.0
ship 192.0 343.0 210.0 374.0
ship 158.0 380.0 174.0 413.0
ship 172.0 388.0 191.0 423.0
ship 192.0 394.0 211.0 428.0
ship 208.0 401.0 224.0 435.0
ship 226.0 414.0 247.0 444.0
ship 261.0 428.0 279.0 464.0
ship 275.0 435.0 297.0 470.0
ship 298.0 443.0 318.0 477.0
ship 315.0 451.0 332.0 485.0
ship 348.0 469.0 369.0 506.0
ship 368.0 476.0 389.0 510.0
ship 382.0 481.0 406.0 518.0
ship 419.0 503.0 438.0 533.0
ship 455.0 519.0 470.0 551.0
ship 469.0 527.0 494.0 563.0
ship 525.0 548.0 547.0 587.0
ship 546.0 558.0 565.0 593.0
ship 560.0 566.0 582.0 600.0
ship 579.0 576.0 601.0 613.0
ship 632.0 601.0 648.0 631.0
ship 648.0 607.0 673.0 645.0
ship 686.0 575.0 711.0 611.0
ship 672.0 566.0 694.0 597.0
ship 653.0 556.0 672.0 590.0
ship 639.0 548.0 656.0 582.0
ship 618.0 543.0 634.0 571.0
ship 605.0 531.0 622.0 568.0
ship 583.0 524.0 600.0 558.0
ship 567.0 516.0 585.0 549.0
ship 531.0 501.0 549.0 534.0
ship 494.0 483.0 516.0 519.0
ship 477.0 471.0 497.0 504.0
ship 463.0 466.0 478.0 500.0
ship 422.0 449.0 447.0 485.0
ship 406.0 441.0 424.0 475.0
ship 392.0 432.0 407.0 464.0
ship 357.0 416.0 386.0 454.0
ship 333.0 406.0 354.0 443.0
ship 297.0 387.0 320.0 428.0
ship 285.0 387.0 304.0 419.0
ship 263.0 375.0 283.0 407.0
ship 247.0 367.0 266.0 400.0
ship 227.0 356.0 247.0 392.0
ship 207.0 348.0 231.0 388.0
ship 749.0 502.0 767.0 537.0
ship 768.0 466.0 783.0 496.0
ship 751.0 459.0 770.0 487.0
ship 735.0 453.0 751.0 478.0
ship 723.0 444.0 740.0 474.0
ship 718.0 494.0 732.0 528.0
ship 685.0 476.0 703.0 507.0
ship 704.0 487.0 720.0 513.0
ship 656.0 466.0 665.0 497.0
ship 674.0 472.0 688.0 500.0
ship 641.0 454.0 657.0 485.0
ship 706.0 437.0 721.0 466.0
ship 688.0 430.0 707.0 462.0
ship 672.0 422.0 691.0 453.0
ship 659.0 417.0 675.0 446.0
ship 612.0 443.0 623.0 473.0
ship 592.0 435.0 607.0 463.0
ship 578.0 433.0 594.0 459.0
ship 545.0 417.0 563.0 446.0
ship 175.0 249.0 189.0 269.0
ship 161.0 174.0 176.0 203.0
ship 175.0 190.0 195.0 218.0
ship 195.0 199.0 211.0 228.0
ship 206.0 207.0 227.0 235.0
ship 206.0 252.0 223.0 281.0
ship 220.0 261.0 236.0 291.0
ship 239.0 220.0 256.0 245.0
ship 252.0 227.0 275.0 259.0
ship 269.0 235.0 286.0 261.0
ship 250.0 274.0 270.0 307.0
ship 282.0 285.0 302.0 315.0
ship 300.0 297.0 318.0 327.0
ship 327.0 310.0 348.0 345.0
ship 374.0 333.0 391.0 362.0
ship 391.0 343.0 408.0 369.0
ship 404.0 350.0 423.0 379.0
ship 423.0 355.0 441.0 382.0
ship 436.0 365.0 451.0 392.0
ship 453.0 369.0 472.0 398.0
ship 469.0 377.0 483.0 404.0
ship 484.0 388.0 504.0 413.0
ship 500.0 391.0 516.0 418.0
ship 515.0 398.0 534.0 427.0
ship 285.0 245.0 302.0 273.0
ship 301.0 248.0 319.0 278.0
ship 318.0 260.0 333.0 287.0
ship 364.0 280.0 378.0 307.0
ship 395.0 292.0 409.0 323.0
ship 409.0 304.0 427.0 329.0
ship 426.0 310.0 437.0 335.0
ship 443.0 317.0 459.0 345.0
ship 455.0 321.0 474.0 350.0
ship 472.0 331.0 491.0 360.0
ship 516.0 353.0 534.0 383.0
ship 489.0 336.0 504.0 365.0
ship 537.0 356.0 553.0 386.0
ship 565.0 377.0 581.0 403.0
ship 595.0 388.0 613.0 417.0
ship 610.0 392.0 628.0 424.0
ship 632.0 406.0 643.0 428.0
ship 237.0 138.0 254.0 166.0
ship 260.0 125.0 290.0 139.0
ship 307.0 119.0 321.0 148.0
ship 286.0 160.0 302.0 191.0
ship 298.0 167.0 317.0 198.0
ship 318.0 124.0 341.0 160.0
ship 337.0 135.0 352.0 165.0
ship 317.0 178.0 332.0 204.0
ship 330.0 186.0 347.0 212.0
ship 346.0 189.0 364.0 222.0
ship 362.0 197.0 379.0 228.0
ship 349.0 145.0 366.0 175.0
ship 373.0 153.0 383.0 174.0
ship 396.0 161.0 416.0 193.0
ship 410.0 169.0 431.0 202.0
ship 394.0 212.0 411.0 239.0
ship 410.0 220.0 427.0 249.0
ship 423.0 225.0 445.0 254.0
ship 441.0 239.0 456.0 264.0
ship 428.0 181.0 445.0 210.0
ship 442.0 187.0 460.0 216.0
ship 461.0 194.0 475.0 220.0
ship 475.0 194.0 497.0 231.0
ship 468.0 249.0 490.0 277.0
ship 487.0 257.0 501.0 282.0
ship 506.0 216.0 521.0 246.0
ship 521.0 222.0 541.0 253.0
ship 537.0 231.0 552.0 256.0
ship 518.0 270.0 534.0 299.0
ship 554.0 233.0 570.0 269.0
ship 567.0 241.0 589.0 273.0
ship 548.0 283.0 565.0 317.0
ship 578.0 297.0 595.0 328.0
ship 594.0 308.0 613.0 338.0
ship 611.0 315.0 625.0 338.0
ship 641.0 327.0 658.0 354.0
ship 598.0 253.0 620.0 287.0
ship 611.0 268.0 635.0 296.0
ship 628.0 269.0 650.0 308.0
ship 644.0 285.0 662.0 313.0
ship 660.0 290.0 676.0 319.0
ship 676.0 296.0 695.0 325.0
ship 32.0 332.0 48.0 353.0
ship 672.0 613.0 702.0 645.0
