tenniscourt 10.0 95.0 76.0 149.0
tenniscourt 420.0 436.0 480.0 503.0
tenniscourt 747.0 239.0 786.0 302.0
vehicle 148.0 96.0 155.0 106.0
vehicle 202.0 30.0 211.0 42.0
vehicle 220.0 30.0 231.0 35.0
vehicle 391.0 52.0 399.0 62.0
vehicle 703.0 18.0 712.0 28.0
vehicle 733.0 59.0 743.0 64.0
vehicle 732.0 64.0 743.0 71.0
vehicle 727.0 70.0 742.0 76.0
vehicle 727.0 77.0 741.0 82.0
vehicle 627.0 57.0 638.0 68.0
vehicle 629.0 80.0 641.0 88.0
vehicle 576.0 107.0 586.0 118.0
vehicle 523.0 171.0 536.0 181.0
vehicle 490.0 172.0 500.0 179.0
vehicle 519.0 215.0 530.0 225.0
vehicle 632.0 112.0 641.0 121.0
vehicle 607.0 402.0 614.0 413.0
vehicle 546.0 380.0 556.0 392.0
vehicle 636.0 274.0 646.0 282.0
vehicle 636.0 283.0 647.0 293.0
vehicle 738.0 594.0 748.0 600.0
vehicle 713.0 598.0 724.0 607.0
vehicle 696.0 600.0 709.0 607.0
vehicle 684.0 602.0 698.0 610.0
vehicle 579.0 551.0 589.0 566.0
vehicle 584.0 569.0 591.0 580.0
vehicle 586.0 581.0 594.0 594.0
vehicle 594.0 647.0 609.0 655.0
vehicle 597.0 657.0 610.0 666.0
vehicle 615.0 710.0 628.0 718.0
