harbor 13.0 29.0 300.0 112.0
harbor 179.0 350.0 280.0 726.0
harbor 27.0 345.0 74.0 794.0
harbor 13.0 163.0 215.0 247.0
ship 50.0 164.0 105.0 178.0
ship 181.0 194.0 197.0 240.0
ship 209.0 80.0 219.0 112.0
ship 38.0 359.0 73.0 371.0
ship 227.0 356.0 268.0 369.0
ship 34.0 376.0 73.0 387.0
ship 38.0 394.0 68.0 405.0
ship 40.0 417.0 63.0 424.0
ship 37.0 431.0 64.0 440.0
ship 38.0 448.0 70.0 461.0
ship 38.0 521.0 72.0 530.0
ship 42.0 593.0 72.0 603.0
ship 184.0 493.0 219.0 507.0
ship 228.0 513.0 276.0 525.0
ship 180.0 435.0 218.0 448.0
ship 225.0 435.0 281.0 448.0
ship 226.0 413.0 271.0 427.0
ship 225.0 395.0 271.0 408.0
ship 225.0 376.0 272.0 388.0
ship 230.0 530.0 276.0 543.0
ship 44.0 645.0 71.0 652.0
ship 42.0 662.0 73.0 674.0
ship 42.0 699.0 72.0 710.0
ship 42.0 714.0 74.0 726.0
ship 41.0 734.0 70.0 744.0
ship 43.0 750.0 73.0 761.0
ship 42.0 769.0 73.0 779.0
ship 46.0 785.0 75.0 792.0
ship 208.0 706.0 250.0 722.0
ship 233.0 685.0 275.0 699.0
ship 233.0 668.0 274.0 680.0
ship 235.0 648.0 277.0 661.0
ship 181.0 630.0 223.0 641.0
ship 183.0 608.0 223.0 624.0
ship 232.0 607.0 277.0 622.0
ship 187.0 573.0 223.0 583.0
ship 231.0 573.0 264.0 582.0
ship 35.0 35.0 49.0 69.0
ship 50.0 33.0 63.0 71.0
ship 80.0 34.0 93.0 67.0
ship 99.0 38.0 109.0 68.0
ship 111.0 34.0 126.0 69.0
ship 143.0 29.0 158.0 68.0
ship 162.0 26.0 174.0 66.0
ship 175.0 28.0 189.0 68.0
ship 193.0 29.0 206.0 67.0
ship 210.0 34.0 221.0 65.0
ship 254.0 35.0 266.0 66.0
ship 270.0 29.0 282.0 61.0
ship 290.0 29.0 300.0 55.0
ship 163.0 78.0 173.0 102.0
ship 239.0 80.0 250.0 106.0
ship 256.0 78.0 267.0 107.0
ship 272.0 76.0 282.0 110.0
ship 291.0 84.0 303.0 110.0
