airplane 323.0 35.0 346.0 52.0
airplane 355.0 35.0 375.0 51.0
airplane 386.0 32.0 406.0 48.0
airplane 413.0 34.0 438.0 52.0
airplane 445.0 34.0 465.0 51.0
airplane 486.0 32.0 521.0 55.0
airplane 710.0 219.0 774.0 287.0
airplane 675.0 378.0 742.0 446.0
airplane 98.0 504.0 181.0 565.0
airplane 97.0 545.0 168.0 617.0
airplane 70.0 552.0 112.0 593.0
vehicle 279.0 84.0 286.0 96.0
vehicle 293.0 80.0 299.0 95.0
vehicle 306.0 79.0 315.0 101.0
vehicle 320.0 80.0 327.0 100.0
vehicle 335.0 81.0 342.0 100.0
vehicle 349.0 80.0 358.0 102.0
vehicle 246.0 237.0 270.0 262.0
vehicle 263.0 255.0 287.0 280.0
vehicle 283.0 276.0 307.0 301.0
vehicle 296.0 290.0 324.0 318.0
vehicle 251.0 309.0 268.0 328.0
vehicle 265.0 326.0 286.0 343.0
vehicle 284.0 343.0 305.0 362.0
