harbor 5.0 218.0 549.0 344.0
harbor 33.0 52.0 88.0 131.0
harbor 64.0 351.0 294.0 492.0
harbor 114.0 496.0 659.0 630.0
ship 47.0 247.0 63.0 299.0
ship 71.0 250.0 87.0 302.0
ship 201.0 242.0 221.0 289.0
ship 105.0 218.0 140.0 232.0
ship 335.0 231.0 359.0 292.0
ship 396.0 269.0 421.0 343.0
ship 438.0 273.0 463.0 347.0
ship 486.0 267.0 530.0 337.0
ship 404.0 223.0 510.0 252.0
ship 126.0 438.0 148.0 492.0
ship 169.0 437.0 188.0 484.0
ship 217.0 440.0 236.0 487.0
ship 212.0 353.0 233.0 414.0
ship 256.0 370.0 284.0 480.0
ship 291.0 550.0 311.0 605.0
ship 327.0 522.0 353.0 600.0
ship 312.0 571.0 332.0 597.0
ship 360.0 529.0 388.0 600.0
ship 391.0 523.0 416.0 600.0
ship 422.0 533.0 445.0 597.0
ship 463.0 526.0 483.0 594.0
ship 538.0 521.0 562.0 591.0
ship 569.0 506.0 598.0 585.0
ship 606.0 496.0 641.0 588.0
