airplane 87.0 594.0 155.0 662.0
airplane 375.0 502.0 416.0 547.0
airplane 569.0 412.0 607.0 450.0
airplane 172.0 87.0 221.0 126.0
airplane 416.0 651.0 461.0 689.0
airplane 559.0 718.0 623.0 768.0
vehicle 771.0 551.0 790.0 559.0
vehicle 570.0 76.0 579.0 87.0
vehicle 538.0 75.0 548.0 86.0
vehicle 382.0 97.0 392.0 110.0
vehicle 570.0 126.0 580.0 139.0
vehicle 547.0 85.0 555.0 97.0
vehicle 550.0 99.0 567.0 118.0
vehicle 566.0 1.0 580.0 16.0
vehicle 591.0 14.0 603.0 23.0
vehicle 580.0 20.0 590.0 29.0
vehicle 565.0 28.0 576.0 37.0
vehicle 547.0 38.0 559.0 45.0
vehicle 238.0 95.0 248.0 107.0
vehicle 590.0 114.0 600.0 125.0
vehicle 590.0 45.0 602.0 59.0
vehicle 617.0 71.0 627.0 86.0
vehicle 615.0 81.0 627.0 94.0
vehicle 637.0 107.0 645.0 119.0
vehicle 631.0 163.0 646.0 179.0
vehicle 574.0 198.0 585.0 211.0
vehicle 655.0 193.0 666.0 207.0
vehicle 715.0 49.0 730.0 56.0
vehicle 720.0 57.0 733.0 63.0
vehicle 725.0 61.0 734.0 66.0
vehicle 736.0 54.0 747.0 62.0
vehicle 746.0 49.0 758.0 57.0
vehicle 738.0 58.0 751.0 64.0
vehicle 748.0 262.0 757.0 276.0
vehicle 719.0 287.0 733.0 306.0
vehicle 734.0 306.0 746.0 320.0
vehicle 738.0 321.0 751.0 339.0
vehicle 753.0 341.0 765.0 356.0
vehicle 522.0 259.0 537.0 268.0
vehicle 584.0 336.0 597.0 351.0
vehicle 753.0 423.0 767.0 435.0
vehicle 757.0 259.0 767.0 272.0
vehicle 765.0 272.0 776.0 286.0
vehicle 775.0 294.0 785.0 307.0
vehicle 771.0 297.0 785.0 313.0
vehicle 781.0 293.0 792.0 310.0
vehicle 785.0 316.0 794.0 327.0
overpass 528.0 1.0 650.0 64.0
overpass 454.0 56.0 800.0 239.0
overpass 573.0 123.0 784.0 234.0
overpass 710.0 138.0 784.0 252.0
overpass 675.0 355.0 787.0 488.0
overpass 686.0 358.0 799.0 562.0
overpass 698.0 507.0 800.0 576.0
airplane 267.0 221.0 312.0 254.0
