tenniscourt 144.0 241.0 217.0 331.0
tenniscourt 101.0 267.0 174.0 354.0
tenniscourt 59.0 292.0 131.0 379.0
vehicle 19.0 20.0 28.0 34.0
vehicle 115.0 59.0 129.0 67.0
vehicle 153.0 64.0 167.0 73.0
vehicle 19.0 163.0 25.0 174.0
vehicle 10.0 217.0 16.0 231.0
vehicle 4.0 492.0 18.0 503.0
vehicle 21.0 490.0 35.0 500.0
vehicle 49.0 479.0 62.0 490.0
vehicle 48.0 449.0 62.0 459.0
vehicle 62.0 442.0 76.0 452.0
vehicle 73.0 451.0 88.0 464.0
vehicle 64.0 469.0 77.0 479.0
vehicle 78.0 432.0 94.0 444.0
vehicle 92.0 421.0 106.0 433.0
vehicle 109.0 412.0 124.0 426.0
vehicle 128.0 432.0 140.0 442.0
vehicle 152.0 384.0 171.0 399.0
vehicle 173.0 373.0 188.0 385.0
vehicle 167.0 409.0 177.0 418.0
vehicle 198.0 358.0 214.0 370.0
vehicle 197.0 389.0 210.0 399.0
vehicle 212.0 380.0 225.0 392.0
vehicle 215.0 349.0 229.0 360.0
vehicle 227.0 341.0 241.0 353.0
vehicle 246.0 360.0 259.0 370.0
vehicle 245.0 330.0 259.0 341.0
vehicle 230.0 372.0 244.0 380.0
vehicle 262.0 317.0 283.0 334.0
vehicle 296.0 300.0 308.0 311.0
vehicle 329.0 278.0 342.0 292.0
vehicle 346.0 268.0 363.0 283.0
vehicle 367.0 257.0 378.0 268.0
vehicle 382.0 270.0 396.0 281.0
vehicle 389.0 231.0 428.0 257.0
vehicle 442.0 212.0 458.0 225.0
vehicle 508.0 198.0 528.0 214.0
vehicle 531.0 191.0 546.0 202.0
vehicle 547.0 179.0 565.0 191.0
vehicle 566.0 169.0 583.0 182.0
vehicle 191.0 71.0 205.0 80.0
vehicle 207.0 75.0 222.0 81.0
vehicle 215.0 101.0 226.0 109.0
vehicle 278.0 86.0 289.0 92.0
vehicle 283.0 111.0 296.0 119.0
vehicle 292.0 87.0 306.0 96.0
vehicle 300.0 114.0 321.0 124.0
vehicle 356.0 100.0 373.0 107.0
vehicle 411.0 109.0 423.0 116.0
vehicle 483.0 120.0 497.0 128.0
vehicle 499.0 121.0 512.0 130.0
vehicle 600.0 150.0 615.0 162.0
vehicle 627.0 109.0 642.0 119.0
vehicle 667.0 114.0 681.0 125.0
vehicle 689.0 72.0 703.0 82.0
vehicle 700.0 96.0 712.0 106.0
vehicle 722.0 54.0 736.0 64.0
vehicle 451.0 238.0 465.0 246.0
vehicle 775.0 313.0 790.0 325.0
vehicle 762.0 322.0 775.0 334.0
vehicle 781.0 334.0 794.0 344.0
vehicle 744.0 331.0 762.0 344.0
vehicle 729.0 341.0 743.0 353.0
vehicle 714.0 349.0 728.0 359.0
vehicle 756.0 346.0 771.0 358.0
vehicle 741.0 355.0 753.0 367.0
vehicle 725.0 364.0 739.0 374.0
vehicle 700.0 358.0 713.0 368.0
vehicle 685.0 367.0 699.0 377.0
vehicle 693.0 383.0 705.0 393.0
vehicle 667.0 377.0 680.0 387.0
vehicle 633.0 394.0 651.0 406.0
vehicle 603.0 412.0 617.0 423.0
vehicle 585.0 421.0 600.0 432.0
vehicle 647.0 409.0 661.0 420.0
vehicle 631.0 416.0 646.0 427.0
vehicle 567.0 432.0 581.0 442.0
vehicle 581.0 442.0 598.0 456.0
vehicle 561.0 458.0 574.0 469.0
vehicle 557.0 440.0 569.0 450.0
vehicle 556.0 447.0 571.0 459.0
vehicle 540.0 449.0 556.0 463.0
vehicle 522.0 460.0 536.0 471.0
vehicle 507.0 468.0 521.0 479.0
vehicle 504.0 480.0 519.0 492.0
vehicle 471.0 487.0 494.0 503.0
vehicle 504.0 493.0 517.0 504.0
vehicle 490.0 500.0 502.0 511.0
vehicle 473.0 508.0 489.0 521.0
vehicle 454.0 502.0 465.0 512.0
vehicle 436.0 513.0 446.0 522.0
vehicle 418.0 522.0 432.0 533.0
vehicle 427.0 537.0 442.0 550.0
vehicle 399.0 531.0 417.0 543.0
vehicle 408.0 550.0 422.0 561.0
vehicle 388.0 540.0 401.0 552.0
vehicle 372.0 548.0 385.0 561.0
vehicle 358.0 557.0 372.0 569.0
vehicle 365.0 576.0 378.0 586.0
vehicle 394.0 560.0 408.0 571.0
vehicle 348.0 585.0 363.0 597.0
vehicle 322.0 579.0 339.0 591.0
vehicle 306.0 589.0 321.0 599.0
vehicle 334.0 595.0 348.0 605.0
vehicle 316.0 604.0 330.0 615.0
vehicle 292.0 597.0 306.0 608.0
vehicle 302.0 614.0 315.0 626.0
vehicle 274.0 607.0 291.0 619.0
vehicle 258.0 617.0 273.0 628.0
vehicle 265.0 636.0 279.0 646.0
vehicle 246.0 626.0 260.0 636.0
vehicle 234.0 633.0 246.0 642.0
vehicle 244.0 647.0 258.0 658.0
vehicle 226.0 657.0 240.0 670.0
vehicle 221.0 639.0 234.0 651.0
vehicle 207.0 647.0 222.0 660.0
vehicle 193.0 656.0 209.0 667.0
vehicle 209.0 669.0 222.0 680.0
vehicle 179.0 664.0 195.0 676.0
vehicle 191.0 676.0 207.0 689.0
vehicle 166.0 674.0 178.0 684.0
vehicle 171.0 690.0 186.0 701.0
vehicle 148.0 682.0 164.0 694.0
vehicle 157.0 699.0 172.0 712.0
vehicle 142.0 708.0 157.0 722.0
vehicle 134.0 691.0 148.0 701.0
vehicle 121.0 701.0 134.0 710.0
vehicle 107.0 708.0 119.0 718.0
vehicle 94.0 717.0 106.0 727.0
vehicle 77.0 725.0 92.0 737.0
vehicle 96.0 736.0 110.0 746.0
