airplane 48.0 37.0 137.0 109.0
airplane 100.0 164.0 186.0 238.0
airplane 125.0 248.0 209.0 315.0
airplane 210.0 514.0 300.0 588.0
airplane 242.0 608.0 327.0 677.0
airplane 271.0 697.0 357.0 770.0
airplane 302.0 21.0 388.0 92.0
airplane 416.0 383.0 503.0 455.0
airplane 475.0 566.0 564.0 636.0
airplane 504.0 657.0 592.0 726.0
vehicle 87.0 357.0 121.0 373.0
vehicle 76.0 295.0 91.0 310.0
vehicle 68.0 274.0 93.0 299.0
vehicle 51.0 233.0 77.0 257.0
vehicle 48.0 216.0 74.0 241.0
vehicle 39.0 193.0 61.0 213.0
vehicle 8.0 186.0 17.0 196.0
vehicle 13.0 182.0 22.0 192.0
vehicle 21.0 175.0 30.0 186.0
vehicle 27.0 172.0 36.0 181.0
vehicle 35.0 167.0 44.0 176.0
vehicle 41.0 164.0 49.0 173.0
vehicle 45.0 160.0 53.0 170.0
vehicle 48.0 156.0 58.0 166.0
vehicle 127.0 124.0 133.0 134.0
vehicle 121.0 124.0 129.0 138.0
vehicle 107.0 129.0 118.0 142.0
vehicle 168.0 138.0 176.0 150.0
vehicle 82.0 318.0 96.0 325.0
vehicle 227.0 271.0 236.0 281.0
vehicle 235.0 302.0 242.0 313.0
vehicle 250.0 404.0 261.0 414.0
vehicle 247.0 409.0 255.0 420.0
vehicle 382.0 380.0 388.0 392.0
vehicle 420.0 458.0 427.0 470.0
vehicle 39.0 377.0 51.0 385.0
vehicle 43.0 392.0 54.0 398.0
vehicle 1.0 386.0 10.0 396.0
vehicle 51.0 401.0 64.0 409.0
vehicle 4.0 397.0 16.0 406.0
vehicle 9.0 403.0 18.0 412.0
vehicle 19.0 416.0 32.0 426.0
vehicle 23.0 442.0 36.0 453.0
vehicle 41.0 444.0 50.0 452.0
vehicle 43.0 450.0 54.0 458.0
vehicle 47.0 474.0 58.0 483.0
vehicle 51.0 479.0 61.0 489.0
vehicle 32.0 497.0 45.0 508.0
vehicle 77.0 487.0 89.0 498.0
vehicle 90.0 508.0 100.0 518.0
vehicle 64.0 497.0 76.0 506.0
vehicle 71.0 504.0 82.0 516.0
vehicle 47.0 517.0 59.0 527.0
vehicle 53.0 522.0 61.0 531.0
vehicle 92.0 534.0 103.0 545.0
vehicle 111.0 551.0 124.0 560.0
vehicle 138.0 600.0 145.0 613.0
vehicle 39.0 589.0 49.0 596.0
vehicle 35.0 592.0 45.0 600.0
vehicle 92.0 630.0 103.0 637.0
vehicle 93.0 636.0 106.0 642.0
vehicle 95.0 642.0 107.0 648.0
vehicle 97.0 647.0 107.0 653.0
vehicle 35.0 691.0 46.0 703.0
vehicle 106.0 677.0 120.0 685.0
vehicle 185.0 683.0 194.0 696.0
vehicle 143.0 696.0 154.0 702.0
vehicle 113.0 693.0 126.0 701.0
vehicle 114.0 700.0 127.0 707.0
vehicle 122.0 726.0 136.0 733.0
vehicle 123.0 732.0 137.0 739.0
vehicle 161.0 670.0 168.0 683.0
vehicle 166.0 686.0 172.0 698.0
vehicle 174.0 714.0 182.0 728.0
vehicle 209.0 749.0 217.0 761.0
vehicle 218.0 781.0 226.0 795.0
vehicle 481.0 650.0 488.0 661.0
vehicle 499.0 742.0 507.0 756.0
vehicle 292.0 79.0 303.0 93.0
vehicle 309.0 108.0 314.0 119.0
vehicle 344.0 188.0 356.0 198.0
vehicle 254.0 20.0 266.0 31.0
vehicle 283.0 51.0 290.0 62.0
