harbor 48.0 311.0 739.0 542.0
harbor 2.0 141.0 283.0 210.0
ship 128.0 358.0 147.0 408.0
ship 126.0 463.0 148.0 506.0
ship 155.0 472.0 171.0 511.0
ship 156.0 351.0 175.0 401.0
ship 182.0 344.0 201.0 394.0
ship 212.0 349.0 231.0 399.0
ship 280.0 354.0 304.0 416.0
ship 319.0 347.0 338.0 384.0
ship 341.0 346.0 367.0 410.0
ship 382.0 340.0 403.0 398.0
ship 409.0 339.0 430.0 397.0
ship 435.0 338.0 458.0 386.0
ship 463.0 338.0 486.0 401.0
ship 494.0 341.0 520.0 412.0
ship 531.0 320.0 575.0 432.0
ship 604.0 346.0 652.0 418.0
ship 656.0 341.0 692.0 427.0
ship 703.0 327.0 739.0 424.0
ship 181.0 459.0 199.0 511.0
ship 207.0 463.0 230.0 515.0
ship 238.0 464.0 257.0 511.0
ship 266.0 465.0 286.0 516.0
ship 292.0 473.0 312.0 515.0
ship 348.0 468.0 368.0 524.0
ship 376.0 476.0 395.0 523.0
ship 402.0 483.0 421.0 525.0
ship 433.0 475.0 455.0 523.0
ship 461.0 471.0 483.0 519.0
ship 548.0 471.0 573.0 528.0
ship 579.0 468.0 605.0 534.0
ship 663.0 475.0 688.0 532.0
ship 696.0 464.0 719.0 515.0
