ship 52.0 29.0 73.0 63.0
ship 47.0 35.0 66.0 67.0
ship 16.0 57.0 36.0 79.0
ship 91.0 79.0 119.0 118.0
ship 50.0 99.0 67.0 122.0
ship 139.0 58.0 152.0 86.0
ship 250.0 136.0 280.0 167.0
ship 295.0 76.0 323.0 85.0
ship 365.0 93.0 399.0 101.0
ship 63.0 157.0 80.0 175.0
ship 93.0 191.0 106.0 206.0
ship 151.0 147.0 175.0 178.0
ship 208.0 164.0 229.0 194.0
ship 204.0 169.0 224.0 196.0
ship 197.0 174.0 218.0 202.0
ship 277.0 185.0 306.0 209.0
ship 245.0 207.0 265.0 232.0
ship 388.0 211.0 416.0 236.0
ship 261.0 241.0 295.0 259.0
ship 35.0 168.0 56.0 192.0
ship 68.0 208.0 93.0 238.0
ship 27.0 193.0 50.0 220.0
ship 15.0 226.0 36.0 247.0
ship 83.0 294.0 107.0 320.0
ship 113.0 282.0 142.0 308.0
ship 204.0 235.0 231.0 257.0
ship 46.0 326.0 80.0 356.0
ship 337.0 284.0 366.0 315.0
ship 320.0 327.0 347.0 354.0
ship 414.0 335.0 448.0 372.0
ship 1.0 274.0 32.0 308.0
ship 97.0 348.0 189.0 433.0
ship 199.0 377.0 223.0 400.0
ship 366.0 404.0 400.0 427.0
ship 523.0 370.0 550.0 403.0
ship 469.0 269.0 545.0 330.0
ship 504.0 317.0 530.0 340.0
ship 331.0 494.0 350.0 509.0
ship 413.0 548.0 436.0 564.0
ship 326.0 535.0 347.0 551.0
ship 226.0 465.0 309.0 536.0
ship 432.0 606.0 486.0 646.0
ship 418.0 609.0 484.0 660.0
ship 497.0 668.0 537.0 700.0
ship 548.0 327.0 638.0 392.0
ship 584.0 372.0 613.0 395.0
ship 643.0 394.0 670.0 416.0
ship 714.0 536.0 755.0 555.0
ship 576.0 583.0 616.0 614.0
ship 559.0 700.0 603.0 732.0
ship 770.0 619.0 800.0 640.0
ship 763.0 629.0 795.0 649.0
bridge 454.0 87.0 462.0 105.0
