baseballfield 224.0 383.0 302.0 456.0
baseballfield 426.0 361.0 479.0 420.0
tenniscourt 239.0 276.0 267.0 323.0
tenniscourt 370.0 179.0 398.0 226.0
tenniscourt 343.0 180.0 371.0 227.0
tenniscourt 315.0 182.0 343.0 229.0
tenniscourt 289.0 185.0 317.0 232.0
tenniscourt 260.0 187.0 288.0 234.0
tenniscourt 233.0 190.0 261.0 237.0
tenniscourt 265.0 273.0 293.0 320.0
vehicle 22.0 30.0 32.0 35.0
vehicle 53.0 9.0 64.0 15.0
vehicle 128.0 2.0 138.0 7.0
vehicle 110.0 10.0 119.0 15.0
vehicle 106.0 23.0 116.0 28.0
vehicle 112.0 28.0 122.0 33.0
vehicle 66.0 33.0 76.0 39.0
vehicle 48.0 27.0 59.0 32.0
vehicle 46.0 16.0 57.0 22.0
vehicle 30.0 84.0 34.0 94.0
vehicle 29.0 130.0 35.0 142.0
vehicle 41.0 163.0 46.0 172.0
vehicle 238.0 111.0 257.0 122.0
vehicle 272.0 124.0 287.0 131.0
vehicle 41.0 254.0 46.0 265.0
vehicle 457.0 253.0 475.0 260.0
vehicle 414.0 224.0 419.0 234.0
vehicle 359.0 264.0 365.0 274.0
vehicle 342.0 267.0 348.0 277.0
vehicle 348.0 265.0 353.0 276.0
vehicle 354.0 264.0 358.0 273.0
vehicle 319.0 288.0 330.0 293.0
vehicle 319.0 294.0 329.0 299.0
vehicle 404.0 288.0 408.0 298.0
vehicle 160.0 642.0 167.0 653.0
vehicle 167.0 675.0 174.0 686.0
