groundtrackfield 303.0 72.0 510.0 465.0
baseballfield 382.0 636.0 494.0 730.0
vehicle 590.0 658.0 601.0 677.0
vehicle 643.0 656.0 652.0 675.0
vehicle 689.0 477.0 698.0 496.0
vehicle 666.0 715.0 675.0 736.0
vehicle 729.0 403.0 743.0 410.0
vehicle 693.0 573.0 705.0 588.0
vehicle 695.0 630.0 707.0 647.0
vehicle 647.0 54.0 657.0 72.0
vehicle 89.0 389.0 98.0 407.0
vehicle 62.0 374.0 77.0 386.0
vehicle 65.0 318.0 76.0 326.0
vehicle 20.0 608.0 35.0 615.0
tenniscourt 226.0 50.0 252.0 103.0
basketballcourt 121.0 44.0 165.0 117.0
basketballcourt 152.0 128.0 188.0 186.0
basketballcourt 190.0 128.0 223.0 184.0
basketballcourt 224.0 125.0 262.0 186.0
vehicle 256.0 720.0 274.0 735.0
vehicle 209.0 595.0 219.0 611.0
vehicle 130.0 573.0 147.0 584.0
ship 47.0 648.0 71.0 671.0
ship 76.0 691.0 88.0 718.0
ship 78.0 718.0 89.0 739.0
ship 79.0 746.0 91.0 762.0
ship 78.0 768.0 91.0 792.0
ship 20.0 642.0 39.0 653.0
ship 43.0 696.0 58.0 719.0
ship 51.0 723.0 66.0 750.0
ship 54.0 759.0 63.0 780.0
