harbor 69.0 129.0 204.0 673.0
harbor 226.0 90.0 362.0 678.0
harbor 379.0 107.0 518.0 628.0
harbor 421.0 631.0 450.0 645.0
harbor 563.0 60.0 727.0 613.0
ship 628.0 64.0 687.0 84.0
ship 630.0 90.0 691.0 111.0
ship 639.0 148.0 693.0 165.0
ship 633.0 182.0 695.0 200.0
ship 636.0 204.0 703.0 231.0
ship 649.0 436.0 711.0 458.0
ship 644.0 353.0 707.0 375.0
ship 639.0 263.0 709.0 286.0
ship 654.0 469.0 712.0 490.0
ship 661.0 555.0 725.0 577.0
ship 656.0 496.0 719.0 519.0
ship 662.0 585.0 726.0 607.0
ship 652.0 532.0 711.0 549.0
ship 567.0 98.0 612.0 113.0
ship 569.0 120.0 614.0 136.0
ship 568.0 142.0 615.0 159.0
ship 574.0 163.0 618.0 181.0
ship 575.0 185.0 620.0 200.0
ship 576.0 210.0 621.0 228.0
ship 574.0 231.0 614.0 244.0
ship 574.0 252.0 624.0 273.0
ship 578.0 275.0 621.0 290.0
ship 581.0 296.0 627.0 314.0
ship 589.0 366.0 632.0 383.0
ship 587.0 343.0 630.0 361.0
ship 589.0 388.0 635.0 405.0
ship 591.0 410.0 632.0 427.0
ship 590.0 435.0 629.0 452.0
ship 595.0 456.0 634.0 469.0
ship 595.0 481.0 639.0 497.0
ship 596.0 502.0 635.0 519.0
ship 598.0 525.0 645.0 540.0
ship 601.0 571.0 646.0 585.0
ship 600.0 591.0 644.0 607.0
ship 475.0 598.0 519.0 616.0
ship 470.0 549.0 515.0 565.0
ship 474.0 571.0 519.0 588.0
ship 445.0 236.0 494.0 250.0
ship 463.0 474.0 513.0 493.0
ship 464.0 501.0 518.0 518.0
ship 454.0 379.0 506.0 397.0
ship 465.0 524.0 514.0 540.0
ship 452.0 356.0 504.0 374.0
ship 452.0 330.0 504.0 348.0
ship 448.0 310.0 502.0 326.0
ship 443.0 258.0 493.0 276.0
ship 443.0 214.0 492.0 232.0
ship 442.0 188.0 488.0 204.0
ship 437.0 167.0 486.0 184.0
ship 438.0 139.0 488.0 158.0
ship 441.0 118.0 488.0 133.0
ship 379.0 122.0 421.0 136.0
ship 383.0 143.0 424.0 158.0
ship 386.0 163.0 425.0 181.0
ship 383.0 187.0 425.0 202.0
ship 387.0 206.0 426.0 221.0
ship 389.0 247.0 431.0 263.0
ship 391.0 270.0 429.0 283.0
ship 390.0 289.0 436.0 307.0
ship 396.0 331.0 437.0 346.0
ship 398.0 354.0 438.0 372.0
ship 397.0 376.0 433.0 391.0
ship 400.0 397.0 440.0 414.0
ship 399.0 417.0 439.0 434.0
ship 402.0 440.0 446.0 457.0
ship 410.0 486.0 448.0 499.0
ship 409.0 507.0 448.0 521.0
ship 408.0 524.0 452.0 542.0
ship 410.0 567.0 458.0 584.0
ship 411.0 545.0 453.0 560.0
ship 419.0 615.0 460.0 629.0
ship 417.0 587.0 455.0 602.0
ship 314.0 619.0 359.0 636.0
ship 314.0 596.0 355.0 611.0
ship 309.0 508.0 352.0 524.0
ship 311.0 576.0 352.0 592.0
ship 314.0 551.0 352.0 565.0
ship 307.0 489.0 351.0 504.0
ship 307.0 448.0 346.0 459.0
ship 297.0 332.0 338.0 347.0
ship 299.0 402.0 343.0 416.0
ship 295.0 314.0 334.0 330.0
ship 298.0 357.0 339.0 373.0
ship 289.0 248.0 331.0 263.0
ship 290.0 289.0 336.0 306.0
ship 288.0 269.0 335.0 285.0
ship 287.0 229.0 331.0 244.0
ship 283.0 164.0 323.0 180.0
ship 287.0 205.0 329.0 220.0
ship 283.0 189.0 326.0 200.0
ship 276.0 97.0 324.0 113.0
ship 276.0 120.0 318.0 137.0
ship 281.0 146.0 321.0 160.0
ship 225.0 128.0 264.0 142.0
ship 235.0 147.0 271.0 160.0
ship 233.0 168.0 270.0 181.0
ship 235.0 187.0 276.0 203.0
ship 235.0 209.0 276.0 224.0
ship 237.0 228.0 277.0 244.0
ship 238.0 251.0 276.0 264.0
ship 239.0 270.0 276.0 284.0
ship 245.0 333.0 281.0 347.0
ship 245.0 350.0 280.0 364.0
ship 246.0 376.0 287.0 391.0
ship 245.0 394.0 279.0 408.0
ship 252.0 473.0 294.0 486.0
ship 255.0 495.0 296.0 511.0
ship 260.0 515.0 299.0 530.0
ship 262.0 619.0 302.0 634.0
ship 254.0 536.0 299.0 551.0
ship 262.0 577.0 303.0 593.0
ship 167.0 603.0 203.0 618.0
ship 166.0 584.0 204.0 599.0
ship 157.0 522.0 198.0 538.0
ship 163.0 561.0 203.0 576.0
ship 155.0 480.0 190.0 494.0
ship 150.0 438.0 193.0 455.0
ship 149.0 419.0 190.0 435.0
ship 146.0 398.0 187.0 413.0
ship 146.0 380.0 185.0 393.0
ship 145.0 357.0 188.0 373.0
ship 141.0 296.0 182.0 311.0
ship 146.0 339.0 183.0 353.0
ship 139.0 258.0 180.0 272.0
ship 133.0 213.0 171.0 230.0
ship 126.0 131.0 170.0 149.0
ship 129.0 153.0 170.0 170.0
ship 81.0 136.0 118.0 151.0
ship 83.0 176.0 119.0 190.0
ship 79.0 156.0 118.0 173.0
ship 87.0 239.0 126.0 255.0
ship 80.0 199.0 123.0 213.0
ship 76.0 259.0 127.0 278.0
ship 92.0 298.0 132.0 314.0
ship 92.0 322.0 132.0 338.0
ship 92.0 341.0 131.0 357.0
ship 93.0 365.0 133.0 377.0
ship 93.0 386.0 131.0 401.0
ship 95.0 404.0 138.0 420.0
ship 99.0 424.0 139.0 440.0
ship 98.0 447.0 140.0 461.0
ship 101.0 466.0 145.0 481.0
ship 104.0 509.0 146.0 524.0
ship 106.0 533.0 146.0 548.0
ship 106.0 550.0 147.0 567.0
ship 113.0 575.0 151.0 590.0
ship 113.0 594.0 156.0 609.0
ship 114.0 619.0 155.0 634.0
ship 114.0 635.0 153.0 651.0
ship 103.0 488.0 147.0 504.0
ship 396.0 314.0 441.0 327.0
