harbor 159.0 274.0 596.0 577.0
harbor 228.0 84.0 297.0 161.0
ship 239.0 139.0 252.0 160.0
ship 198.0 460.0 219.0 486.0
ship 238.0 494.0 259.0 518.0
ship 266.0 508.0 285.0 531.0
ship 281.0 516.0 316.0 553.0
ship 267.0 358.0 284.0 380.0
ship 328.0 452.0 359.0 484.0
ship 300.0 422.0 316.0 438.0
ship 318.0 437.0 338.0 457.0
ship 265.0 387.0 283.0 408.0
ship 283.0 400.0 299.0 415.0
ship 309.0 347.0 321.0 360.0
ship 337.0 397.0 350.0 411.0
ship 318.0 380.0 329.0 391.0
ship 390.0 360.0 404.0 374.0
ship 330.0 364.0 344.0 378.0
ship 309.0 373.0 322.0 387.0
ship 296.0 361.0 310.0 375.0
ship 341.0 374.0 355.0 390.0
ship 359.0 415.0 374.0 429.0
ship 373.0 398.0 386.0 413.0
ship 313.0 425.0 328.0 442.0
