airplane 25.0 1.0 82.0 30.0
airplane 72.0 43.0 121.0 96.0
airplane 451.0 68.0 495.0 100.0
airplane 671.0 19.0 717.0 64.0
airplane 508.0 126.0 560.0 162.0
airplane 388.0 200.0 441.0 230.0
airplane 450.0 267.0 499.0 300.0
airplane 674.0 207.0 705.0 248.0
airplane 674.0 293.0 709.0 337.0
airplane 420.0 307.0 475.0 342.0
airplane 437.0 353.0 483.0 384.0
airplane 464.0 383.0 509.0 418.0
airplane 441.0 423.0 499.0 459.0
airplane 483.0 465.0 536.0 503.0
airplane 551.0 578.0 608.0 615.0
airplane 447.0 548.0 497.0 589.0
airplane 403.0 598.0 460.0 633.0
airplane 502.0 698.0 556.0 737.0
airplane 340.0 670.0 387.0 700.0
airplane 264.0 739.0 311.0 777.0
airplane 163.0 747.0 207.0 791.0
airplane 4.0 755.0 49.0 796.0
