harbor 628.0 50.0 702.0 522.0
harbor 433.0 97.0 561.0 458.0
harbor 235.0 136.0 365.0 542.0
harbor 42.0 172.0 243.0 660.0
ship 113.0 390.0 163.0 413.0
ship 105.0 425.0 155.0 447.0
ship 86.0 512.0 145.0 541.0
ship 79.0 549.0 128.0 570.0
ship 72.0 613.0 132.0 640.0
ship 176.0 619.0 227.0 637.0
ship 321.0 333.0 366.0 357.0
ship 321.0 389.0 359.0 403.0
ship 247.0 379.0 297.0 399.0
ship 316.0 411.0 356.0 432.0
ship 308.0 438.0 356.0 458.0
ship 242.0 430.0 292.0 448.0
ship 306.0 462.0 359.0 485.0
ship 235.0 459.0 288.0 477.0
ship 238.0 481.0 286.0 501.0
ship 239.0 504.0 285.0 524.0
ship 479.0 127.0 508.0 148.0
ship 530.0 133.0 564.0 151.0
ship 520.0 154.0 557.0 173.0
ship 467.0 175.0 497.0 191.0
ship 452.0 197.0 498.0 215.0
ship 454.0 224.0 495.0 242.0
ship 455.0 249.0 498.0 267.0
ship 513.0 256.0 556.0 274.0
ship 507.0 300.0 549.0 322.0
ship 439.0 326.0 487.0 340.0
ship 432.0 395.0 481.0 413.0
ship 505.0 385.0 546.0 400.0
ship 498.0 405.0 539.0 421.0
ship 494.0 431.0 531.0 443.0
ship 434.0 427.0 471.0 441.0
ship 632.0 103.0 681.0 126.0
ship 639.0 177.0 684.0 201.0
ship 634.0 232.0 679.0 259.0
ship 636.0 262.0 679.0 285.0
ship 637.0 286.0 684.0 310.0
ship 633.0 312.0 681.0 333.0
ship 635.0 335.0 680.0 364.0
ship 630.0 391.0 681.0 418.0
ship 634.0 486.0 684.0 516.0
