storagetank 248.0 135.0 344.0 224.0
storagetank 232.0 262.0 330.0 353.0
storagetank 375.0 381.0 489.0 487.0
storagetank 262.0 393.0 317.0 440.0
storagetank 391.0 301.0 446.0 349.0
storagetank 397.0 237.0 452.0 285.0
storagetank 254.0 457.0 307.0 503.0
storagetank 245.0 521.0 300.0 568.0
storagetank 356.0 531.0 470.0 637.0
storagetank 508.0 614.0 563.0 661.0
storagetank 485.0 549.0 549.0 604.0
storagetank 502.0 488.0 558.0 537.0
storagetank 510.0 424.0 566.0 473.0
storagetank 590.0 434.0 646.0 483.0
storagetank 581.0 498.0 637.0 547.0
storagetank 576.0 557.0 632.0 606.0
storagetank 567.0 618.0 623.0 667.0
storagetank 407.0 174.0 462.0 222.0
storagetank 476.0 161.0 485.0 168.0
storagetank 487.0 162.0 498.0 170.0
storagetank 499.0 164.0 509.0 171.0
storagetank 510.0 165.0 523.0 173.0
storagetank 475.0 172.0 484.0 180.0
storagetank 486.0 174.0 497.0 182.0
storagetank 497.0 176.0 508.0 183.0
storagetank 509.0 176.0 522.0 186.0
storagetank 474.0 184.0 484.0 192.0
storagetank 485.0 186.0 496.0 194.0
storagetank 496.0 188.0 508.0 196.0
storagetank 508.0 189.0 520.0 198.0
storagetank 468.0 199.0 489.0 220.0
storagetank 495.0 202.0 516.0 223.0
storagetank 466.0 223.0 487.0 244.0
storagetank 515.0 206.0 534.0 221.0
storagetank 512.0 231.0 532.0 246.0
storagetank 492.0 227.0 512.0 248.0
storagetank 463.0 248.0 484.0 269.0
storagetank 490.0 252.0 511.0 273.0
storagetank 460.0 273.0 481.0 294.0
storagetank 486.0 276.0 507.0 297.0
storagetank 457.0 297.0 475.0 317.0
storagetank 483.0 301.0 503.0 321.0
storagetank 453.0 321.0 473.0 341.0
storagetank 480.0 325.0 500.0 345.0
storagetank 450.0 347.0 470.0 367.0
storagetank 478.0 350.0 498.0 370.0
ship 1.0 487.0 21.0 517.0
ship 85.0 461.0 106.0 483.0
ship 101.0 469.0 111.0 483.0
ship 31.0 523.0 58.0 559.0
ship 76.0 552.0 98.0 571.0
ship 68.0 567.0 99.0 601.0
ship 108.0 584.0 123.0 603.0
