tenniscourt 87.0 197.0 115.0 248.0
tenniscourt 119.0 197.0 150.0 248.0
tenniscourt 157.0 197.0 188.0 248.0
vehicle 24.0 119.0 35.0 129.0
vehicle 104.0 47.0 115.0 58.0
vehicle 528.0 171.0 535.0 182.0
vehicle 617.0 171.0 628.0 176.0
vehicle 567.0 192.0 581.0 200.0
vehicle 324.0 315.0 340.0 321.0
vehicle 552.0 166.0 559.0 176.0
vehicle 570.0 555.0 580.0 564.0
vehicle 445.0 566.0 451.0 580.0
vehicle 560.0 565.0 571.0 574.0
vehicle 647.0 637.0 657.0 647.0
vehicle 198.0 706.0 211.0 714.0
vehicle 259.0 703.0 273.0 709.0
vehicle 286.0 728.0 293.0 741.0
vehicle 225.0 725.0 230.0 738.0
