tenniscourt 362.0 592.0 418.0 673.0
tenniscourt 407.0 578.0 463.0 659.0
tenniscourt 451.0 564.0 507.0 645.0
tenniscourt 396.0 695.0 452.0 776.0
tenniscourt 440.0 680.0 497.0 762.0
tenniscourt 486.0 666.0 541.0 748.0
groundtrackfield 199.0 3.0 488.0 182.0
vehicle 122.0 63.0 132.0 80.0
vehicle 311.0 607.0 321.0 623.0
vehicle 304.0 653.0 319.0 663.0
vehicle 321.0 656.0 335.0 665.0
vehicle 309.0 668.0 322.0 677.0
vehicle 328.0 672.0 338.0 680.0
vehicle 331.0 732.0 345.0 744.0
vehicle 347.0 734.0 360.0 747.0
vehicle 339.0 705.0 353.0 715.0
vehicle 360.0 768.0 374.0 781.0
vehicle 309.0 775.0 324.0 785.0
vehicle 771.0 767.0 783.0 776.0
vehicle 761.0 772.0 773.0 785.0
vehicle 643.0 578.0 652.0 596.0
vehicle 627.0 543.0 638.0 559.0
vehicle 638.0 540.0 647.0 559.0
vehicle 646.0 541.0 656.0 556.0
vehicle 653.0 538.0 664.0 556.0
vehicle 607.0 520.0 618.0 535.0
vehicle 629.0 513.0 638.0 529.0
vehicle 642.0 506.0 652.0 523.0
vehicle 771.0 56.0 785.0 63.0
vehicle 62.0 137.0 75.0 146.0
vehicle 67.0 151.0 81.0 159.0
vehicle 136.0 146.0 144.0 159.0
vehicle 108.0 22.0 114.0 36.0
