harbor 25.0 9.0 550.0 187.0
harbor 71.0 275.0 543.0 477.0
harbor 1.0 581.0 452.0 793.0
ship 74.0 69.0 102.0 124.0
ship 177.0 45.0 205.0 100.0
ship 310.0 28.0 338.0 83.0
ship 516.0 8.0 552.0 87.0
ship 478.0 73.0 514.0 152.0
ship 442.0 83.0 472.0 149.0
ship 411.0 88.0 441.0 154.0
ship 353.0 94.0 386.0 172.0
ship 303.0 108.0 331.0 175.0
ship 144.0 134.0 167.0 190.0
ship 253.0 292.0 280.0 365.0
ship 312.0 295.0 335.0 364.0
ship 341.0 285.0 369.0 363.0
ship 372.0 284.0 400.0 362.0
ship 400.0 286.0 428.0 364.0
ship 432.0 288.0 462.0 359.0
ship 461.0 274.0 494.0 358.0
ship 505.0 316.0 536.0 414.0
ship 124.0 387.0 148.0 453.0
ship 159.0 386.0 184.0 457.0
ship 187.0 384.0 220.0 474.0
ship 219.0 383.0 251.0 461.0
ship 253.0 385.0 279.0 482.0
ship 290.0 385.0 314.0 460.0
ship 319.0 381.0 343.0 456.0
ship 348.0 381.0 378.0 468.0
ship 418.0 376.0 447.0 468.0
ship 20.0 579.0 37.0 627.0
ship 41.0 581.0 65.0 621.0
ship 76.0 589.0 93.0 641.0
ship 61.0 656.0 82.0 706.0
ship 92.0 671.0 113.0 721.0
ship 187.0 602.0 213.0 668.0
ship 244.0 616.0 271.0 667.0
ship 273.0 624.0 295.0 678.0
ship 303.0 622.0 323.0 685.0
ship 358.0 621.0 383.0 690.0
ship 412.0 660.0 449.0 763.0
ship 286.0 701.0 317.0 766.0
ship 374.0 709.0 398.0 770.0
