airplane 513.0 739.0 541.0 772.0
airplane 481.0 715.0 512.0 743.0
airplane 556.0 644.0 588.0 673.0
airplane 525.0 615.0 552.0 643.0
airplane 465.0 663.0 491.0 689.0
airplane 436.0 638.0 464.0 664.0
airplane 408.0 612.0 434.0 641.0
airplane 373.0 614.0 401.0 647.0
airplane 401.0 643.0 429.0 676.0
airplane 136.0 671.0 174.0 701.0
airplane 203.0 433.0 230.0 460.0
airplane 253.0 462.0 281.0 487.0
airplane 261.0 484.0 288.0 510.0
airplane 401.0 504.0 429.0 531.0
airplane 433.0 531.0 460.0 560.0
airplane 518.0 707.0 546.0 734.0
airplane 195.0 412.0 222.0 439.0
airplane 171.0 177.0 203.0 212.0
airplane 136.0 187.0 163.0 214.0
airplane 166.0 385.0 193.0 412.0
airplane 142.0 383.0 169.0 410.0
airplane 136.0 361.0 163.0 388.0
airplane 107.0 337.0 134.0 364.0
airplane 84.0 331.0 111.0 358.0
airplane 78.0 311.0 105.0 338.0
airplane 118.0 35.0 144.0 65.0
airplane 279.0 11.0 308.0 42.0
airplane 288.0 62.0 320.0 92.0
airplane 247.0 92.0 275.0 125.0
airplane 204.0 96.0 234.0 128.0
vehicle 101.0 601.0 115.0 612.0
vehicle 130.0 563.0 144.0 577.0
vehicle 137.0 558.0 151.0 571.0
vehicle 144.0 553.0 156.0 567.0
vehicle 73.0 567.0 88.0 585.0
vehicle 64.0 560.0 79.0 577.0
vehicle 58.0 551.0 74.0 570.0
vehicle 50.0 546.0 65.0 562.0
vehicle 44.0 537.0 59.0 554.0
vehicle 85.0 508.0 98.0 525.0
vehicle 92.0 514.0 104.0 529.0
vehicle 100.0 517.0 117.0 534.0
vehicle 106.0 527.0 119.0 541.0
vehicle 125.0 670.0 137.0 688.0
vehicle 269.0 352.0 290.0 370.0
vehicle 294.0 365.0 305.0 382.0
vehicle 14.0 158.0 26.0 179.0
vehicle 1.0 179.0 13.0 199.0
vehicle 154.0 10.0 167.0 23.0
airplane 347.0 137.0 365.0 156.0
airplane 392.0 71.0 417.0 103.0
vehicle 448.0 200.0 467.0 215.0
vehicle 556.0 71.0 581.0 94.0
vehicle 653.0 41.0 665.0 56.0
vehicle 665.0 45.0 681.0 62.0
vehicle 681.0 48.0 695.0 63.0
vehicle 689.0 58.0 704.0 76.0
vehicle 44.0 185.0 60.0 204.0
