tenniscourt 404.0 153.0 458.0 200.0
tenniscourt 342.0 199.0 396.0 248.0
tenniscourt 362.0 224.0 415.0 274.0
tenniscourt 424.0 178.0 478.0 227.0
tenniscourt 444.0 205.0 497.0 251.0
tenniscourt 380.0 251.0 435.0 299.0
tenniscourt 478.0 249.0 532.0 299.0
tenniscourt 497.0 275.0 552.0 327.0
tenniscourt 517.0 303.0 571.0 350.0
tenniscourt 415.0 298.0 470.0 345.0
tenniscourt 434.0 322.0 488.0 371.0
tenniscourt 455.0 350.0 508.0 397.0
tenniscourt 531.0 457.0 568.0 498.0
tenniscourt 559.0 439.0 604.0 494.0
tenniscourt 586.0 423.0 631.0 476.0
tenniscourt 613.0 401.0 661.0 457.0
tenniscourt 572.0 517.0 614.0 571.0
tenniscourt 597.0 500.0 645.0 557.0
tenniscourt 624.0 482.0 673.0 538.0
tenniscourt 652.0 466.0 698.0 522.0
tenniscourt 634.0 561.0 680.0 615.0
tenniscourt 615.0 585.0 650.0 634.0
tenniscourt 665.0 543.0 710.0 600.0
tenniscourt 694.0 527.0 741.0 578.0
groundtrackfield 69.0 310.0 402.0 658.0
vehicle 267.0 215.0 276.0 225.0
vehicle 274.0 210.0 282.0 219.0
vehicle 280.0 203.0 288.0 213.0
vehicle 286.0 196.0 296.0 207.0
vehicle 290.0 190.0 299.0 201.0
vehicle 298.0 186.0 307.0 195.0
vehicle 300.0 181.0 309.0 190.0
vehicle 276.0 178.0 284.0 190.0
vehicle 283.0 166.0 291.0 177.0
vehicle 289.0 155.0 297.0 165.0
vehicle 335.0 112.0 346.0 123.0
vehicle 344.0 122.0 354.0 131.0
vehicle 344.0 140.0 356.0 151.0
vehicle 345.0 147.0 352.0 156.0
vehicle 340.0 150.0 348.0 158.0
vehicle 335.0 151.0 343.0 160.0
vehicle 332.0 155.0 340.0 165.0
vehicle 325.0 164.0 333.0 172.0
vehicle 317.0 169.0 325.0 177.0
vehicle 307.0 175.0 319.0 186.0
vehicle 88.0 264.0 99.0 272.0
vehicle 109.0 294.0 119.0 298.0
vehicle 257.0 49.0 264.0 58.0
vehicle 264.0 49.0 270.0 59.0
vehicle 283.0 55.0 287.0 66.0
vehicle 287.0 56.0 293.0 66.0
vehicle 296.0 61.0 302.0 72.0
vehicle 309.0 67.0 317.0 76.0
vehicle 316.0 69.0 322.0 77.0
vehicle 321.0 72.0 326.0 80.0
vehicle 277.0 29.0 284.0 40.0
vehicle 291.0 33.0 296.0 43.0
vehicle 305.0 38.0 312.0 49.0
vehicle 347.0 47.0 356.0 55.0
vehicle 398.0 22.0 408.0 32.0
vehicle 309.0 30.0 317.0 37.0
vehicle 319.0 33.0 324.0 42.0
vehicle 295.0 24.0 302.0 33.0
vehicle 328.0 10.0 334.0 18.0
vehicle 323.0 7.0 329.0 16.0
vehicle 308.0 1.0 315.0 11.0
vehicle 313.0 4.0 319.0 13.0
