airplane 163.0 516.0 323.0 652.0
airplane 322.0 525.0 457.0 697.0
airplane 458.0 528.0 593.0 696.0
airplane 409.0 505.0 497.0 598.0
airplane 245.0 448.0 384.0 545.0
airplane 353.0 453.0 432.0 537.0
airplane 330.0 386.0 408.0 472.0
airplane 205.0 307.0 353.0 448.0
airplane 505.0 352.0 611.0 438.0
airplane 511.0 261.0 608.0 347.0
airplane 430.0 222.0 532.0 305.0
airplane 504.0 161.0 598.0 248.0
airplane 226.0 116.0 323.0 199.0
airplane 351.0 146.0 427.0 237.0
airplane 412.0 146.0 517.0 227.0
airplane 313.0 17.0 445.0 173.0
airplane 424.0 56.0 507.0 147.0
airplane 497.0 60.0 591.0 147.0
airplane 281.0 48.0 336.0 101.0
