harbor 115.0 211.0 521.0 327.0
harbor 224.0 78.0 800.0 194.0
harbor 84.0 361.0 730.0 507.0
harbor 33.0 530.0 731.0 731.0
ship 308.0 106.0 376.0 127.0
ship 404.0 103.0 470.0 122.0
ship 484.0 103.0 579.0 127.0
ship 592.0 102.0 616.0 163.0
ship 625.0 106.0 651.0 183.0
ship 663.0 103.0 685.0 181.0
ship 688.0 113.0 716.0 175.0
ship 725.0 107.0 751.0 187.0
ship 781.0 159.0 796.0 190.0
ship 502.0 290.0 520.0 324.0
ship 479.0 288.0 497.0 322.0
ship 482.0 247.0 500.0 281.0
ship 440.0 285.0 458.0 319.0
ship 421.0 284.0 439.0 318.0
ship 425.0 241.0 443.0 275.0
ship 451.0 259.0 459.0 278.0
ship 381.0 281.0 399.0 315.0
ship 364.0 277.0 377.0 307.0
ship 385.0 238.0 403.0 272.0
ship 363.0 236.0 381.0 270.0
ship 343.0 278.0 357.0 308.0
ship 326.0 232.0 341.0 271.0
ship 322.0 275.0 339.0 308.0
ship 304.0 273.0 318.0 304.0
ship 307.0 233.0 322.0 265.0
ship 267.0 233.0 281.0 262.0
ship 281.0 269.0 299.0 303.0
ship 248.0 270.0 260.0 296.0
ship 227.0 228.0 245.0 257.0
ship 191.0 224.0 209.0 257.0
ship 202.0 268.0 220.0 302.0
ship 186.0 261.0 201.0 296.0
ship 149.0 258.0 167.0 292.0
ship 150.0 216.0 168.0 250.0
ship 117.0 366.0 132.0 397.0
ship 112.0 406.0 126.0 440.0
ship 129.0 409.0 143.0 441.0
ship 135.0 367.0 148.0 398.0
ship 146.0 410.0 164.0 444.0
ship 165.0 412.0 177.0 440.0
ship 180.0 412.0 195.0 444.0
ship 200.0 414.0 211.0 440.0
ship 216.0 375.0 234.0 409.0
ship 232.0 377.0 250.0 411.0
ship 230.0 417.0 246.0 451.0
ship 215.0 414.0 228.0 443.0
ship 281.0 422.0 299.0 456.0
ship 304.0 381.0 322.0 415.0
ship 325.0 384.0 343.0 418.0
ship 265.0 377.0 283.0 411.0
ship 263.0 421.0 281.0 455.0
ship 321.0 427.0 337.0 466.0
ship 338.0 428.0 356.0 462.0
ship 359.0 427.0 374.0 467.0
ship 362.0 380.0 379.0 418.0
ship 381.0 386.0 396.0 420.0
ship 397.0 428.0 412.0 462.0
ship 416.0 388.0 434.0 422.0
ship 413.0 434.0 431.0 472.0
ship 434.0 433.0 452.0 471.0
ship 438.0 390.0 456.0 425.0
ship 456.0 389.0 474.0 423.0
ship 451.0 437.0 469.0 471.0
ship 476.0 391.0 492.0 427.0
ship 471.0 438.0 489.0 472.0
ship 489.0 438.0 507.0 472.0
ship 512.0 442.0 530.0 476.0
ship 513.0 388.0 532.0 426.0
ship 539.0 388.0 556.0 428.0
ship 565.0 388.0 583.0 429.0
ship 555.0 448.0 577.0 491.0
ship 539.0 449.0 557.0 483.0
ship 609.0 448.0 626.0 487.0
ship 621.0 409.0 635.0 433.0
ship 638.0 395.0 656.0 438.0
ship 631.0 453.0 649.0 487.0
ship 659.0 456.0 675.0 494.0
ship 662.0 398.0 679.0 438.0
ship 688.0 401.0 707.0 443.0
ship 682.0 460.0 701.0 502.0
ship 705.0 467.0 724.0 509.0
ship 710.0 407.0 729.0 449.0
ship 73.0 547.0 92.0 592.0
ship 106.0 546.0 125.0 591.0
ship 146.0 540.0 169.0 595.0
ship 39.0 610.0 63.0 698.0
ship 100.0 613.0 125.0 688.0
ship 132.0 616.0 155.0 695.0
ship 160.0 614.0 187.0 706.0
ship 187.0 619.0 222.0 713.0
ship 181.0 563.0 197.0 600.0
ship 213.0 557.0 228.0 604.0
ship 232.0 558.0 257.0 615.0
ship 223.0 625.0 254.0 722.0
ship 263.0 631.0 294.0 708.0
ship 261.0 562.0 286.0 614.0
ship 291.0 562.0 311.0 616.0
ship 322.0 557.0 346.0 616.0
ship 304.0 638.0 330.0 724.0
ship 341.0 638.0 361.0 716.0
ship 374.0 644.0 396.0 728.0
ship 384.0 569.0 404.0 621.0
ship 351.0 593.0 363.0 619.0
ship 409.0 573.0 430.0 632.0
ship 436.0 574.0 457.0 633.0
ship 476.0 575.0 495.0 627.0
ship 402.0 643.0 428.0 715.0
ship 431.0 651.0 457.0 710.0
ship 457.0 660.0 479.0 706.0
ship 502.0 589.0 524.0 635.0
ship 529.0 594.0 551.0 640.0
ship 486.0 651.0 511.0 714.0
ship 513.0 653.0 540.0 719.0
ship 543.0 656.0 570.0 722.0
ship 575.0 581.0 608.0 649.0
ship 574.0 657.0 600.0 718.0
ship 602.0 653.0 625.0 714.0
ship 608.0 592.0 630.0 647.0
ship 636.0 595.0 654.0 643.0
ship 662.0 599.0 685.0 655.0
ship 657.0 669.0 680.0 722.0
ship 681.0 610.0 721.0 710.0
ship 225.0 103.0 265.0 124.0
ship 151.0 375.0 161.0 401.0
ship 165.0 368.0 179.0 407.0
ship 560.0 615.0 575.0 649.0
ship 65.0 612.0 94.0 705.0
ship 504.0 248.0 521.0 283.0
ship 466.0 244.0 479.0 270.0
ship 171.0 264.0 180.0 295.0
