tenniscourt 377.0 143.0 460.0 197.0
tenniscourt 388.0 197.0 471.0 259.0
tenniscourt 483.0 56.0 567.0 111.0
tenniscourt 498.0 106.0 586.0 164.0
tenniscourt 518.0 162.0 603.0 217.0
tenniscourt 536.0 212.0 621.0 270.0
tenniscourt 589.0 273.0 655.0 360.0
tenniscourt 685.0 398.0 767.0 456.0
tenniscourt 699.0 445.0 780.0 503.0
vehicle 670.0 62.0 680.0 75.0
vehicle 696.0 143.0 708.0 158.0
vehicle 714.0 191.0 723.0 200.0
vehicle 718.0 203.0 727.0 215.0
vehicle 756.0 321.0 767.0 335.0
vehicle 3.0 171.0 19.0 209.0
vehicle 15.0 169.0 30.0 210.0
vehicle 27.0 168.0 42.0 214.0
vehicle 37.0 163.0 53.0 207.0
vehicle 51.0 155.0 67.0 205.0
vehicle 62.0 153.0 80.0 195.0
vehicle 76.0 149.0 95.0 195.0
vehicle 88.0 144.0 105.0 191.0
vehicle 99.0 143.0 118.0 186.0
vehicle 111.0 135.0 130.0 177.0
vehicle 130.0 128.0 148.0 169.0
vehicle 158.0 124.0 179.0 163.0
vehicle 185.0 114.0 201.0 149.0
vehicle 195.0 109.0 214.0 152.0
vehicle 215.0 101.0 233.0 142.0
vehicle 225.0 100.0 244.0 140.0
vehicle 241.0 97.0 254.0 135.0
vehicle 252.0 92.0 268.0 133.0
vehicle 263.0 87.0 278.0 133.0
vehicle 274.0 87.0 292.0 129.0
vehicle 293.0 78.0 316.0 118.0
vehicle 298.0 52.0 337.0 75.0
vehicle 294.0 40.0 335.0 61.0
vehicle 286.0 18.0 324.0 38.0
vehicle 283.0 8.0 322.0 29.0
vehicle 281.0 1.0 318.0 13.0
vehicle 83.0 25.0 115.0 38.0
vehicle 91.0 47.0 121.0 59.0
vehicle 94.0 58.0 125.0 68.0
vehicle 99.0 68.0 129.0 81.0
vehicle 101.0 81.0 134.0 92.0
vehicle 37.0 110.0 99.0 134.0
vehicle 30.0 125.0 83.0 148.0
vehicle 1.0 154.0 18.0 161.0
vehicle 10.0 130.0 21.0 144.0
vehicle 19.0 125.0 29.0 139.0
groundtrackfield 149.0 327.0 664.0 732.0
vehicle 148.0 25.0 179.0 54.0
vehicle 158.0 20.0 191.0 51.0
vehicle 159.0 56.0 181.0 96.0
vehicle 183.0 47.0 206.0 88.0
vehicle 196.0 45.0 216.0 82.0
vehicle 178.0 11.0 211.0 40.0
vehicle 193.0 9.0 226.0 39.0
vehicle 200.0 1.0 235.0 32.0
vehicle 214.0 3.0 250.0 33.0
vehicle 209.0 42.0 229.0 80.0
vehicle 217.0 40.0 239.0 78.0
vehicle 230.0 34.0 252.0 71.0
vehicle 440.0 785.0 449.0 800.0
vehicle 559.0 775.0 567.0 790.0
vehicle 540.0 777.0 548.0 794.0
vehicle 590.0 773.0 598.0 791.0
vehicle 598.0 773.0 607.0 787.0
vehicle 613.0 772.0 622.0 786.0
vehicle 634.0 771.0 641.0 785.0
