tenniscourt 232.0 413.0 298.0 548.0
tenniscourt 307.0 416.0 373.0 550.0
tenniscourt 382.0 418.0 448.0 552.0
tenniscourt 459.0 420.0 525.0 554.0
tenniscourt 386.0 215.0 452.0 349.0
tenniscourt 462.0 217.0 528.0 351.0
vehicle 237.0 583.0 247.0 609.0
vehicle 637.0 413.0 646.0 438.0
vehicle 640.0 311.0 652.0 336.0
vehicle 613.0 424.0 627.0 454.0
vehicle 644.0 114.0 655.0 140.0
vehicle 590.0 129.0 600.0 159.0
vehicle 736.0 10.0 762.0 22.0
vehicle 773.0 498.0 786.0 527.0
vehicle 732.0 533.0 756.0 562.0
vehicle 741.0 642.0 755.0 674.0
vehicle 728.0 639.0 740.0 669.0
vehicle 607.0 729.0 619.0 758.0
vehicle 210.0 752.0 222.0 776.0
vehicle 348.0 755.0 361.0 780.0
vehicle 236.0 750.0 250.0 775.0
vehicle 318.0 753.0 329.0 777.0
