ship 756.0 228.0 777.0 325.0
ship 745.0 371.0 765.0 422.0
ship 739.0 464.0 754.0 560.0
ship 734.0 587.0 755.0 639.0
ship 732.0 642.0 750.0 699.0
ship 730.0 731.0 747.0 773.0
vehicle 44.0 223.0 81.0 240.0
vehicle 225.0 260.0 274.0 282.0
vehicle 272.0 257.0 318.0 280.0
vehicle 214.0 273.0 263.0 294.0
vehicle 200.0 288.0 252.0 312.0
vehicle 268.0 339.0 315.0 356.0
vehicle 686.0 149.0 705.0 182.0
vehicle 670.0 154.0 685.0 177.0
vehicle 655.0 144.0 673.0 171.0
vehicle 643.0 147.0 657.0 167.0
vehicle 618.0 193.0 632.0 219.0
vehicle 714.0 244.0 729.0 278.0
vehicle 711.0 341.0 722.0 367.0
vehicle 709.0 370.0 718.0 397.0
vehicle 705.0 428.0 716.0 449.0
vehicle 700.0 456.0 716.0 500.0
vehicle 697.0 512.0 712.0 533.0
vehicle 695.0 561.0 711.0 586.0
vehicle 698.0 536.0 710.0 556.0
vehicle 669.0 628.0 687.0 650.0
vehicle 144.0 549.0 154.0 567.0
vehicle 555.0 687.0 584.0 702.0
vehicle 507.0 693.0 528.0 707.0
vehicle 470.0 700.0 487.0 713.0
vehicle 232.0 678.0 256.0 692.0
vehicle 171.0 745.0 181.0 767.0
vehicle 364.0 766.0 375.0 788.0
vehicle 165.0 772.0 177.0 795.0
vehicle 640.0 104.0 656.0 117.0
