airplane 100.0 11.0 210.0 97.0
airplane 222.0 16.0 337.0 97.0
airplane 351.0 18.0 452.0 99.0
airplane 445.0 94.0 502.0 125.0
airplane 511.0 138.0 604.0 192.0
airplane 578.0 200.0 670.0 250.0
airplane 4.0 164.0 128.0 233.0
airplane 229.0 176.0 317.0 240.0
airplane 340.0 235.0 452.0 294.0
airplane 416.0 300.0 512.0 354.0
airplane 3.0 379.0 101.0 439.0
airplane 224.0 431.0 325.0 485.0
airplane 416.0 427.0 511.0 503.0
airplane 547.0 417.0 647.0 475.0
airplane 77.0 530.0 177.0 584.0
airplane 159.0 594.0 248.0 647.0
airplane 372.0 560.0 474.0 615.0
airplane 552.0 722.0 652.0 781.0
airplane 756.0 637.0 800.0 674.0
