tenniscourt 296.0 115.0 355.0 158.0
tenniscourt 281.0 139.0 335.0 186.0
tenniscourt 244.0 97.0 293.0 155.0
tenniscourt 207.0 166.0 254.0 222.0
vehicle 331.0 566.0 345.0 576.0
vehicle 150.0 627.0 162.0 637.0
vehicle 685.0 543.0 695.0 556.0
vehicle 560.0 322.0 566.0 332.0
vehicle 661.0 185.0 674.0 197.0
vehicle 614.0 748.0 624.0 757.0
vehicle 384.0 286.0 398.0 301.0
vehicle 475.0 335.0 483.0 346.0
vehicle 248.0 681.0 258.0 688.0
vehicle 262.0 696.0 273.0 706.0
vehicle 339.0 715.0 349.0 725.0
vehicle 300.0 718.0 311.0 727.0
vehicle 318.0 722.0 331.0 729.0
vehicle 359.0 743.0 370.0 752.0
vehicle 361.0 753.0 372.0 760.0
vehicle 116.0 82.0 128.0 94.0
vehicle 112.0 88.0 121.0 97.0
vehicle 111.0 97.0 121.0 107.0
vehicle 82.0 245.0 91.0 259.0
vehicle 110.0 262.0 118.0 274.0
vehicle 124.0 270.0 133.0 282.0
vehicle 129.0 273.0 138.0 284.0
vehicle 95.0 288.0 107.0 296.0
vehicle 109.0 293.0 120.0 302.0
vehicle 148.0 318.0 157.0 327.0
vehicle 157.0 324.0 171.0 335.0
vehicle 169.0 332.0 177.0 341.0
vehicle 178.0 341.0 192.0 350.0
vehicle 188.0 348.0 201.0 358.0
vehicle 302.0 339.0 311.0 350.0
vehicle 379.0 262.0 388.0 273.0
vehicle 382.0 254.0 392.0 263.0
vehicle 413.0 206.0 423.0 216.0
vehicle 660.0 34.0 669.0 42.0
vehicle 655.0 45.0 662.0 51.0
vehicle 651.0 53.0 658.0 61.0
vehicle 619.0 101.0 628.0 109.0
vehicle 614.0 111.0 623.0 115.0
vehicle 613.0 145.0 622.0 155.0
vehicle 624.0 154.0 634.0 163.0
vehicle 633.0 244.0 645.0 254.0
vehicle 642.0 185.0 652.0 195.0
vehicle 642.0 236.0 651.0 243.0
vehicle 648.0 221.0 660.0 227.0
vehicle 665.0 239.0 674.0 249.0
vehicle 460.0 187.0 468.0 197.0
vehicle 719.0 233.0 730.0 243.0
vehicle 786.0 125.0 796.0 131.0
vehicle 787.0 120.0 797.0 126.0
vehicle 791.0 157.0 796.0 167.0
vehicle 782.0 263.0 795.0 272.0
vehicle 497.0 458.0 509.0 465.0
vehicle 541.0 487.0 550.0 493.0
vehicle 781.0 628.0 791.0 638.0
vehicle 786.0 489.0 795.0 503.0
vehicle 738.0 705.0 748.0 714.0
vehicle 758.0 718.0 768.0 727.0
vehicle 619.0 733.0 628.0 742.0
vehicle 770.0 703.0 779.0 712.0
vehicle 633.0 703.0 639.0 714.0
vehicle 646.0 755.0 656.0 763.0
vehicle 642.0 761.0 651.0 768.0
vehicle 610.0 758.0 619.0 765.0
vehicle 605.0 762.0 615.0 770.0
vehicle 655.0 733.0 665.0 741.0
vehicle 650.0 743.0 660.0 752.0
vehicle 619.0 561.0 629.0 570.0
vehicle 576.0 531.0 585.0 545.0
vehicle 475.0 666.0 488.0 675.0
vehicle 243.0 712.0 254.0 720.0
vehicle 239.0 719.0 250.0 727.0
vehicle 240.0 724.0 249.0 732.0
vehicle 234.0 732.0 241.0 739.0
vehicle 224.0 741.0 236.0 751.0
vehicle 221.0 751.0 231.0 760.0
vehicle 215.0 756.0 225.0 763.0
vehicle 54.0 494.0 63.0 507.0
vehicle 14.0 502.0 23.0 512.0
vehicle 212.0 497.0 220.0 509.0
vehicle 264.0 570.0 276.0 580.0
vehicle 154.0 500.0 161.0 512.0
vehicle 196.0 770.0 202.0 784.0
vehicle 140.0 757.0 145.0 768.0
vehicle 209.0 780.0 216.0 791.0
vehicle 243.0 758.0 255.0 767.0
vehicle 219.0 785.0 227.0 800.0
vehicle 104.0 763.0 109.0 775.0
vehicle 107.0 767.0 114.0 776.0
vehicle 114.0 768.0 120.0 781.0
vehicle 81.0 401.0 94.0 415.0
vehicle 82.0 412.0 95.0 423.0
vehicle 48.0 409.0 61.0 418.0
vehicle 115.0 411.0 125.0 423.0
vehicle 104.0 388.0 115.0 396.0
vehicle 348.0 330.0 358.0 341.0
vehicle 413.0 255.0 421.0 265.0
vehicle 598.0 61.0 608.0 71.0
vehicle 590.0 73.0 603.0 83.0
vehicle 584.0 82.0 594.0 92.0
vehicle 573.0 92.0 589.0 102.0
