ship 546.0 698.0 609.0 730.0
ship 489.0 516.0 545.0 569.0
harbor 390.0 398.0 459.0 504.0
ship 344.0 386.0 386.0 448.0
ship 180.0 267.0 219.0 327.0
ship 355.0 45.0 433.0 80.0
ship 300.0 50.0 352.0 129.0
ship 257.0 287.0 307.0 314.0
ship 92.0 231.0 122.0 288.0
vehicle 294.0 498.0 320.0 525.0
vehicle 82.0 415.0 107.0 433.0
vehicle 224.0 581.0 244.0 610.0
ship 339.0 126.0 413.0 156.0
ship 356.0 83.0 430.0 110.0
ship 286.0 209.0 354.0 248.0
ship 270.0 243.0 353.0 285.0
ship 153.0 239.0 196.0 312.0
ship 502.0 567.0 547.0 603.0
ship 555.0 677.0 598.0 702.0
harbor 222.0 42.0 431.0 345.0
