ship 578.0 40.0 694.0 100.0
ship 97.0 361.0 191.0 435.0
ship 33.0 449.0 66.0 474.0
ship 37.0 461.0 64.0 480.0
ship 68.0 287.0 135.0 335.0
ship 353.0 71.0 416.0 116.0
harbor 361.0 207.0 456.0 277.0
harbor 131.0 398.0 183.0 461.0
harbor 586.0 64.0 685.0 145.0
storagetank 159.0 519.0 195.0 547.0
storagetank 25.0 586.0 43.0 602.0
storagetank 195.0 470.0 216.0 492.0
storagetank 276.0 417.0 305.0 450.0
storagetank 296.0 394.0 329.0 422.0
storagetank 364.0 361.0 387.0 382.0
storagetank 387.0 335.0 409.0 359.0
storagetank 402.0 312.0 427.0 336.0
storagetank 351.0 406.0 380.0 433.0
storagetank 320.0 436.0 351.0 465.0
storagetank 292.0 468.0 326.0 497.0
storagetank 339.0 475.0 369.0 503.0
storagetank 369.0 444.0 399.0 475.0
storagetank 197.0 512.0 234.0 547.0
storagetank 158.0 561.0 195.0 594.0
storagetank 196.0 551.0 230.0 586.0
storagetank 145.0 599.0 191.0 637.0
storagetank 190.0 595.0 231.0 629.0
storagetank 152.0 642.0 195.0 674.0
storagetank 196.0 637.0 235.0 674.0
storagetank 570.0 303.0 605.0 334.0
storagetank 573.0 336.0 608.0 365.0
storagetank 575.0 372.0 609.0 404.0
storagetank 633.0 293.0 662.0 317.0
storagetank 637.0 334.0 662.0 358.0
storagetank 674.0 291.0 705.0 322.0
storagetank 679.0 341.0 713.0 377.0
storagetank 681.0 393.0 715.0 426.0
storagetank 686.0 435.0 722.0 468.0
