harbor 530.0 414.0 591.0 603.0
harbor 435.0 363.0 515.0 553.0
harbor 399.0 289.0 453.0 357.0
harbor 273.0 276.0 373.0 518.0
harbor 124.0 285.0 224.0 431.0
harbor 4.0 291.0 78.0 389.0
ship 16.0 514.0 48.0 530.0
ship 57.0 537.0 103.0 553.0
ship 157.0 567.0 199.0 588.0
ship 199.0 586.0 227.0 601.0
harbor 417.0 722.0 553.0 793.0
vehicle 123.0 81.0 144.0 90.0
vehicle 147.0 81.0 177.0 90.0
ship 771.0 428.0 796.0 494.0
ship 41.0 353.0 78.0 367.0
ship 20.0 353.0 35.0 389.0
ship 175.0 410.0 225.0 426.0
ship 341.0 502.0 375.0 517.0
ship 446.0 422.0 489.0 438.0
ship 531.0 537.0 548.0 601.0
harbor 634.0 477.0 746.0 606.0
ship 415.0 747.0 458.0 781.0
ship 765.0 231.0 783.0 282.0
ship 458.0 722.0 477.0 760.0
ship 472.0 733.0 488.0 756.0
ship 497.0 744.0 524.0 773.0
ship 515.0 774.0 550.0 794.0
ship 637.0 494.0 678.0 513.0
ship 638.0 514.0 679.0 531.0
ship 636.0 536.0 680.0 551.0
ship 637.0 555.0 679.0 572.0
ship 643.0 578.0 679.0 592.0
ship 686.0 578.0 749.0 597.0
ship 687.0 540.0 738.0 557.0
ship 687.0 521.0 741.0 539.0
ship 560.0 474.0 590.0 486.0
ship 558.0 486.0 589.0 497.0
ship 558.0 520.0 591.0 534.0
ship 556.0 534.0 592.0 547.0
ship 556.0 571.0 583.0 581.0
ship 553.0 580.0 586.0 592.0
ship 554.0 593.0 588.0 604.0
ship 528.0 429.0 555.0 519.0
ship 457.0 366.0 517.0 407.0
ship 447.0 454.0 479.0 468.0
ship 447.0 472.0 482.0 486.0
ship 447.0 489.0 482.0 502.0
ship 443.0 521.0 480.0 535.0
ship 443.0 537.0 484.0 551.0
ship 398.0 287.0 422.0 329.0
ship 400.0 301.0 442.0 357.0
ship 270.0 312.0 300.0 324.0
ship 308.0 311.0 332.0 322.0
ship 312.0 321.0 336.0 332.0
ship 277.0 324.0 303.0 336.0
ship 277.0 337.0 305.0 346.0
ship 314.0 342.0 338.0 352.0
ship 316.0 351.0 353.0 366.0
ship 319.0 365.0 356.0 380.0
ship 319.0 380.0 352.0 394.0
ship 282.0 371.0 311.0 382.0
ship 276.0 382.0 312.0 392.0
ship 294.0 410.0 317.0 421.0
ship 290.0 433.0 320.0 447.0
ship 292.0 460.0 322.0 472.0
ship 292.0 473.0 327.0 488.0
ship 297.0 486.0 327.0 502.0
ship 331.0 443.0 360.0 454.0
ship 333.0 456.0 363.0 469.0
ship 336.0 466.0 364.0 476.0
ship 334.0 479.0 362.0 488.0
ship 142.0 351.0 168.0 429.0
ship 124.0 288.0 136.0 319.0
ship 142.0 289.0 160.0 340.0
ship 172.0 295.0 198.0 304.0
ship 172.0 310.0 204.0 322.0
ship 173.0 322.0 215.0 337.0
ship 174.0 339.0 208.0 351.0
ship 172.0 354.0 206.0 366.0
ship 175.0 368.0 209.0 381.0
ship 174.0 383.0 207.0 395.0
ship 41.0 321.0 67.0 331.0
ship 39.0 304.0 71.0 317.0
