harbor 337.0 536.0 593.0 729.0
harbor 325.0 39.0 615.0 245.0
ship 340.0 648.0 377.0 692.0
ship 367.0 697.0 446.0 731.0
ship 466.0 672.0 532.0 698.0
ship 348.0 578.0 425.0 626.0
ship 426.0 537.0 547.0 610.0
ship 379.0 600.0 570.0 685.0
ship 323.0 131.0 366.0 245.0
ship 406.0 147.0 430.0 198.0
ship 435.0 141.0 455.0 184.0
ship 466.0 129.0 490.0 184.0
ship 373.0 103.0 424.0 129.0
ship 368.0 84.0 423.0 103.0
ship 355.0 50.0 415.0 71.0
ship 427.0 54.0 455.0 114.0
ship 493.0 104.0 521.0 164.0
ship 525.0 91.0 548.0 160.0
ship 546.0 70.0 583.0 157.0
ship 575.0 79.0 609.0 151.0
ship 519.0 201.0 561.0 220.0
