ship 301.0 261.0 398.0 597.0
ship 309.0 637.0 355.0 786.0
ship 355.0 634.0 377.0 705.0
ship 699.0 681.0 739.0 795.0
ship 672.0 518.0 735.0 665.0
ship 672.0 280.0 717.0 420.0
harbor 419.0 37.0 500.0 278.0
harbor 542.0 36.0 603.0 259.0
ship 685.0 449.0 715.0 486.0
ship 680.0 422.0 718.0 438.0
ship 420.0 81.0 445.0 157.0
ship 464.0 107.0 491.0 182.0
ship 429.0 198.0 450.0 252.0
ship 474.0 197.0 498.0 277.0
ship 539.0 76.0 565.0 152.0
ship 552.0 173.0 579.0 239.0
ship 735.0 420.0 770.0 436.0
ship 736.0 439.0 775.0 456.0
ship 738.0 458.0 784.0 481.0
