airplane 372.0 444.0 412.0 478.0
airplane 523.0 639.0 564.0 680.0
airplane 556.0 196.0 579.0 226.0
airplane 573.0 215.0 594.0 244.0
airplane 600.0 210.0 624.0 245.0
airplane 610.0 67.0 648.0 91.0
storagetank 646.0 671.0 664.0 684.0
airplane 617.0 92.0 648.0 116.0
airplane 593.0 104.0 632.0 126.0
airplane 615.0 116.0 650.0 140.0
airplane 594.0 128.0 633.0 149.0
airplane 612.0 140.0 652.0 161.0
airplane 593.0 150.0 631.0 171.0
airplane 614.0 162.0 651.0 186.0
airplane 591.0 173.0 629.0 195.0
airplane 613.0 187.0 651.0 207.0
airplane 614.0 205.0 645.0 233.0
