ship 88.0 51.0 141.0 71.0
ship 74.0 104.0 130.0 123.0
ship 65.0 145.0 148.0 174.0
ship 64.0 226.0 152.0 262.0
ship 76.0 282.0 142.0 308.0
ship 60.0 341.0 140.0 369.0
ship 72.0 412.0 135.0 437.0
ship 81.0 383.0 124.0 398.0
ship 91.0 401.0 119.0 409.0
ship 50.0 537.0 135.0 564.0
ship 415.0 586.0 445.0 698.0
ship 634.0 183.0 763.0 212.0
ship 641.0 224.0 771.0 258.0
harbor 650.0 48.0 800.0 163.0
harbor 623.0 284.0 800.0 649.0
ship 707.0 424.0 730.0 497.0
ship 712.0 139.0 755.0 162.0
ship 664.0 61.0 702.0 75.0
ship 718.0 47.0 755.0 59.0
ship 718.0 59.0 757.0 74.0
