harbor 145.0 17.0 721.0 336.0
harbor 154.0 406.0 720.0 586.0
harbor 171.0 655.0 719.0 781.0
ship 163.0 288.0 212.0 302.0
ship 163.0 183.0 206.0 195.0
ship 172.0 313.0 212.0 328.0
ship 296.0 20.0 350.0 39.0
ship 359.0 20.0 413.0 39.0
ship 301.0 46.0 355.0 65.0
ship 297.0 88.0 351.0 107.0
ship 363.0 90.0 413.0 107.0
ship 301.0 132.0 351.0 149.0
ship 302.0 152.0 352.0 169.0
ship 367.0 223.0 404.0 235.0
ship 368.0 287.0 414.0 301.0
ship 306.0 311.0 360.0 329.0
ship 364.0 309.0 413.0 327.0
ship 476.0 202.0 525.0 220.0
ship 478.0 41.0 527.0 59.0
ship 545.0 201.0 607.0 222.0
ship 547.0 308.0 609.0 329.0
ship 490.0 310.0 535.0 328.0
ship 184.0 409.0 245.0 427.0
ship 182.0 437.0 247.0 455.0
ship 189.0 511.0 239.0 527.0
ship 162.0 457.0 174.0 492.0
ship 162.0 543.0 176.0 580.0
ship 313.0 537.0 328.0 584.0
ship 332.0 535.0 349.0 582.0
ship 345.0 425.0 392.0 438.0
ship 341.0 508.0 395.0 526.0
ship 407.0 466.0 448.0 481.0
ship 631.0 533.0 649.0 584.0
ship 695.0 539.0 712.0 584.0
ship 180.0 657.0 199.0 717.0
ship 181.0 727.0 197.0 777.0
ship 224.0 731.0 240.0 781.0
ship 311.0 728.0 327.0 774.0
ship 394.0 664.0 410.0 710.0
ship 437.0 666.0 453.0 712.0
ship 523.0 664.0 539.0 710.0
ship 566.0 665.0 582.0 711.0
ship 566.0 728.0 582.0 774.0
ship 608.0 725.0 624.0 771.0
ship 627.0 723.0 644.0 778.0
