vehicle 363.0 594.0 387.0 637.0
vehicle 92.0 176.0 132.0 200.0
vehicle 257.0 274.0 296.0 301.0
vehicle 372.0 248.0 427.0 374.0
vehicle 432.0 458.0 453.0 490.0
vehicle 482.0 301.0 509.0 344.0
vehicle 448.0 243.0 471.0 278.0
vehicle 683.0 576.0 716.0 597.0
vehicle 559.0 526.0 592.0 548.0
vehicle 559.0 499.0 595.0 523.0
vehicle 440.0 54.0 460.0 87.0
vehicle 766.0 140.0 784.0 172.0
vehicle 745.0 134.0 767.0 165.0
vehicle 731.0 79.0 760.0 96.0
vehicle 730.0 56.0 761.0 74.0
overpass 261.0 221.0 535.0 534.0
