vehicle 244.0 440.0 260.0 461.0
vehicle 197.0 517.0 211.0 535.0
vehicle 274.0 522.0 292.0 534.0
vehicle 209.0 636.0 222.0 657.0
vehicle 132.0 681.0 147.0 691.0
vehicle 236.0 597.0 254.0 608.0
vehicle 233.0 607.0 256.0 618.0
vehicle 230.0 615.0 252.0 630.0
vehicle 205.0 685.0 215.0 708.0
vehicle 206.0 713.0 218.0 733.0
vehicle 209.0 741.0 223.0 763.0
vehicle 214.0 768.0 224.0 789.0
vehicle 436.0 541.0 447.0 563.0
vehicle 481.0 534.0 503.0 549.0
vehicle 401.0 468.0 422.0 484.0
vehicle 756.0 458.0 778.0 472.0
vehicle 783.0 452.0 800.0 463.0
tenniscourt 13.0 14.0 111.0 83.0
tenniscourt 26.0 78.0 129.0 145.0
vehicle 517.0 131.0 529.0 153.0
vehicle 559.0 460.0 574.0 481.0
vehicle 553.0 422.0 563.0 441.0
vehicle 401.0 441.0 416.0 460.0
vehicle 139.0 538.0 155.0 550.0
vehicle 238.0 407.0 255.0 423.0
vehicle 670.0 538.0 681.0 556.0
