harbor 556.0 626.0 693.0 760.0
harbor 346.0 497.0 471.0 756.0
harbor 168.0 366.0 272.0 691.0
harbor 45.0 302.0 119.0 651.0
ship 76.0 245.0 153.0 267.0
ship 75.0 349.0 104.0 361.0
ship 67.0 510.0 115.0 529.0
ship 72.0 391.0 108.0 406.0
ship 76.0 369.0 117.0 383.0
ship 70.0 573.0 107.0 591.0
ship 64.0 594.0 102.0 609.0
ship 63.0 614.0 101.0 629.0
ship 210.0 369.0 261.0 389.0
ship 177.0 397.0 212.0 414.0
ship 229.0 401.0 259.0 413.0
ship 383.0 499.0 472.0 520.0
ship 224.0 485.0 255.0 497.0
ship 178.0 505.0 209.0 517.0
ship 228.0 506.0 258.0 519.0
ship 172.0 526.0 208.0 540.0
ship 222.0 551.0 273.0 569.0
ship 167.0 593.0 201.0 607.0
ship 170.0 615.0 206.0 630.0
ship 178.0 640.0 209.0 651.0
ship 221.0 616.0 257.0 632.0
ship 226.0 595.0 261.0 608.0
ship 225.0 571.0 264.0 584.0
ship 73.0 473.0 107.0 486.0
ship 66.0 537.0 98.0 549.0
ship 404.0 699.0 457.0 716.0
ship 416.0 575.0 466.0 590.0
ship 424.0 614.0 460.0 628.0
ship 409.0 678.0 453.0 692.0
ship 358.0 527.0 399.0 542.0
ship 367.0 551.0 399.0 565.0
ship 347.0 686.0 394.0 702.0
ship 347.0 664.0 395.0 681.0
ship 362.0 617.0 397.0 630.0
ship 349.0 639.0 395.0 653.0
ship 350.0 708.0 381.0 724.0
ship 370.0 573.0 400.0 585.0
ship 347.0 730.0 381.0 749.0
ship 628.0 690.0 687.0 710.0
ship 631.0 635.0 692.0 658.0
ship 555.0 658.0 614.0 680.0
ship 637.0 719.0 675.0 735.0
ship 62.0 681.0 99.0 694.0
ship 556.0 628.0 615.0 655.0
ship 407.0 632.0 449.0 649.0
ship 360.0 593.0 398.0 611.0
