bridge 474.0 58.0 509.0 654.0
harbor 160.0 615.0 397.0 672.0
ship 167.0 618.0 209.0 634.0
ship 361.0 604.0 397.0 615.0
ship 334.0 633.0 366.0 650.0
ship 375.0 640.0 384.0 655.0
ship 187.0 640.0 241.0 656.0
ship 258.0 635.0 306.0 647.0
ship 203.0 662.0 246.0 683.0
ship 264.0 660.0 313.0 676.0
ship 127.0 701.0 152.0 719.0
ship 136.0 713.0 153.0 728.0
ship 148.0 725.0 163.0 736.0
ship 155.0 733.0 171.0 749.0
ship 159.0 742.0 182.0 761.0
ship 168.0 753.0 190.0 771.0
ship 174.0 766.0 199.0 781.0
ship 187.0 777.0 203.0 790.0
ship 215.0 797.0 220.0 800.0
vehicle 210.0 745.0 223.0 751.0
vehicle 254.0 752.0 270.0 760.0
vehicle 207.0 730.0 216.0 733.0
vehicle 348.0 697.0 363.0 702.0
vehicle 300.0 703.0 313.0 709.0
vehicle 301.0 692.0 313.0 699.0
vehicle 261.0 689.0 277.0 695.0
vehicle 494.0 763.0 499.0 778.0
vehicle 506.0 729.0 511.0 741.0
vehicle 493.0 662.0 498.0 677.0
vehicle 491.0 571.0 496.0 586.0
vehicle 483.0 494.0 488.0 511.0
vehicle 492.0 469.0 496.0 483.0
vehicle 492.0 368.0 496.0 380.0
vehicle 492.0 309.0 496.0 323.0
vehicle 483.0 158.0 488.0 172.0
vehicle 485.0 87.0 490.0 103.0
vehicle 488.0 25.0 493.0 41.0
