harbor 360.0 495.0 686.0 745.0
harbor 220.0 231.0 304.0 476.0
harbor 379.0 35.0 610.0 222.0
harbor 351.0 119.0 427.0 413.0
harbor 434.0 344.0 604.0 479.0
ship 368.0 484.0 381.0 515.0
ship 348.0 501.0 357.0 521.0
ship 342.0 478.0 350.0 492.0
vehicle 107.0 252.0 120.0 263.0
ship 407.0 231.0 425.0 279.0
ship 225.0 230.0 255.0 244.0
ship 230.0 245.0 256.0 258.0
ship 234.0 259.0 260.0 272.0
ship 237.0 273.0 263.0 286.0
ship 240.0 302.0 270.0 315.0
ship 245.0 315.0 270.0 326.0
ship 246.0 331.0 273.0 344.0
ship 256.0 359.0 282.0 369.0
ship 259.0 373.0 284.0 384.0
ship 260.0 385.0 284.0 397.0
ship 263.0 400.0 288.0 410.0
ship 267.0 413.0 294.0 424.0
ship 271.0 436.0 300.0 452.0
ship 238.0 416.0 254.0 425.0
ship 552.0 34.0 577.0 118.0
ship 526.0 90.0 543.0 125.0
ship 510.0 94.0 527.0 132.0
ship 490.0 97.0 511.0 142.0
ship 475.0 110.0 491.0 145.0
ship 452.0 98.0 475.0 154.0
ship 437.0 114.0 455.0 157.0
ship 409.0 104.0 435.0 162.0
ship 362.0 132.0 375.0 164.0
ship 350.0 138.0 360.0 163.0
ship 574.0 125.0 603.0 164.0
ship 557.0 134.0 576.0 172.0
ship 545.0 142.0 560.0 177.0
ship 522.0 146.0 542.0 183.0
ship 483.0 157.0 502.0 198.0
ship 465.0 163.0 485.0 201.0
ship 445.0 166.0 487.0 212.0
ship 427.0 176.0 443.0 210.0
ship 356.0 168.0 381.0 178.0
ship 360.0 180.0 382.0 189.0
ship 362.0 192.0 384.0 202.0
ship 368.0 216.0 390.0 227.0
ship 371.0 227.0 392.0 236.0
ship 373.0 240.0 394.0 250.0
ship 417.0 292.0 427.0 316.0
ship 389.0 299.0 408.0 309.0
ship 389.0 310.0 412.0 319.0
ship 394.0 333.0 415.0 343.0
ship 400.0 357.0 420.0 366.0
ship 401.0 370.0 424.0 380.0
ship 405.0 381.0 426.0 392.0
ship 410.0 395.0 429.0 403.0
ship 411.0 405.0 431.0 415.0
ship 437.0 379.0 457.0 420.0
ship 455.0 381.0 470.0 411.0
ship 471.0 377.0 483.0 406.0
ship 485.0 371.0 498.0 403.0
ship 500.0 369.0 514.0 396.0
ship 515.0 359.0 533.0 397.0
ship 532.0 356.0 548.0 391.0
ship 549.0 353.0 562.0 384.0
ship 563.0 347.0 578.0 379.0
ship 502.0 440.0 511.0 457.0
ship 452.0 435.0 471.0 481.0
ship 388.0 509.0 407.0 520.0
ship 384.0 580.0 398.0 613.0
ship 402.0 576.0 416.0 610.0
ship 392.0 617.0 418.0 630.0
ship 396.0 632.0 423.0 642.0
ship 397.0 645.0 426.0 657.0
ship 400.0 660.0 427.0 672.0
ship 404.0 673.0 429.0 685.0
ship 405.0 686.0 433.0 699.0
ship 434.0 713.0 464.0 725.0
ship 470.0 700.0 499.0 720.0
ship 467.0 681.0 493.0 694.0
ship 467.0 670.0 489.0 679.0
ship 464.0 659.0 484.0 668.0
ship 459.0 642.0 484.0 653.0
ship 456.0 628.0 480.0 639.0
ship 455.0 616.0 477.0 625.0
ship 452.0 603.0 472.0 612.0
ship 449.0 590.0 472.0 599.0
ship 442.0 560.0 453.0 585.0
ship 456.0 553.0 469.0 582.0
ship 474.0 550.0 486.0 587.0
ship 493.0 544.0 509.0 582.0
ship 496.0 653.0 509.0 683.0
ship 509.0 649.0 525.0 683.0
ship 528.0 646.0 540.0 674.0
ship 543.0 642.0 555.0 668.0
ship 557.0 630.0 573.0 664.0
ship 575.0 629.0 590.0 658.0
ship 592.0 623.0 608.0 655.0
ship 610.0 620.0 623.0 650.0
ship 626.0 615.0 639.0 644.0
ship 644.0 607.0 655.0 636.0
ship 658.0 601.0 672.0 637.0
ship 542.0 679.0 568.0 693.0
ship 577.0 669.0 603.0 680.0
ship 616.0 656.0 646.0 668.0
ship 509.0 536.0 530.0 578.0
ship 526.0 526.0 551.0 580.0
ship 547.0 528.0 564.0 567.0
ship 569.0 520.0 583.0 561.0
ship 583.0 515.0 603.0 558.0
ship 603.0 522.0 620.0 554.0
ship 617.0 498.0 643.0 552.0
harbor 278.0 151.0 388.0 467.0
