harbor 105.0 86.0 704.0 282.0
harbor 188.0 398.0 704.0 614.0
harbor 3.0 86.0 171.0 607.0
ship 16.0 237.0 91.0 263.0
ship 21.0 270.0 98.0 302.0
ship 38.0 346.0 115.0 378.0
ship 59.0 468.0 129.0 496.0
ship 83.0 514.0 115.0 608.0
ship 113.0 87.0 139.0 174.0
ship 151.0 87.0 177.0 174.0
ship 133.0 189.0 163.0 271.0
ship 267.0 90.0 295.0 164.0
ship 254.0 196.0 286.0 280.0
ship 303.0 88.0 335.0 172.0
ship 345.0 96.0 369.0 164.0
ship 336.0 199.0 362.0 274.0
ship 392.0 94.0 414.0 163.0
ship 423.0 88.0 455.0 170.0
ship 502.0 88.0 534.0 170.0
ship 548.0 90.0 574.0 157.0
ship 457.0 201.0 486.0 277.0
ship 497.0 198.0 521.0 271.0
ship 617.0 193.0 647.0 280.0
ship 672.0 183.0 705.0 280.0
ship 557.0 512.0 590.0 609.0
ship 514.0 516.0 547.0 613.0
ship 468.0 510.0 501.0 607.0
ship 426.0 525.0 457.0 608.0
ship 203.0 515.0 240.0 613.0
ship 242.0 407.0 273.0 490.0
ship 283.0 405.0 314.0 488.0
ship 325.0 408.0 356.0 491.0
ship 365.0 413.0 387.0 484.0
ship 412.0 403.0 439.0 480.0
ship 451.0 395.0 479.0 494.0
ship 534.0 408.0 559.0 495.0
