harbor 31.0 120.0 124.0 618.0
harbor 154.0 128.0 235.0 620.0
harbor 275.0 129.0 348.0 593.0
harbor 391.0 133.0 471.0 597.0
harbor 511.0 114.0 594.0 608.0
harbor 645.0 105.0 744.0 589.0
ship 731.0 99.0 773.0 131.0
ship 52.0 273.0 79.0 282.0
ship 50.0 127.0 85.0 138.0
ship 49.0 157.0 82.0 170.0
ship 50.0 172.0 80.0 183.0
ship 48.0 187.0 81.0 198.0
ship 47.0 200.0 80.0 212.0
ship 47.0 215.0 78.0 226.0
ship 88.0 240.0 119.0 249.0
ship 46.0 242.0 82.0 254.0
ship 46.0 285.0 81.0 297.0
ship 48.0 314.0 78.0 325.0
ship 47.0 300.0 79.0 311.0
ship 47.0 411.0 78.0 422.0
ship 47.0 328.0 81.0 338.0
ship 48.0 341.0 75.0 350.0
ship 46.0 354.0 79.0 367.0
ship 45.0 368.0 80.0 381.0
ship 49.0 383.0 78.0 394.0
ship 46.0 398.0 77.0 408.0
ship 44.0 496.0 78.0 507.0
ship 46.0 425.0 78.0 436.0
ship 45.0 440.0 79.0 450.0
ship 46.0 454.0 82.0 465.0
ship 46.0 468.0 77.0 478.0
ship 42.0 478.0 73.0 490.0
ship 44.0 511.0 77.0 521.0
ship 47.0 525.0 74.0 535.0
ship 47.0 538.0 75.0 547.0
ship 43.0 553.0 76.0 562.0
ship 45.0 566.0 76.0 575.0
ship 45.0 578.0 78.0 589.0
ship 28.0 599.0 77.0 614.0
ship 85.0 573.0 111.0 582.0
ship 90.0 603.0 118.0 614.0
ship 88.0 559.0 115.0 568.0
ship 85.0 544.0 115.0 556.0
ship 86.0 533.0 115.0 542.0
ship 86.0 518.0 114.0 529.0
ship 85.0 505.0 117.0 515.0
ship 86.0 491.0 116.0 501.0
ship 86.0 478.0 113.0 488.0
ship 85.0 452.0 119.0 461.0
ship 85.0 439.0 116.0 448.0
ship 86.0 398.0 115.0 409.0
ship 90.0 385.0 117.0 395.0
ship 88.0 371.0 122.0 382.0
ship 87.0 345.0 117.0 355.0
ship 88.0 318.0 117.0 330.0
ship 91.0 305.0 121.0 316.0
ship 87.0 293.0 119.0 302.0
ship 87.0 278.0 120.0 289.0
ship 89.0 265.0 118.0 275.0
ship 87.0 254.0 114.0 262.0
ship 87.0 226.0 117.0 236.0
ship 92.0 198.0 115.0 208.0
ship 86.0 129.0 120.0 140.0
ship 172.0 128.0 210.0 140.0
ship 170.0 146.0 196.0 156.0
ship 169.0 206.0 197.0 218.0
ship 166.0 584.0 191.0 593.0
ship 201.0 597.0 230.0 620.0
ship 155.0 603.0 188.0 614.0
ship 203.0 586.0 227.0 595.0
ship 204.0 207.0 230.0 216.0
ship 202.0 194.0 229.0 205.0
ship 204.0 147.0 228.0 155.0
ship 279.0 241.0 313.0 251.0
ship 279.0 266.0 309.0 278.0
ship 280.0 333.0 306.0 342.0
ship 278.0 398.0 310.0 411.0
ship 280.0 413.0 310.0 425.0
ship 278.0 443.0 308.0 454.0
ship 277.0 458.0 308.0 469.0
ship 277.0 488.0 308.0 499.0
ship 275.0 503.0 309.0 514.0
ship 277.0 518.0 310.0 530.0
ship 278.0 533.0 305.0 543.0
ship 277.0 548.0 308.0 559.0
ship 274.0 563.0 309.0 575.0
ship 276.0 576.0 307.0 588.0
ship 313.0 579.0 345.0 590.0
ship 313.0 562.0 342.0 572.0
ship 314.0 550.0 340.0 559.0
ship 314.0 524.0 341.0 535.0
ship 315.0 512.0 342.0 523.0
ship 315.0 501.0 340.0 510.0
ship 315.0 487.0 343.0 498.0
ship 317.0 476.0 342.0 486.0
ship 318.0 464.0 342.0 473.0
ship 316.0 452.0 343.0 461.0
ship 316.0 428.0 343.0 436.0
ship 317.0 415.0 344.0 425.0
ship 316.0 402.0 344.0 413.0
ship 317.0 391.0 342.0 399.0
ship 278.0 373.0 309.0 384.0
ship 279.0 360.0 309.0 370.0
ship 282.0 347.0 303.0 357.0
ship 316.0 367.0 343.0 376.0
ship 316.0 354.0 343.0 364.0
ship 279.0 306.0 309.0 317.0
ship 316.0 342.0 344.0 351.0
ship 320.0 331.0 343.0 339.0
ship 316.0 318.0 343.0 328.0
ship 319.0 307.0 345.0 317.0
ship 317.0 294.0 345.0 304.0
ship 317.0 282.0 344.0 291.0
ship 317.0 269.0 345.0 279.0
ship 396.0 132.0 427.0 143.0
ship 397.0 147.0 429.0 159.0
ship 395.0 161.0 429.0 174.0
ship 397.0 189.0 423.0 199.0
ship 398.0 201.0 425.0 210.0
ship 397.0 228.0 426.0 240.0
ship 432.0 255.0 463.0 266.0
ship 435.0 229.0 463.0 239.0
ship 433.0 216.0 462.0 226.0
ship 436.0 202.0 462.0 213.0
ship 433.0 175.0 463.0 186.0
ship 436.0 162.0 463.0 172.0
ship 437.0 148.0 462.0 158.0
ship 438.0 133.0 463.0 143.0
ship 647.0 513.0 684.0 526.0
ship 634.0 553.0 686.0 567.0
ship 611.0 571.0 646.0 584.0
ship 650.0 572.0 692.0 587.0
ship 690.0 529.0 706.0 573.0
ship 690.0 477.0 711.0 514.0
ship 47.0 145.0 81.0 155.0
ship 93.0 172.0 121.0 182.0
ship 88.0 186.0 117.0 196.0
ship 204.0 159.0 230.0 167.0
ship 171.0 158.0 198.0 168.0
ship 172.0 171.0 197.0 180.0
ship 207.0 171.0 228.0 179.0
ship 171.0 183.0 193.0 191.0
ship 205.0 221.0 229.0 230.0
ship 167.0 219.0 193.0 229.0
ship 169.0 231.0 197.0 241.0
ship 169.0 244.0 198.0 254.0
ship 206.0 245.0 230.0 254.0
ship 205.0 256.0 228.0 266.0
ship 204.0 269.0 229.0 278.0
ship 170.0 256.0 196.0 265.0
ship 169.0 269.0 194.0 278.0
ship 170.0 281.0 198.0 290.0
ship 170.0 293.0 193.0 302.0
ship 171.0 305.0 192.0 314.0
ship 203.0 305.0 230.0 315.0
ship 204.0 318.0 227.0 327.0
ship 168.0 317.0 194.0 326.0
ship 166.0 328.0 194.0 338.0
ship 206.0 331.0 225.0 339.0
ship 168.0 352.0 190.0 362.0
ship 206.0 355.0 228.0 362.0
ship 168.0 365.0 193.0 374.0
ship 204.0 365.0 225.0 372.0
ship 168.0 377.0 193.0 385.0
ship 202.0 378.0 227.0 387.0
ship 168.0 388.0 191.0 399.0
ship 203.0 390.0 228.0 400.0
ship 202.0 400.0 227.0 412.0
ship 172.0 401.0 192.0 409.0
ship 168.0 413.0 192.0 422.0
ship 200.0 414.0 228.0 424.0
ship 201.0 427.0 228.0 437.0
ship 167.0 426.0 195.0 436.0
ship 169.0 438.0 193.0 447.0
ship 205.0 439.0 225.0 448.0
ship 167.0 451.0 191.0 460.0
ship 200.0 451.0 226.0 461.0
ship 167.0 462.0 193.0 472.0
ship 204.0 462.0 228.0 471.0
ship 201.0 476.0 225.0 484.0
ship 168.0 474.0 192.0 483.0
ship 165.0 487.0 191.0 497.0
ship 199.0 499.0 225.0 509.0
ship 166.0 500.0 191.0 507.0
ship 166.0 511.0 196.0 520.0
ship 201.0 524.0 227.0 533.0
ship 165.0 534.0 193.0 546.0
ship 201.0 536.0 226.0 546.0
ship 166.0 547.0 194.0 558.0
ship 200.0 560.0 224.0 571.0
ship 168.0 560.0 192.0 569.0
ship 167.0 572.0 193.0 581.0
ship 199.0 574.0 225.0 583.0
ship 318.0 257.0 344.0 268.0
ship 317.0 245.0 345.0 255.0
ship 317.0 233.0 345.0 242.0
ship 281.0 227.0 311.0 237.0
ship 283.0 202.0 308.0 211.0
ship 318.0 208.0 346.0 217.0
ship 321.0 197.0 341.0 205.0
ship 280.0 127.0 324.0 139.0
ship 324.0 133.0 346.0 141.0
ship 280.0 146.0 312.0 157.0
ship 319.0 147.0 345.0 157.0
ship 320.0 160.0 345.0 169.0
ship 319.0 171.0 346.0 182.0
ship 281.0 160.0 312.0 170.0
ship 278.0 173.0 313.0 185.0
ship 395.0 241.0 429.0 252.0
ship 396.0 255.0 425.0 265.0
ship 396.0 271.0 427.0 280.0
ship 433.0 270.0 463.0 279.0
ship 396.0 282.0 425.0 291.0
ship 435.0 282.0 461.0 291.0
ship 433.0 296.0 465.0 307.0
ship 394.0 295.0 426.0 307.0
ship 399.0 310.0 422.0 320.0
ship 434.0 309.0 464.0 319.0
ship 435.0 322.0 462.0 332.0
ship 395.0 335.0 424.0 344.0
ship 392.0 349.0 421.0 360.0
ship 435.0 348.0 459.0 359.0
ship 431.0 362.0 463.0 372.0
ship 391.0 360.0 426.0 372.0
ship 394.0 376.0 422.0 385.0
ship 430.0 375.0 461.0 386.0
ship 434.0 388.0 462.0 397.0
ship 396.0 389.0 423.0 398.0
ship 392.0 415.0 425.0 427.0
ship 434.0 401.0 461.0 412.0
ship 433.0 416.0 463.0 426.0
ship 434.0 431.0 461.0 440.0
ship 394.0 430.0 427.0 441.0
ship 391.0 445.0 423.0 456.0
ship 432.0 445.0 462.0 456.0
ship 431.0 459.0 461.0 471.0
ship 429.0 474.0 459.0 486.0
ship 393.0 476.0 424.0 487.0
ship 431.0 490.0 461.0 501.0
ship 394.0 489.0 422.0 500.0
ship 394.0 504.0 425.0 514.0
ship 430.0 504.0 461.0 516.0
ship 393.0 519.0 423.0 531.0
ship 433.0 521.0 459.0 531.0
ship 392.0 534.0 425.0 546.0
ship 430.0 535.0 460.0 547.0
ship 391.0 548.0 420.0 561.0
ship 393.0 563.0 424.0 575.0
ship 434.0 564.0 459.0 576.0
ship 391.0 578.0 422.0 590.0
ship 430.0 578.0 457.0 588.0
ship 511.0 530.0 544.0 540.0
ship 511.0 543.0 541.0 558.0
ship 548.0 554.0 588.0 566.0
ship 549.0 540.0 586.0 550.0
ship 549.0 526.0 584.0 539.0
ship 550.0 509.0 581.0 521.0
ship 550.0 493.0 581.0 504.0
ship 550.0 461.0 585.0 475.0
ship 549.0 447.0 584.0 458.0
ship 553.0 430.0 584.0 441.0
ship 554.0 415.0 586.0 425.0
ship 516.0 491.0 542.0 501.0
ship 511.0 503.0 539.0 513.0
ship 511.0 516.0 545.0 528.0
ship 511.0 476.0 540.0 488.0
ship 513.0 463.0 544.0 474.0
ship 517.0 450.0 542.0 461.0
ship 513.0 424.0 543.0 432.0
ship 513.0 410.0 543.0 420.0
ship 648.0 446.0 687.0 461.0
ship 648.0 462.0 689.0 477.0
ship 648.0 480.0 686.0 494.0
ship 647.0 497.0 686.0 509.0
ship 649.0 414.0 687.0 427.0
ship 647.0 397.0 690.0 411.0
ship 648.0 381.0 687.0 394.0
ship 650.0 350.0 687.0 363.0
ship 695.0 344.0 731.0 357.0
ship 652.0 335.0 687.0 347.0
ship 649.0 319.0 688.0 333.0
ship 651.0 307.0 686.0 317.0
ship 654.0 291.0 688.0 302.0
ship 650.0 277.0 688.0 289.0
ship 695.0 285.0 727.0 297.0
ship 696.0 299.0 732.0 310.0
ship 698.0 313.0 735.0 323.0
ship 697.0 329.0 728.0 341.0
ship 514.0 370.0 544.0 380.0
ship 515.0 383.0 541.0 394.0
ship 513.0 397.0 544.0 407.0
ship 551.0 370.0 586.0 382.0
ship 550.0 384.0 582.0 394.0
ship 553.0 398.0 584.0 410.0
ship 550.0 356.0 582.0 368.0
ship 516.0 344.0 542.0 354.0
ship 512.0 331.0 539.0 341.0
ship 558.0 331.0 582.0 338.0
ship 553.0 343.0 583.0 353.0
ship 515.0 305.0 543.0 315.0
ship 552.0 314.0 587.0 326.0
ship 550.0 300.0 585.0 311.0
ship 552.0 287.0 583.0 297.0
ship 553.0 273.0 584.0 283.0
ship 518.0 277.0 542.0 286.0
ship 514.0 263.0 545.0 274.0
ship 520.0 250.0 541.0 258.0
ship 555.0 259.0 584.0 270.0
ship 555.0 229.0 586.0 241.0
ship 514.0 223.0 544.0 234.0
ship 652.0 262.0 691.0 275.0
ship 700.0 256.0 732.0 268.0
ship 698.0 242.0 729.0 254.0
ship 651.0 233.0 689.0 245.0
ship 699.0 229.0 736.0 239.0
ship 515.0 209.0 542.0 220.0
ship 516.0 197.0 546.0 207.0
ship 514.0 183.0 546.0 194.0
ship 514.0 171.0 543.0 180.0
ship 516.0 157.0 546.0 167.0
ship 514.0 143.0 547.0 154.0
ship 519.0 114.0 544.0 125.0
ship 548.0 113.0 587.0 125.0
ship 554.0 132.0 588.0 141.0
ship 554.0 160.0 587.0 169.0
ship 551.0 173.0 589.0 185.0
ship 553.0 187.0 586.0 198.0
ship 553.0 201.0 585.0 212.0
ship 554.0 216.0 584.0 226.0
ship 660.0 110.0 730.0 126.0
ship 652.0 146.0 687.0 157.0
ship 698.0 132.0 744.0 146.0
ship 652.0 160.0 690.0 172.0
ship 654.0 175.0 691.0 188.0
ship 651.0 204.0 687.0 216.0
ship 653.0 219.0 689.0 231.0
ship 696.0 166.0 744.0 181.0
ship 695.0 184.0 733.0 196.0
ship 698.0 214.0 735.0 226.0
