groundtrackfield 292.0 76.0 571.0 689.0
basketballcourt 120.0 209.0 170.0 296.0
basketballcourt 174.0 208.0 221.0 295.0
vehicle 136.0 163.0 145.0 183.0
vehicle 117.0 163.0 128.0 184.0
vehicle 116.0 77.0 125.0 92.0
vehicle 210.0 123.0 229.0 131.0
vehicle 66.0 344.0 85.0 353.0
vehicle 64.0 356.0 84.0 364.0
vehicle 66.0 365.0 82.0 373.0
vehicle 65.0 376.0 85.0 386.0
vehicle 128.0 656.0 136.0 679.0
vehicle 149.0 661.0 159.0 678.0
vehicle 775.0 258.0 791.0 269.0
vehicle 705.0 385.0 728.0 394.0
vehicle 777.0 446.0 796.0 456.0
vehicle 680.0 686.0 701.0 696.0
