airplane 494.0 356.0 567.0 418.0
vehicle 478.0 406.0 484.0 419.0
vehicle 589.0 531.0 602.0 547.0
vehicle 484.0 408.0 491.0 421.0
vehicle 489.0 410.0 497.0 425.0
vehicle 466.0 400.0 473.0 413.0
vehicle 460.0 399.0 467.0 412.0
vehicle 451.0 396.0 460.0 411.0
vehicle 446.0 391.0 455.0 408.0
vehicle 439.0 389.0 448.0 406.0
vehicle 431.0 388.0 441.0 404.0
vehicle 425.0 385.0 435.0 398.0
vehicle 417.0 379.0 430.0 392.0
vehicle 442.0 341.0 449.0 355.0
vehicle 456.0 340.0 464.0 357.0
vehicle 475.0 344.0 490.0 350.0
vehicle 573.0 320.0 579.0 332.0
vehicle 581.0 321.0 589.0 335.0
vehicle 590.0 325.0 595.0 337.0
vehicle 596.0 325.0 603.0 339.0
vehicle 643.0 341.0 651.0 358.0
vehicle 277.0 205.0 292.0 211.0
vehicle 276.0 213.0 292.0 219.0
vehicle 468.0 84.0 482.0 99.0
vehicle 551.0 66.0 564.0 73.0
vehicle 397.0 135.0 412.0 141.0
vehicle 529.0 105.0 545.0 111.0
vehicle 699.0 97.0 706.0 111.0
vehicle 620.0 100.0 633.0 107.0
vehicle 593.0 123.0 606.0 129.0
vehicle 626.0 117.0 642.0 127.0
vehicle 640.0 171.0 657.0 181.0
vehicle 660.0 190.0 675.0 196.0
vehicle 664.0 197.0 679.0 204.0
vehicle 430.0 133.0 445.0 147.0
vehicle 484.0 131.0 501.0 142.0
vehicle 648.0 133.0 658.0 148.0
vehicle 663.0 140.0 676.0 155.0
vehicle 667.0 164.0 680.0 177.0
vehicle 687.0 159.0 694.0 175.0
airplane 495.0 465.0 569.0 532.0
