tenniscourt 104.0 107.0 133.0 168.0
tenniscourt 139.0 109.0 168.0 168.0
tenniscourt 176.0 107.0 206.0 169.0
tenniscourt 111.0 217.0 143.0 278.0
tenniscourt 150.0 219.0 181.0 279.0
tenniscourt 187.0 220.0 219.0 281.0
vehicle 772.0 8.0 781.0 18.0
vehicle 772.0 57.0 779.0 67.0
vehicle 781.0 66.0 787.0 78.0
vehicle 619.0 624.0 626.0 641.0
vehicle 627.0 623.0 632.0 638.0
vehicle 633.0 623.0 638.0 638.0
vehicle 638.0 623.0 646.0 638.0
vehicle 646.0 622.0 653.0 637.0
vehicle 662.0 617.0 669.0 632.0
vehicle 631.0 657.0 638.0 672.0
vehicle 638.0 655.0 645.0 671.0
vehicle 646.0 655.0 652.0 674.0
vehicle 661.0 648.0 666.0 660.0
vehicle 670.0 647.0 676.0 662.0
vehicle 679.0 645.0 684.0 656.0
vehicle 686.0 646.0 693.0 662.0
vehicle 679.0 608.0 696.0 626.0
vehicle 700.0 612.0 720.0 629.0
vehicle 712.0 609.0 730.0 627.0
vehicle 713.0 598.0 730.0 614.0
vehicle 728.0 602.0 744.0 615.0
vehicle 733.0 595.0 751.0 612.0
vehicle 746.0 597.0 762.0 612.0
vehicle 752.0 591.0 771.0 608.0
vehicle 763.0 591.0 782.0 608.0
vehicle 738.0 613.0 763.0 626.0
vehicle 712.0 643.0 723.0 665.0
vehicle 723.0 642.0 732.0 665.0
vehicle 734.0 639.0 744.0 662.0
vehicle 744.0 638.0 753.0 662.0
vehicle 752.0 634.0 763.0 658.0
vehicle 766.0 631.0 779.0 653.0
vehicle 720.0 666.0 747.0 677.0
vehicle 753.0 658.0 772.0 669.0
vehicle 641.0 688.0 646.0 698.0
vehicle 657.0 688.0 664.0 696.0
vehicle 693.0 689.0 698.0 698.0
vehicle 733.0 685.0 739.0 699.0
vehicle 758.0 680.0 765.0 694.0
vehicle 772.0 679.0 779.0 693.0
vehicle 779.0 676.0 785.0 691.0
vehicle 787.0 674.0 794.0 688.0
vehicle 719.0 733.0 725.0 747.0
vehicle 773.0 589.0 791.0 605.0
vehicle 768.0 608.0 790.0 618.0
vehicle 785.0 588.0 800.0 605.0
vehicle 776.0 629.0 787.0 652.0
vehicle 785.0 628.0 795.0 652.0
vehicle 776.0 653.0 797.0 661.0
vehicle 738.0 756.0 749.0 762.0
vehicle 713.0 768.0 718.0 780.0
vehicle 706.0 733.0 713.0 747.0
vehicle 689.0 758.0 701.0 765.0
vehicle 693.0 770.0 704.0 776.0
vehicle 695.0 776.0 708.0 782.0
vehicle 699.0 784.0 708.0 790.0
vehicle 694.0 790.0 706.0 795.0
vehicle 743.0 789.0 756.0 795.0
vehicle 492.0 696.0 497.0 706.0
vehicle 507.0 733.0 512.0 743.0
vehicle 446.0 708.0 452.0 720.0
vehicle 427.0 713.0 433.0 724.0
vehicle 422.0 713.0 428.0 724.0
vehicle 426.0 736.0 436.0 742.0
vehicle 404.0 742.0 415.0 747.0
vehicle 377.0 747.0 387.0 752.0
vehicle 349.0 752.0 358.0 758.0
vehicle 435.0 631.0 451.0 645.0
vehicle 334.0 724.0 342.0 737.0
vehicle 291.0 746.0 297.0 757.0
vehicle 306.0 657.0 311.0 667.0
vehicle 312.0 657.0 317.0 667.0
vehicle 324.0 656.0 329.0 667.0
vehicle 391.0 614.0 399.0 624.0
vehicle 485.0 588.0 494.0 598.0
vehicle 487.0 557.0 495.0 570.0
vehicle 445.0 536.0 455.0 543.0
vehicle 469.0 533.0 479.0 542.0
vehicle 456.0 524.0 466.0 532.0
vehicle 339.0 610.0 350.0 623.0
vehicle 499.0 679.0 509.0 688.0
