harbor 2.0 31.0 72.0 618.0
harbor 110.0 31.0 200.0 635.0
harbor 242.0 31.0 337.0 657.0
harbor 394.0 29.0 507.0 656.0
harbor 550.0 25.0 669.0 639.0
harbor 727.0 28.0 794.0 664.0
ship 32.0 81.0 60.0 92.0
ship 117.0 80.0 147.0 93.0
ship 35.0 97.0 63.0 108.0
ship 31.0 113.0 59.0 124.0
ship 34.0 130.0 62.0 141.0
ship 35.0 164.0 63.0 175.0
ship 32.0 145.0 60.0 156.0
ship 35.0 181.0 63.0 192.0
ship 31.0 213.0 59.0 224.0
ship 31.0 192.0 59.0 203.0
ship 34.0 241.0 65.0 257.0
ship 35.0 257.0 63.0 272.0
ship 36.0 276.0 64.0 291.0
ship 35.0 339.0 69.0 354.0
ship 35.0 358.0 62.0 369.0
ship 34.0 387.0 68.0 406.0
ship 38.0 439.0 74.0 457.0
ship 8.0 428.0 28.0 490.0
ship 6.0 506.0 26.0 568.0
ship 33.0 521.0 53.0 570.0
ship 28.0 60.0 64.0 74.0
ship 108.0 45.0 144.0 59.0
ship 163.0 80.0 196.0 92.0
ship 163.0 96.0 196.0 108.0
ship 159.0 114.0 188.0 125.0
ship 116.0 131.0 148.0 144.0
ship 161.0 129.0 196.0 142.0
ship 160.0 144.0 195.0 157.0
ship 110.0 162.0 145.0 175.0
ship 159.0 175.0 195.0 191.0
ship 162.0 194.0 198.0 207.0
ship 110.0 210.0 147.0 223.0
ship 162.0 209.0 199.0 222.0
ship 110.0 227.0 147.0 240.0
ship 158.0 229.0 195.0 242.0
ship 159.0 243.0 196.0 256.0
ship 121.0 261.0 149.0 272.0
ship 115.0 276.0 151.0 287.0
ship 161.0 278.0 191.0 288.0
ship 121.0 294.0 151.0 304.0
ship 249.0 304.0 286.0 319.0
ship 249.0 290.0 287.0 302.0
ship 303.0 306.0 333.0 319.0
ship 300.0 287.0 335.0 301.0
ship 296.0 268.0 336.0 283.0
ship 294.0 254.0 329.0 265.0
ship 246.0 236.0 282.0 252.0
ship 296.0 236.0 334.0 248.0
ship 301.0 220.0 328.0 229.0
ship 250.0 220.0 286.0 230.0
ship 246.0 201.0 285.0 215.0
ship 296.0 199.0 335.0 213.0
ship 297.0 182.0 336.0 196.0
ship 251.0 183.0 286.0 196.0
ship 249.0 167.0 284.0 180.0
ship 299.0 164.0 336.0 177.0
ship 298.0 147.0 335.0 160.0
ship 249.0 148.0 286.0 161.0
ship 254.0 132.0 285.0 143.0
ship 298.0 132.0 331.0 144.0
ship 301.0 114.0 330.0 126.0
ship 248.0 114.0 285.0 126.0
ship 244.0 78.0 282.0 93.0
ship 297.0 76.0 335.0 91.0
ship 297.0 95.0 336.0 109.0
ship 399.0 66.0 438.0 80.0
ship 248.0 321.0 285.0 336.0
ship 297.0 321.0 334.0 336.0
ship 298.0 341.0 335.0 356.0
ship 249.0 341.0 286.0 356.0
ship 251.0 376.0 288.0 391.0
ship 301.0 357.0 338.0 372.0
ship 300.0 390.0 337.0 405.0
ship 251.0 395.0 286.0 406.0
ship 252.0 413.0 287.0 424.0
ship 300.0 411.0 340.0 424.0
ship 300.0 445.0 340.0 458.0
ship 252.0 444.0 289.0 456.0
ship 252.0 462.0 289.0 474.0
ship 250.0 480.0 287.0 492.0
ship 255.0 498.0 290.0 511.0
ship 300.0 514.0 337.0 527.0
ship 250.0 514.0 287.0 527.0
ship 251.0 532.0 288.0 545.0
ship 302.0 531.0 336.0 544.0
ship 301.0 551.0 335.0 564.0
ship 250.0 550.0 288.0 564.0
ship 248.0 568.0 286.0 582.0
ship 301.0 566.0 333.0 580.0
ship 263.0 591.0 280.0 655.0
ship 152.0 589.0 168.0 637.0
ship 164.0 571.0 192.0 584.0
ship 164.0 555.0 190.0 564.0
ship 161.0 539.0 195.0 549.0
ship 119.0 536.0 155.0 548.0
ship 114.0 553.0 153.0 567.0
ship 116.0 524.0 153.0 533.0
ship 115.0 566.0 154.0 580.0
ship 165.0 492.0 196.0 501.0
ship 122.0 474.0 153.0 483.0
ship 120.0 458.0 151.0 467.0
ship 121.0 443.0 152.0 452.0
ship 162.0 440.0 193.0 449.0
ship 164.0 456.0 200.0 472.0
ship 161.0 392.0 197.0 405.0
ship 160.0 374.0 196.0 387.0
ship 160.0 359.0 194.0 369.0
ship 119.0 360.0 153.0 370.0
ship 118.0 375.0 152.0 385.0
ship 119.0 394.0 153.0 404.0
ship 160.0 326.0 194.0 336.0
ship 395.0 85.0 438.0 103.0
ship 455.0 87.0 495.0 102.0
ship 400.0 109.0 439.0 120.0
ship 396.0 127.0 438.0 141.0
ship 400.0 146.0 437.0 160.0
ship 454.0 167.0 491.0 181.0
ship 396.0 186.0 442.0 201.0
ship 451.0 204.0 500.0 220.0
ship 399.0 244.0 442.0 261.0
ship 454.0 243.0 494.0 259.0
ship 401.0 264.0 441.0 280.0
ship 455.0 264.0 493.0 280.0
ship 398.0 285.0 440.0 299.0
ship 453.0 284.0 497.0 300.0
ship 396.0 304.0 442.0 322.0
ship 398.0 322.0 444.0 340.0
ship 402.0 344.0 443.0 360.0
ship 454.0 344.0 499.0 361.0
ship 403.0 363.0 444.0 379.0
ship 403.0 385.0 444.0 401.0
ship 455.0 386.0 495.0 400.0
ship 400.0 406.0 442.0 420.0
ship 455.0 405.0 497.0 419.0
ship 411.0 425.0 444.0 439.0
ship 454.0 425.0 493.0 439.0
ship 402.0 444.0 441.0 458.0
ship 460.0 445.0 499.0 459.0
ship 396.0 466.0 443.0 480.0
ship 397.0 485.0 444.0 499.0
ship 455.0 484.0 494.0 498.0
ship 456.0 507.0 495.0 521.0
ship 399.0 510.0 444.0 535.0
ship 455.0 524.0 494.0 538.0
ship 395.0 545.0 444.0 561.0
ship 456.0 544.0 486.0 559.0
ship 459.0 565.0 505.0 580.0
ship 405.0 580.0 428.0 657.0
ship 434.0 585.0 449.0 650.0
ship 454.0 593.0 470.0 642.0
ship 475.0 590.0 494.0 644.0
ship 635.0 588.0 653.0 641.0
ship 560.0 564.0 602.0 581.0
ship 617.0 561.0 669.0 580.0
ship 616.0 522.0 660.0 540.0
ship 557.0 508.0 604.0 534.0
ship 618.0 503.0 661.0 517.0
ship 617.0 481.0 660.0 495.0
ship 616.0 463.0 655.0 478.0
ship 617.0 441.0 657.0 457.0
ship 562.0 441.0 602.0 457.0
ship 561.0 422.0 601.0 438.0
ship 560.0 402.0 600.0 418.0
ship 557.0 362.0 603.0 378.0
ship 615.0 422.0 661.0 438.0
ship 616.0 401.0 662.0 417.0
ship 613.0 381.0 659.0 397.0
ship 615.0 324.0 653.0 339.0
ship 614.0 360.0 660.0 376.0
ship 612.0 343.0 658.0 360.0
ship 556.0 323.0 601.0 338.0
ship 551.0 305.0 603.0 320.0
ship 551.0 283.0 603.0 298.0
ship 612.0 304.0 661.0 318.0
ship 559.0 267.0 601.0 281.0
ship 613.0 263.0 659.0 281.0
ship 617.0 242.0 663.0 260.0
ship 557.0 242.0 603.0 260.0
ship 561.0 225.0 601.0 239.0
ship 613.0 223.0 653.0 237.0
ship 552.0 187.0 600.0 200.0
ship 613.0 202.0 653.0 216.0
ship 559.0 201.0 599.0 215.0
ship 558.0 166.0 599.0 179.0
ship 611.0 143.0 653.0 161.0
ship 558.0 145.0 599.0 158.0
ship 554.0 123.0 598.0 139.0
ship 613.0 123.0 654.0 136.0
ship 554.0 104.0 598.0 120.0
ship 613.0 94.0 659.0 112.0
ship 611.0 66.0 645.0 88.0
ship 559.0 64.0 600.0 79.0
ship 727.0 45.0 782.0 62.0
ship 731.0 88.0 781.0 104.0
ship 725.0 132.0 781.0 148.0
ship 728.0 150.0 781.0 166.0
ship 729.0 171.0 782.0 187.0
ship 729.0 214.0 782.0 230.0
ship 735.0 232.0 782.0 248.0
ship 728.0 253.0 778.0 271.0
ship 739.0 277.0 782.0 290.0
ship 724.0 296.0 782.0 311.0
ship 724.0 315.0 782.0 330.0
ship 730.0 356.0 784.0 371.0
ship 730.0 379.0 784.0 394.0
ship 730.0 398.0 784.0 413.0
ship 729.0 421.0 785.0 438.0
ship 728.0 440.0 784.0 457.0
ship 728.0 459.0 784.0 476.0
ship 732.0 479.0 784.0 496.0
ship 736.0 502.0 785.0 519.0
ship 737.0 521.0 784.0 538.0
ship 732.0 543.0 785.0 560.0
ship 739.0 562.0 785.0 578.0
ship 730.0 587.0 785.0 604.0
ship 737.0 613.0 785.0 630.0
