Expressway-Service-area 372.0 207.0 750.0 691.0
Expressway-Service-area 55.0 141.0 457.0 638.0
vehicle 464.0 570.0 472.0 587.0
vehicle 477.0 478.0 485.0 499.0
vehicle 495.0 463.0 506.0 486.0
vehicle 521.0 468.0 530.0 486.0
vehicle 498.0 559.0 506.0 575.0
vehicle 507.0 532.0 515.0 545.0
vehicle 519.0 568.0 527.0 584.0
vehicle 549.0 487.0 555.0 498.0
vehicle 541.0 396.0 545.0 417.0
vehicle 462.0 379.0 472.0 397.0
vehicle 267.0 463.0 278.0 485.0
vehicle 244.0 339.0 257.0 361.0
vehicle 235.0 335.0 246.0 355.0
vehicle 244.0 318.0 250.0 332.0
vehicle 247.0 297.0 257.0 318.0
vehicle 264.0 251.0 270.0 267.0
vehicle 265.0 286.0 273.0 300.0
vehicle 277.0 288.0 287.0 308.0
vehicle 269.0 318.0 279.0 338.0
vehicle 303.0 312.0 311.0 328.0
