airplane 57.0 133.0 100.0 191.0
airplane 38.0 206.0 147.0 310.0
airplane 52.0 322.0 129.0 404.0
airplane 331.0 184.0 381.0 242.0
airplane 338.0 255.0 380.0 323.0
airplane 346.0 338.0 384.0 399.0
airplane 186.0 476.0 235.0 514.0
airplane 256.0 470.0 318.0 510.0
airplane 321.0 469.0 373.0 510.0
airplane 298.0 509.0 343.0 551.0
airplane 384.0 468.0 435.0 512.0
airplane 354.0 509.0 392.0 541.0
airplane 414.0 508.0 469.0 547.0
airplane 446.0 464.0 502.0 509.0
airplane 509.0 462.0 560.0 503.0
airplane 474.0 503.0 533.0 543.0
airplane 538.0 499.0 594.0 542.0
airplane 598.0 500.0 648.0 540.0
airplane 626.0 462.0 678.0 498.0
airplane 688.0 455.0 742.0 499.0
airplane 713.0 488.0 773.0 534.0
vehicle 677.0 455.0 697.0 485.0
