vehicle 350.0 95.0 369.0 112.0
airplane 528.0 136.0 558.0 163.0
airplane 474.0 167.0 513.0 201.0
airplane 289.0 311.0 324.0 347.0
airplane 242.0 349.0 278.0 384.0
airplane 194.0 387.0 234.0 425.0
airplane 91.0 640.0 130.0 679.0
airplane 186.0 569.0 224.0 603.0
airplane 232.0 531.0 269.0 566.0
airplane 278.0 495.0 316.0 530.0
airplane 325.0 458.0 364.0 492.0
airplane 466.0 347.0 504.0 382.0
airplane 514.0 309.0 549.0 346.0
airplane 559.0 274.0 599.0 311.0
airplane 607.0 239.0 644.0 272.0
airplane 698.0 162.0 736.0 199.0
