ship 759.0 385.0 788.0 549.0
ship 723.0 380.0 759.0 550.0
ship 588.0 382.0 718.0 417.0
ship 575.0 461.0 605.0 582.0
ship 630.0 518.0 688.0 544.0
ship 402.0 232.0 479.0 410.0
ship 444.0 265.0 500.0 410.0
ship 528.0 458.0 549.0 546.0
ship 493.0 460.0 530.0 576.0
ship 326.0 242.0 381.0 408.0
ship 287.0 237.0 338.0 409.0
ship 411.0 456.0 446.0 567.0
ship 391.0 453.0 420.0 553.0
ship 362.0 456.0 391.0 562.0
ship 200.0 246.0 238.0 403.0
ship 178.0 45.0 210.0 108.0
ship 142.0 46.0 166.0 125.0
ship 178.0 138.0 215.0 251.0
ship 132.0 129.0 167.0 213.0
ship 117.0 154.0 132.0 218.0
ship 137.0 218.0 164.0 294.0
ship 133.0 306.0 159.0 385.0
ship 173.0 285.0 201.0 396.0
ship 60.0 297.0 90.0 399.0
ship 31.0 285.0 61.0 397.0
ship 5.0 281.0 37.0 397.0
ship 4.0 446.0 43.0 541.0
ship 222.0 450.0 261.0 546.0
ship 258.0 455.0 285.0 534.0
ship 121.0 556.0 152.0 637.0
ship 165.0 592.0 203.0 758.0
ship 117.0 644.0 149.0 764.0
vehicle 22.0 398.0 37.0 413.0
vehicle 38.0 429.0 55.0 442.0
vehicle 78.0 402.0 96.0 415.0
vehicle 73.0 430.0 91.0 441.0
vehicle 98.0 401.0 113.0 414.0
vehicle 116.0 404.0 130.0 414.0
vehicle 102.0 431.0 115.0 444.0
vehicle 114.0 431.0 124.0 446.0
vehicle 146.0 422.0 161.0 430.0
vehicle 176.0 401.0 194.0 415.0
vehicle 190.0 403.0 202.0 415.0
vehicle 200.0 405.0 212.0 419.0
vehicle 178.0 433.0 198.0 445.0
vehicle 219.0 404.0 233.0 418.0
vehicle 231.0 404.0 245.0 418.0
vehicle 239.0 407.0 253.0 421.0
vehicle 229.0 435.0 246.0 447.0
vehicle 295.0 437.0 306.0 449.0
vehicle 305.0 436.0 321.0 450.0
vehicle 333.0 428.0 352.0 444.0
vehicle 342.0 410.0 360.0 421.0
vehicle 366.0 412.0 379.0 420.0
vehicle 386.0 410.0 399.0 422.0
vehicle 398.0 411.0 416.0 423.0
vehicle 415.0 411.0 434.0 424.0
vehicle 388.0 439.0 402.0 451.0
vehicle 375.0 440.0 387.0 451.0
vehicle 483.0 410.0 498.0 424.0
vehicle 516.0 413.0 534.0 427.0
vehicle 545.0 414.0 559.0 427.0
vehicle 542.0 445.0 560.0 453.0
vehicle 576.0 418.0 588.0 427.0
vehicle 614.0 433.0 629.0 441.0
vehicle 630.0 448.0 651.0 457.0
vehicle 630.0 458.0 646.0 464.0
vehicle 632.0 466.0 649.0 474.0
vehicle 627.0 475.0 644.0 481.0
vehicle 627.0 484.0 643.0 491.0
vehicle 625.0 492.0 645.0 500.0
vehicle 645.0 494.0 658.0 514.0
vehicle 627.0 502.0 641.0 510.0
vehicle 635.0 543.0 651.0 556.0
vehicle 673.0 484.0 689.0 503.0
vehicle 704.0 466.0 718.0 473.0
vehicle 702.0 420.0 720.0 431.0
vehicle 702.0 481.0 718.0 489.0
vehicle 702.0 491.0 717.0 498.0
