vehicle 163.0 605.0 169.0 619.0
vehicle 169.0 610.0 172.0 615.0
vehicle 35.0 522.0 41.0 535.0
vehicle 30.0 520.0 35.0 530.0
vehicle 94.0 530.0 97.0 536.0
vehicle 137.0 499.0 141.0 504.0
vehicle 135.0 492.0 139.0 497.0
vehicle 27.0 704.0 33.0 718.0
vehicle 40.0 746.0 47.0 758.0
vehicle 22.0 795.0 27.0 800.0
vehicle 54.0 786.0 60.0 797.0
vehicle 55.0 780.0 61.0 792.0
vehicle 1.0 585.0 4.0 595.0
storagetank 79.0 300.0 131.0 348.0
storagetank 163.0 219.0 212.0 268.0
storagetank 150.0 274.0 201.0 325.0
storagetank 204.0 257.0 255.0 304.0
storagetank 51.0 349.0 100.0 397.0
storagetank 70.0 401.0 121.0 451.0
storagetank 172.0 682.0 181.0 691.0
storagetank 185.0 684.0 194.0 693.0
storagetank 166.0 693.0 182.0 708.0
storagetank 189.0 695.0 199.0 704.0
storagetank 171.0 710.0 187.0 724.0
storagetank 193.0 707.0 202.0 717.0
storagetank 177.0 726.0 192.0 741.0
storagetank 197.0 720.0 211.0 733.0
storagetank 198.0 760.0 208.0 769.0
storagetank 210.0 756.0 220.0 765.0
storagetank 203.0 771.0 212.0 781.0
storagetank 215.0 768.0 224.0 777.0
storagetank 207.0 783.0 216.0 792.0
storagetank 219.0 779.0 228.0 788.0
storagetank 223.0 791.0 232.0 800.0
storagetank 211.0 795.0 220.0 800.0
storagetank 204.0 711.0 209.0 718.0
storagetank 88.0 87.0 97.0 96.0
storagetank 105.0 71.0 121.0 86.0
storagetank 129.0 61.0 140.0 70.0
storagetank 134.0 71.0 142.0 80.0
storagetank 220.0 31.0 237.0 48.0
storagetank 320.0 5.0 336.0 20.0
storagetank 243.0 88.0 249.0 95.0
storagetank 278.0 62.0 285.0 68.0
storagetank 258.0 131.0 263.0 136.0
storagetank 232.0 198.0 281.0 244.0
storagetank 283.0 180.0 334.0 226.0
storagetank 274.0 235.0 323.0 282.0
storagetank 351.0 157.0 401.0 203.0
storagetank 342.0 212.0 391.0 257.0
storagetank 394.0 193.0 444.0 239.0
storagetank 420.0 133.0 470.0 179.0
storagetank 472.0 115.0 522.0 161.0
storagetank 461.0 170.0 511.0 216.0
storagetank 536.0 169.0 543.0 176.0
storagetank 673.0 286.0 698.0 310.0
storagetank 664.0 262.0 689.0 285.0
storagetank 656.0 239.0 682.0 261.0
storagetank 631.0 167.0 657.0 192.0
storagetank 640.0 192.0 665.0 214.0
storagetank 647.0 215.0 673.0 238.0
storagetank 573.0 1.0 597.0 21.0
storagetank 581.0 20.0 606.0 47.0
storagetank 591.0 46.0 615.0 70.0
storagetank 597.0 70.0 623.0 93.0
storagetank 605.0 94.0 631.0 117.0
storagetank 614.0 117.0 639.0 140.0
storagetank 612.0 275.0 645.0 309.0
ship 676.0 68.0 734.0 205.0
ship 744.0 151.0 777.0 230.0
ship 649.0 14.0 667.0 56.0
ship 786.0 229.0 794.0 249.0
ship 748.0 299.0 774.0 361.0
ship 374.0 578.0 434.0 594.0
ship 529.0 474.0 591.0 493.0
ship 525.0 495.0 584.0 513.0
ship 526.0 482.0 586.0 504.0
ship 444.0 531.0 504.0 560.0
ship 448.0 539.0 505.0 568.0
ship 453.0 547.0 511.0 576.0
ship 191.0 580.0 204.0 600.0
ship 189.0 583.0 198.0 603.0
ship 233.0 590.0 273.0 609.0
ship 200.0 605.0 232.0 620.0
ship 206.0 620.0 233.0 634.0
ship 242.0 606.0 275.0 621.0
ship 261.0 660.0 290.0 672.0
ship 260.0 694.0 325.0 723.0
ship 520.0 592.0 536.0 605.0
ship 383.0 636.0 419.0 652.0
ship 369.0 616.0 516.0 680.0
ship 436.0 658.0 524.0 695.0
ship 546.0 686.0 601.0 712.0
ship 498.0 780.0 509.0 800.0
ship 497.0 760.0 516.0 799.0
ship 509.0 768.0 525.0 800.0
ship 516.0 759.0 537.0 799.0
ship 528.0 766.0 547.0 800.0
ship 538.0 767.0 551.0 799.0
ship 575.0 742.0 607.0 800.0
ship 621.0 736.0 705.0 772.0
ship 622.0 748.0 705.0 780.0
ship 625.0 750.0 725.0 790.0
harbor 193.0 531.0 233.0 553.0
harbor 187.0 599.0 269.0 631.0
harbor 202.0 652.0 296.0 690.0
harbor 215.0 628.0 543.0 755.0
harbor 657.0 781.0 666.0 800.0
harbor 717.0 772.0 754.0 800.0
harbor 557.0 408.0 585.0 428.0
harbor 668.0 388.0 730.0 430.0
ship 455.0 443.0 481.0 456.0
ship 457.0 448.0 482.0 461.0
