storagetank 229.0 671.0 301.0 735.0
storagetank 296.0 589.0 368.0 653.0
storagetank 376.0 389.0 450.0 456.0
storagetank 435.0 528.0 492.0 576.0
storagetank 519.0 457.0 580.0 511.0
storagetank 595.0 397.0 655.0 449.0
storagetank 666.0 336.0 728.0 389.0
storagetank 722.0 401.0 772.0 444.0
storagetank 645.0 454.0 705.0 509.0
storagetank 569.0 516.0 629.0 571.0
storagetank 611.0 587.0 645.0 614.0
storagetank 483.0 585.0 510.0 594.0
vehicle 474.0 655.0 493.0 677.0
vehicle 581.0 656.0 603.0 678.0
vehicle 572.0 663.0 594.0 685.0
vehicle 564.0 670.0 586.0 692.0
harbor 19.0 274.0 265.0 572.0
harbor 40.0 503.0 156.0 648.0
harbor 1.0 536.0 96.0 694.0
harbor 2.0 673.0 45.0 713.0
harbor 310.0 123.0 412.0 323.0
ship 62.0 289.0 186.0 435.0
