vehicle 746.0 77.0 757.0 106.0
harbor 37.0 463.0 409.0 748.0
harbor 4.0 322.0 679.0 553.0
harbor 29.0 172.0 766.0 389.0
ship 189.0 220.0 206.0 264.0
ship 216.0 228.0 231.0 269.0
ship 339.0 250.0 361.0 297.0
ship 287.0 236.0 308.0 288.0
ship 391.0 262.0 411.0 309.0
ship 523.0 285.0 544.0 337.0
ship 637.0 308.0 658.0 360.0
ship 105.0 341.0 124.0 388.0
ship 128.0 339.0 151.0 390.0
ship 150.0 345.0 174.0 395.0
ship 551.0 291.0 572.0 343.0
ship 661.0 309.0 688.0 372.0
ship 471.0 270.0 492.0 332.0
ship 448.0 278.0 466.0 317.0
ship 315.0 249.0 332.0 282.0
ship 66.0 329.0 79.0 364.0
ship 86.0 332.0 102.0 369.0
ship 196.0 353.0 217.0 405.0
ship 220.0 364.0 246.0 411.0
ship 290.0 381.0 314.0 426.0
ship 318.0 382.0 336.0 434.0
ship 273.0 437.0 299.0 489.0
ship 321.0 455.0 347.0 507.0
ship 346.0 459.0 371.0 517.0
ship 376.0 463.0 401.0 521.0
ship 507.0 487.0 532.0 545.0
ship 424.0 469.0 453.0 534.0
ship 550.0 421.0 576.0 477.0
ship 524.0 412.0 546.0 472.0
ship 498.0 414.0 519.0 472.0
ship 419.0 395.0 440.0 453.0
ship 574.0 422.0 602.0 486.0
ship 368.0 379.0 388.0 444.0
ship 341.0 394.0 361.0 439.0
ship 388.0 405.0 408.0 440.0
ship 444.0 400.0 473.0 456.0
ship 470.0 402.0 500.0 465.0
ship 97.0 404.0 112.0 436.0
ship 114.0 406.0 129.0 438.0
ship 140.0 410.0 159.0 455.0
ship 159.0 414.0 180.0 464.0
ship 182.0 418.0 205.0 470.0
ship 207.0 422.0 229.0 469.0
ship 26.0 404.0 49.0 460.0
ship 28.0 240.0 51.0 293.0
ship 527.0 257.0 564.0 274.0
ship 214.0 201.0 246.0 217.0
ship 193.0 197.0 225.0 213.0
ship 169.0 195.0 201.0 211.0
ship 110.0 531.0 149.0 554.0
ship 64.0 466.0 102.0 522.0
ship 291.0 594.0 327.0 651.0
ship 44.0 505.0 84.0 564.0
ship 129.0 567.0 181.0 599.0
ship 168.0 626.0 225.0 661.0
ship 250.0 630.0 282.0 679.0
ship 177.0 671.0 227.0 743.0
ship 607.0 437.0 660.0 476.0
ship 619.0 464.0 682.0 501.0
ship 537.0 506.0 612.0 555.0
ship 353.0 627.0 408.0 671.0
ship 283.0 664.0 349.0 712.0
ship 705.0 322.0 770.0 345.0
ship 728.0 304.0 751.0 313.0
