harbor 76.0 359.0 565.0 714.0
harbor 567.0 116.0 720.0 616.0
harbor 218.0 109.0 300.0 222.0
harbor 314.0 107.0 398.0 243.0
harbor 408.0 108.0 506.0 242.0
harbor 514.0 110.0 566.0 236.0
ship 213.0 116.0 242.0 193.0
ship 265.0 123.0 296.0 217.0
ship 316.0 123.0 347.0 217.0
ship 357.0 123.0 397.0 243.0
ship 410.0 124.0 450.0 244.0
ship 463.0 135.0 503.0 235.0
ship 515.0 126.0 555.0 226.0
ship 593.0 182.0 697.0 219.0
ship 590.0 283.0 694.0 320.0
ship 588.0 337.0 717.0 380.0
ship 536.0 264.0 560.0 302.0
ship 584.0 387.0 679.0 421.0
ship 579.0 438.0 681.0 473.0
ship 578.0 542.0 700.0 589.0
ship 517.0 416.0 556.0 501.0
ship 306.0 374.0 358.0 502.0
ship 159.0 404.0 197.0 468.0
ship 88.0 515.0 135.0 695.0
ship 166.0 548.0 206.0 680.0
ship 216.0 535.0 251.0 635.0
ship 257.0 525.0 304.0 669.0
ship 360.0 527.0 405.0 655.0
ship 405.0 528.0 450.0 656.0
ship 453.0 530.0 498.0 658.0
ship 502.0 534.0 547.0 662.0
ship 709.0 123.0 737.0 169.0
ship 611.0 127.0 632.0 164.0
ship 726.0 128.0 759.0 149.0
