airplane 465.0 16.0 561.0 120.0
airplane 622.0 616.0 709.0 709.0
airplane 368.0 576.0 481.0 699.0
airplane 252.0 584.0 358.0 710.0
airplane 345.0 342.0 455.0 457.0
airplane 286.0 177.0 413.0 289.0
vehicle 69.0 342.0 80.0 348.0
vehicle 50.0 401.0 57.0 412.0
vehicle 55.0 413.0 61.0 424.0
vehicle 58.0 432.0 65.0 443.0
vehicle 62.0 444.0 67.0 452.0
vehicle 65.0 454.0 72.0 464.0
vehicle 73.0 429.0 82.0 439.0
vehicle 215.0 426.0 226.0 434.0
vehicle 232.0 426.0 240.0 435.0
vehicle 384.0 466.0 396.0 474.0
vehicle 310.0 560.0 317.0 570.0
vehicle 226.0 612.0 236.0 618.0
vehicle 231.0 621.0 242.0 628.0
vehicle 233.0 629.0 245.0 638.0
vehicle 238.0 635.0 251.0 644.0
vehicle 242.0 642.0 251.0 649.0
vehicle 242.0 654.0 247.0 665.0
vehicle 217.0 667.0 228.0 672.0
vehicle 244.0 665.0 249.0 674.0
vehicle 244.0 675.0 251.0 687.0
vehicle 246.0 699.0 252.0 710.0
vehicle 381.0 613.0 389.0 621.0
vehicle 361.0 703.0 372.0 708.0
vehicle 372.0 707.0 381.0 715.0
vehicle 463.0 365.0 469.0 378.0
vehicle 499.0 634.0 504.0 643.0
vehicle 512.0 635.0 519.0 645.0
vehicle 500.0 658.0 508.0 669.0
vehicle 452.0 567.0 463.0 574.0
vehicle 650.0 716.0 662.0 723.0
vehicle 620.0 641.0 625.0 652.0
vehicle 8.0 414.0 24.0 430.0
vehicle 2.0 399.0 21.0 407.0
vehicle 3.0 392.0 19.0 399.0
vehicle 11.0 383.0 27.0 393.0
vehicle 30.0 376.0 38.0 396.0
vehicle 227.0 411.0 237.0 417.0
vehicle 222.0 405.0 234.0 409.0
vehicle 226.0 386.0 233.0 390.0
