vehicle 765.0 97.0 779.0 116.0
vehicle 732.0 99.0 743.0 114.0
vehicle 699.0 94.0 714.0 117.0
vehicle 676.0 97.0 696.0 118.0
vehicle 466.0 162.0 482.0 191.0
vehicle 489.0 77.0 503.0 106.0
vehicle 201.0 155.0 217.0 188.0
vehicle 226.0 156.0 243.0 188.0
vehicle 254.0 76.0 264.0 103.0
vehicle 270.0 73.0 282.0 106.0
vehicle 299.0 75.0 312.0 106.0
vehicle 375.0 10.0 393.0 45.0
vehicle 408.0 13.0 421.0 44.0
vehicle 437.0 10.0 453.0 39.0
vehicle 499.0 14.0 510.0 43.0
tenniscourt 101.0 337.0 173.0 481.0
tenniscourt 189.0 343.0 256.0 483.0
tenniscourt 306.0 344.0 371.0 486.0
tenniscourt 389.0 348.0 455.0 487.0
tenniscourt 507.0 348.0 575.0 491.0
tenniscourt 590.0 351.0 659.0 491.0
tenniscourt 585.0 575.0 655.0 705.0
tenniscourt 499.0 573.0 569.0 715.0
tenniscourt 385.0 570.0 452.0 711.0
tenniscourt 301.0 568.0 369.0 709.0
tenniscourt 95.0 562.0 167.0 703.0
tenniscourt 180.0 566.0 251.0 707.0
