harbor 17.0 671.0 567.0 743.0
harbor 25.0 195.0 564.0 377.0
harbor 22.0 490.0 527.0 640.0
harbor 595.0 272.0 717.0 728.0
ship 39.0 392.0 73.0 488.0
ship 45.0 300.0 71.0 371.0
ship 98.0 261.0 124.0 337.0
ship 129.0 249.0 154.0 332.0
ship 169.0 248.0 189.0 311.0
ship 199.0 251.0 223.0 334.0
ship 229.0 247.0 258.0 328.0
ship 261.0 251.0 290.0 325.0
ship 297.0 254.0 326.0 328.0
ship 331.0 254.0 355.0 329.0
ship 368.0 253.0 392.0 328.0
ship 432.0 252.0 456.0 327.0
ship 464.0 253.0 491.0 338.0
ship 498.0 251.0 522.0 327.0
ship 529.0 248.0 559.0 341.0
ship 26.0 205.0 120.0 259.0
ship 132.0 196.0 257.0 227.0
ship 345.0 201.0 448.0 230.0
ship 461.0 202.0 564.0 231.0
ship 641.0 275.0 711.0 300.0
ship 607.0 316.0 677.0 341.0
ship 613.0 369.0 683.0 394.0
ship 600.0 396.0 677.0 420.0
ship 610.0 446.0 687.0 470.0
ship 622.0 472.0 679.0 494.0
ship 627.0 496.0 684.0 518.0
ship 619.0 522.0 676.0 544.0
ship 629.0 544.0 680.0 569.0
ship 603.0 569.0 673.0 596.0
ship 621.0 601.0 671.0 618.0
ship 610.0 625.0 677.0 646.0
ship 619.0 646.0 679.0 669.0
ship 619.0 673.0 679.0 696.0
ship 625.0 699.0 676.0 720.0
ship 35.0 500.0 61.0 569.0
ship 67.0 506.0 87.0 566.0
ship 93.0 498.0 119.0 567.0
ship 126.0 509.0 146.0 568.0
ship 156.0 495.0 178.0 570.0
ship 186.0 495.0 208.0 570.0
ship 215.0 495.0 237.0 570.0
ship 277.0 501.0 302.0 569.0
ship 306.0 496.0 331.0 574.0
ship 340.0 497.0 357.0 572.0
ship 367.0 490.0 394.0 574.0
ship 397.0 501.0 420.0 575.0
ship 428.0 510.0 448.0 573.0
ship 456.0 507.0 479.0 573.0
ship 490.0 529.0 523.0 613.0
ship 103.0 584.0 122.0 627.0
ship 126.0 587.0 138.0 626.0
ship 168.0 589.0 180.0 628.0
ship 183.0 589.0 202.0 626.0
ship 260.0 590.0 281.0 638.0
ship 364.0 593.0 381.0 642.0
ship 383.0 592.0 400.0 637.0
ship 406.0 590.0 423.0 635.0
ship 442.0 592.0 459.0 637.0
ship 464.0 592.0 482.0 632.0
ship 60.0 676.0 78.0 716.0
ship 82.0 678.0 100.0 718.0
ship 241.0 685.0 258.0 721.0
ship 262.0 679.0 279.0 715.0
ship 302.0 686.0 318.0 718.0
ship 322.0 676.0 341.0 717.0
ship 387.0 690.0 398.0 719.0
ship 363.0 691.0 379.0 718.0
ship 516.0 706.0 558.0 725.0
ship 342.0 589.0 360.0 623.0
