overpass 138.0 192.0 207.0 263.0
trainstation 64.0 352.0 219.0 418.0
overpass 589.0 566.0 730.0 693.0
trainstation 196.0 207.0 566.0 517.0
vehicle 598.0 695.0 609.0 702.0
vehicle 470.0 710.0 480.0 715.0
vehicle 575.0 410.0 586.0 421.0
vehicle 130.0 718.0 140.0 728.0
vehicle 165.0 729.0 176.0 736.0
vehicle 181.0 717.0 191.0 724.0
vehicle 183.0 680.0 188.0 691.0
vehicle 193.0 650.0 198.0 661.0
vehicle 203.0 619.0 207.0 630.0
vehicle 244.0 652.0 255.0 657.0
vehicle 105.0 748.0 116.0 754.0
vehicle 601.0 237.0 611.0 248.0
vehicle 623.0 234.0 633.0 244.0
vehicle 635.0 232.0 641.0 243.0
vehicle 655.0 189.0 665.0 195.0
vehicle 738.0 106.0 743.0 116.0
vehicle 749.0 168.0 753.0 179.0
vehicle 644.0 168.0 654.0 173.0
vehicle 654.0 214.0 661.0 225.0
vehicle 481.0 65.0 491.0 70.0
vehicle 205.0 605.0 209.0 615.0
vehicle 216.0 564.0 221.0 575.0
vehicle 221.0 547.0 227.0 557.0
vehicle 265.0 505.0 275.0 510.0
vehicle 291.0 503.0 301.0 507.0
vehicle 409.0 541.0 420.0 546.0
vehicle 431.0 554.0 441.0 560.0
vehicle 642.0 145.0 654.0 152.0
vehicle 643.0 140.0 655.0 146.0
