ship 443.0 144.0 472.0 168.0
ship 432.0 188.0 457.0 208.0
ship 385.0 276.0 409.0 294.0
ship 236.0 501.0 265.0 526.0
ship 251.0 458.0 285.0 489.0
ship 312.0 383.0 349.0 405.0
ship 354.0 333.0 381.0 352.0
ship 278.0 430.0 314.0 461.0
ship 224.0 149.0 272.0 187.0
ship 292.0 166.0 333.0 194.0
ship 97.0 343.0 128.0 376.0
ship 114.0 302.0 160.0 338.0
ship 199.0 316.0 225.0 341.0
ship 22.0 456.0 57.0 486.0
ship 98.0 463.0 131.0 482.0
ship 121.0 429.0 156.0 456.0
ship 135.0 412.0 161.0 430.0
ship 148.0 390.0 188.0 419.0
ship 172.0 352.0 206.0 380.0
ship 189.0 337.0 224.0 363.0
ship 59.0 388.0 99.0 417.0
ship 63.0 71.0 119.0 109.0
ship 1.0 179.0 38.0 213.0
ship 303.0 2.0 351.0 34.0
ship 280.0 68.0 318.0 89.0
ship 249.0 233.0 288.0 256.0
ship 13.0 152.0 55.0 190.0
ship 23.0 134.0 76.0 173.0
ship 39.0 115.0 89.0 149.0
ship 53.0 98.0 97.0 122.0
ship 328.0 363.0 356.0 384.0
ship 265.0 138.0 289.0 149.0
ship 439.0 169.0 466.0 188.0
ship 264.0 223.0 287.0 242.0
ship 295.0 54.0 325.0 73.0
ship 389.0 257.0 417.0 276.0
tenniscourt 627.0 482.0 680.0 593.0
tenniscourt 701.0 481.0 755.0 591.0
harbor 1.0 286.0 230.0 578.0
harbor 230.0 138.0 485.0 553.0
harbor 211.0 1.0 397.0 270.0
ship 132.0 1.0 165.0 30.0
