baseballfield 166.0 193.0 260.0 281.0
baseballfield 181.0 511.0 265.0 586.0
baseballfield 464.0 324.0 540.0 399.0
baseballfield 576.0 318.0 647.0 394.0
baseballfield 465.0 436.0 540.0 513.0
baseballfield 577.0 427.0 654.0 503.0
vehicle 301.0 197.0 316.0 205.0
vehicle 298.0 207.0 315.0 214.0
vehicle 263.0 395.0 276.0 402.0
vehicle 200.0 404.0 213.0 411.0
vehicle 9.0 417.0 22.0 424.0
vehicle 13.0 450.0 27.0 456.0
vehicle 14.0 459.0 30.0 466.0
vehicle 470.0 412.0 489.0 420.0
vehicle 495.0 415.0 508.0 422.0
vehicle 316.0 540.0 328.0 545.0
vehicle 70.0 752.0 82.0 759.0
vehicle 169.0 769.0 182.0 777.0
vehicle 481.0 725.0 495.0 733.0
vehicle 546.0 709.0 554.0 727.0
vehicle 600.0 641.0 613.0 648.0
vehicle 602.0 647.0 617.0 654.0
vehicle 741.0 637.0 756.0 644.0
vehicle 780.0 635.0 792.0 640.0
vehicle 709.0 718.0 723.0 724.0
vehicle 748.0 712.0 766.0 719.0
vehicle 647.0 785.0 657.0 800.0
vehicle 759.0 634.0 773.0 642.0
vehicle 794.0 740.0 800.0 747.0
vehicle 61.0 260.0 69.0 280.0
