harbor 65.0 109.0 207.0 395.0
harbor 295.0 127.0 510.0 446.0
harbor 561.0 114.0 663.0 373.0
vehicle 315.0 760.0 345.0 788.0
harbor 424.0 412.0 456.0 474.0
harbor 543.0 396.0 583.0 420.0
ship 462.0 153.0 506.0 169.0
harbor 468.0 403.0 490.0 456.0
harbor 510.0 414.0 528.0 451.0
ship 109.0 109.0 141.0 131.0
ship 92.0 131.0 128.0 151.0
ship 92.0 149.0 121.0 164.0
ship 86.0 166.0 119.0 183.0
ship 84.0 214.0 108.0 229.0
ship 79.0 264.0 99.0 277.0
ship 128.0 212.0 154.0 224.0
ship 129.0 197.0 160.0 211.0
ship 131.0 164.0 173.0 185.0
ship 424.0 419.0 440.0 458.0
ship 441.0 415.0 457.0 457.0
ship 366.0 379.0 397.0 391.0
ship 365.0 396.0 380.0 405.0
ship 367.0 331.0 398.0 346.0
ship 323.0 291.0 347.0 302.0
ship 321.0 274.0 352.0 286.0
ship 369.0 292.0 405.0 307.0
ship 370.0 271.0 410.0 287.0
ship 376.0 247.0 414.0 263.0
ship 316.0 213.0 355.0 226.0
ship 318.0 191.0 353.0 206.0
ship 321.0 175.0 351.0 189.0
ship 311.0 156.0 348.0 172.0
ship 295.0 132.0 336.0 152.0
ship 352.0 131.0 394.0 147.0
ship 468.0 409.0 483.0 448.0
ship 510.0 413.0 522.0 446.0
ship 542.0 400.0 575.0 420.0
ship 566.0 354.0 596.0 365.0
ship 560.0 319.0 595.0 332.0
ship 620.0 352.0 649.0 365.0
ship 619.0 337.0 653.0 353.0
ship 620.0 322.0 651.0 332.0
ship 619.0 304.0 659.0 322.0
ship 620.0 289.0 647.0 301.0
ship 617.0 271.0 655.0 286.0
ship 615.0 250.0 661.0 267.0
ship 558.0 285.0 600.0 300.0
ship 563.0 251.0 599.0 265.0
ship 564.0 235.0 599.0 251.0
ship 565.0 216.0 602.0 231.0
ship 562.0 186.0 593.0 201.0
ship 561.0 137.0 598.0 152.0
ship 568.0 113.0 603.0 130.0
ship 615.0 125.0 649.0 141.0
ship 618.0 145.0 649.0 159.0
ship 617.0 177.0 649.0 190.0
ship 617.0 190.0 654.0 205.0
ship 619.0 209.0 653.0 220.0
