airplane 137.0 539.0 207.0 594.0
airplane 200.0 144.0 261.0 202.0
airplane 202.0 224.0 276.0 281.0
airplane 222.0 292.0 286.0 349.0
airplane 713.0 459.0 793.0 539.0
airplane 627.0 482.0 688.0 555.0
airplane 552.0 492.0 609.0 562.0
airplane 389.0 536.0 458.0 586.0
airplane 224.0 540.0 292.0 591.0
airplane 675.0 223.0 760.0 313.0
airplane 494.0 86.0 557.0 160.0
airplane 403.0 157.0 466.0 228.0
vehicle 176.0 610.0 203.0 619.0
vehicle 407.0 600.0 426.0 609.0
vehicle 499.0 590.0 515.0 619.0
vehicle 504.0 551.0 520.0 563.0
vehicle 508.0 546.0 523.0 553.0
vehicle 519.0 525.0 532.0 537.0
vehicle 519.0 515.0 532.0 526.0
vehicle 523.0 507.0 532.0 519.0
vehicle 537.0 503.0 544.0 517.0
vehicle 535.0 466.0 543.0 480.0
vehicle 769.0 539.0 781.0 547.0
vehicle 623.0 443.0 631.0 458.0
vehicle 630.0 439.0 637.0 453.0
vehicle 665.0 441.0 678.0 448.0
vehicle 663.0 449.0 679.0 454.0
vehicle 662.0 455.0 677.0 461.0
vehicle 475.0 472.0 487.0 502.0
vehicle 84.0 193.0 112.0 202.0
vehicle 84.0 144.0 114.0 153.0
vehicle 93.0 171.0 107.0 179.0
vehicle 102.0 313.0 116.0 320.0
vehicle 91.0 181.0 108.0 187.0
vehicle 265.0 78.0 282.0 86.0
vehicle 723.0 162.0 740.0 171.0
vehicle 674.0 241.0 681.0 252.0
vehicle 648.0 119.0 663.0 128.0
vehicle 557.0 164.0 566.0 177.0
vehicle 676.0 295.0 702.0 306.0
vehicle 591.0 548.0 620.0 562.0
airplane 239.0 437.0 298.0 499.0
vehicle 508.0 475.0 519.0 504.0
vehicle 500.0 482.0 509.0 512.0
vehicle 509.0 502.0 519.0 532.0
vehicle 499.0 513.0 512.0 540.0
vehicle 99.0 212.0 117.0 221.0
vehicle 95.0 246.0 116.0 252.0
