harbor 4.0 116.0 236.0 482.0
harbor 317.0 116.0 530.0 593.0
harbor 600.0 114.0 794.0 699.0
vehicle 736.0 56.0 753.0 104.0
vehicle 605.0 53.0 626.0 97.0
vehicle 774.0 54.0 794.0 98.0
ship 17.0 227.0 110.0 259.0
ship 18.0 267.0 111.0 299.0
ship 20.0 309.0 113.0 341.0
ship 6.0 351.0 116.0 385.0
ship 20.0 391.0 121.0 425.0
ship 15.0 432.0 116.0 466.0
ship 136.0 143.0 237.0 177.0
ship 141.0 187.0 232.0 214.0
ship 140.0 266.0 218.0 303.0
ship 140.0 347.0 228.0 385.0
ship 331.0 136.0 387.0 162.0
ship 317.0 181.0 407.0 211.0
ship 321.0 217.0 417.0 250.0
ship 326.0 299.0 422.0 332.0
ship 324.0 340.0 420.0 373.0
ship 324.0 378.0 420.0 411.0
ship 325.0 418.0 421.0 451.0
ship 320.0 462.0 416.0 495.0
ship 451.0 148.0 514.0 174.0
ship 456.0 179.0 526.0 205.0
ship 452.0 217.0 525.0 248.0
ship 452.0 365.0 516.0 390.0
ship 453.0 397.0 521.0 422.0
ship 443.0 468.0 518.0 499.0
ship 447.0 501.0 522.0 532.0
ship 371.0 549.0 505.0 588.0
ship 602.0 178.0 670.0 201.0
ship 704.0 229.0 781.0 263.0
ship 607.0 350.0 683.0 380.0
ship 705.0 394.0 787.0 425.0
ship 707.0 436.0 789.0 467.0
ship 601.0 459.0 683.0 490.0
ship 606.0 603.0 680.0 632.0
ship 643.0 651.0 780.0 693.0
ship 447.0 252.0 515.0 280.0
