chimney 281.0 300.0 400.0 425.0
vehicle 75.0 58.0 94.0 106.0
vehicle 22.0 371.0 40.0 422.0
vehicle 162.0 458.0 209.0 474.0
vehicle 62.0 172.0 79.0 208.0
vehicle 98.0 84.0 111.0 136.0
vehicle 138.0 60.0 184.0 82.0
vehicle 128.0 100.0 160.0 139.0
vehicle 216.0 104.0 262.0 131.0
vehicle 204.0 91.0 248.0 119.0
vehicle 195.0 78.0 241.0 111.0
vehicle 336.0 16.0 384.0 39.0
vehicle 118.0 119.0 135.0 161.0
vehicle 104.0 166.0 120.0 210.0
vehicle 89.0 184.0 105.0 228.0
vehicle 79.0 229.0 96.0 275.0
vehicle 101.0 216.0 116.0 262.0
vehicle 94.0 216.0 108.0 259.0
vehicle 81.0 270.0 98.0 310.0
vehicle 92.0 278.0 109.0 324.0
vehicle 125.0 158.0 140.0 204.0
vehicle 135.0 161.0 150.0 208.0
vehicle 146.0 168.0 161.0 212.0
vehicle 158.0 164.0 171.0 211.0
vehicle 170.0 166.0 182.0 214.0
vehicle 180.0 171.0 192.0 220.0
vehicle 218.0 170.0 232.0 218.0
vehicle 230.0 171.0 244.0 220.0
vehicle 241.0 175.0 258.0 221.0
vehicle 122.0 221.0 139.0 269.0
vehicle 135.0 221.0 149.0 266.0
vehicle 148.0 224.0 161.0 270.0
vehicle 172.0 226.0 188.0 274.0
vehicle 196.0 228.0 210.0 275.0
vehicle 209.0 228.0 222.0 274.0
vehicle 65.0 430.0 112.0 446.0
vehicle 62.0 440.0 109.0 455.0
vehicle 119.0 440.0 164.0 459.0
vehicle 109.0 449.0 152.0 466.0
vehicle 61.0 461.0 110.0 481.0
vehicle 49.0 476.0 62.0 519.0
vehicle 71.0 518.0 119.0 536.0
vehicle 69.0 528.0 115.0 544.0
vehicle 656.0 602.0 701.0 625.0
vehicle 685.0 632.0 708.0 679.0
vehicle 669.0 681.0 696.0 725.0
vehicle 681.0 679.0 705.0 722.0
chimney 668.0 429.0 712.0 480.0
