vehicle 499.0 779.0 520.0 800.0
vehicle 505.0 760.0 525.0 786.0
vehicle 514.0 732.0 539.0 760.0
vehicle 538.0 727.0 553.0 743.0
vehicle 20.0 674.0 46.0 693.0
vehicle 53.0 590.0 83.0 615.0
vehicle 173.0 532.0 200.0 553.0
vehicle 4.0 253.0 32.0 273.0
vehicle 100.0 204.0 122.0 219.0
vehicle 304.0 306.0 324.0 331.0
vehicle 342.0 261.0 368.0 283.0
vehicle 497.0 293.0 522.0 312.0
vehicle 467.0 211.0 490.0 230.0
vehicle 491.0 128.0 523.0 157.0
vehicle 616.0 175.0 641.0 195.0
vehicle 580.0 166.0 614.0 195.0
vehicle 633.0 61.0 656.0 81.0
vehicle 730.0 369.0 756.0 392.0
vehicle 290.0 32.0 318.0 48.0
overpass 231.0 211.0 479.0 489.0
