harbor 245.0 88.0 770.0 398.0
harbor 301.0 474.0 688.0 657.0
ship 304.0 504.0 353.0 610.0
ship 369.0 469.0 395.0 541.0
ship 400.0 560.0 436.0 651.0
ship 541.0 563.0 572.0 632.0
ship 249.0 204.0 325.0 387.0
ship 325.0 257.0 371.0 381.0
ship 383.0 259.0 427.0 353.0
ship 434.0 262.0 463.0 349.0
ship 464.0 271.0 502.0 365.0
ship 512.0 266.0 551.0 372.0
ship 591.0 260.0 633.0 358.0
ship 439.0 144.0 482.0 234.0
ship 576.0 104.0 629.0 237.0
ship 625.0 140.0 669.0 237.0
ship 677.0 155.0 714.0 241.0
ship 724.0 159.0 755.0 232.0
ship 734.0 87.0 765.0 160.0
