harbor 140.0 102.0 267.0 775.0
ship 217.0 756.0 235.0 764.0
ship 151.0 116.0 200.0 133.0
ship 218.0 115.0 267.0 132.0
ship 151.0 168.0 202.0 185.0
ship 219.0 177.0 257.0 191.0
ship 218.0 218.0 261.0 233.0
ship 142.0 200.0 199.0 218.0
ship 140.0 289.0 197.0 307.0
ship 148.0 315.0 202.0 335.0
ship 143.0 337.0 201.0 357.0
ship 145.0 360.0 201.0 378.0
ship 146.0 384.0 199.0 401.0
ship 148.0 407.0 201.0 423.0
ship 144.0 430.0 197.0 446.0
ship 150.0 476.0 200.0 492.0
ship 214.0 363.0 253.0 375.0
ship 217.0 384.0 254.0 398.0
ship 218.0 428.0 247.0 439.0
ship 217.0 510.0 244.0 520.0
ship 211.0 526.0 241.0 537.0
ship 166.0 542.0 198.0 556.0
ship 211.0 569.0 238.0 579.0
ship 210.0 633.0 234.0 643.0
ship 209.0 701.0 231.0 711.0
ship 213.0 686.0 232.0 694.0
ship 209.0 661.0 229.0 668.0
