tenniscourt 301.0 431.0 355.0 505.0
tenniscourt 353.0 413.0 405.0 488.0
tenniscourt 426.0 368.0 478.0 442.0
tenniscourt 474.0 351.0 529.0 426.0
tenniscourt 227.0 459.0 280.0 534.0
tenniscourt 212.0 593.0 264.0 666.0
tenniscourt 264.0 575.0 316.0 649.0
tenniscourt 341.0 549.0 393.0 623.0
vehicle 566.0 373.0 584.0 395.0
vehicle 711.0 267.0 726.0 274.0
vehicle 746.0 259.0 761.0 265.0
vehicle 710.0 252.0 726.0 258.0
vehicle 664.0 288.0 678.0 301.0
vehicle 663.0 298.0 676.0 312.0
vehicle 661.0 310.0 673.0 326.0
vehicle 656.0 320.0 671.0 337.0
vehicle 645.0 321.0 657.0 336.0
vehicle 658.0 337.0 671.0 351.0
vehicle 694.0 273.0 708.0 280.0
vehicle 694.0 281.0 709.0 287.0
vehicle 693.0 289.0 707.0 295.0
vehicle 712.0 274.0 724.0 280.0
vehicle 709.0 281.0 723.0 288.0
vehicle 708.0 290.0 725.0 296.0
vehicle 746.0 267.0 760.0 272.0
vehicle 748.0 282.0 762.0 289.0
vehicle 749.0 291.0 762.0 297.0
vehicle 764.0 290.0 780.0 297.0
vehicle 747.0 297.0 761.0 304.0
vehicle 709.0 298.0 723.0 304.0
vehicle 694.0 297.0 709.0 303.0
vehicle 696.0 305.0 709.0 311.0
vehicle 748.0 305.0 763.0 312.0
vehicle 765.0 306.0 779.0 312.0
vehicle 764.0 314.0 779.0 321.0
vehicle 745.0 313.0 761.0 320.0
vehicle 708.0 305.0 722.0 311.0
vehicle 694.0 312.0 709.0 319.0
vehicle 709.0 312.0 724.0 318.0
vehicle 708.0 320.0 724.0 326.0
vehicle 710.0 327.0 724.0 335.0
vehicle 746.0 321.0 761.0 327.0
vehicle 745.0 328.0 762.0 335.0
vehicle 708.0 335.0 720.0 342.0
vehicle 747.0 336.0 763.0 343.0
vehicle 710.0 344.0 724.0 350.0
vehicle 748.0 344.0 762.0 350.0
vehicle 762.0 344.0 776.0 351.0
vehicle 693.0 348.0 706.0 357.0
vehicle 707.0 351.0 727.0 359.0
vehicle 692.0 357.0 707.0 365.0
vehicle 654.0 347.0 669.0 362.0
vehicle 651.0 360.0 668.0 378.0
vehicle 708.0 358.0 723.0 366.0
vehicle 710.0 367.0 724.0 373.0
vehicle 692.0 366.0 708.0 372.0
vehicle 713.0 375.0 727.0 380.0
vehicle 694.0 374.0 708.0 380.0
vehicle 710.0 382.0 725.0 389.0
vehicle 745.0 350.0 760.0 357.0
vehicle 763.0 350.0 777.0 356.0
vehicle 745.0 359.0 761.0 365.0
vehicle 762.0 367.0 777.0 374.0
vehicle 747.0 367.0 758.0 373.0
vehicle 747.0 375.0 761.0 381.0
vehicle 762.0 375.0 777.0 382.0
vehicle 761.0 413.0 775.0 419.0
vehicle 657.0 381.0 668.0 395.0
vehicle 652.0 387.0 664.0 403.0
vehicle 691.0 382.0 707.0 387.0
vehicle 710.0 390.0 724.0 396.0
vehicle 708.0 398.0 721.0 404.0
vehicle 747.0 413.0 759.0 419.0
vehicle 744.0 421.0 759.0 427.0
vehicle 760.0 422.0 776.0 427.0
vehicle 761.0 429.0 778.0 435.0
vehicle 744.0 429.0 758.0 435.0
vehicle 761.0 436.0 775.0 441.0
vehicle 745.0 436.0 759.0 442.0
vehicle 761.0 444.0 777.0 451.0
vehicle 760.0 452.0 775.0 459.0
vehicle 453.0 515.0 467.0 528.0
vehicle 447.0 521.0 459.0 533.0
vehicle 441.0 525.0 453.0 537.0
vehicle 433.0 535.0 445.0 547.0
vehicle 427.0 540.0 442.0 555.0
vehicle 420.0 544.0 435.0 559.0
vehicle 409.0 557.0 422.0 570.0
vehicle 408.0 576.0 421.0 589.0
vehicle 414.0 583.0 426.0 594.0
vehicle 420.0 590.0 429.0 599.0
vehicle 525.0 567.0 537.0 579.0
vehicle 508.0 597.0 521.0 609.0
vehicle 493.0 580.0 503.0 590.0
vehicle 538.0 492.0 548.0 505.0
vehicle 515.0 524.0 528.0 538.0
vehicle 594.0 743.0 604.0 755.0
vehicle 635.0 647.0 643.0 659.0
vehicle 645.0 660.0 654.0 671.0
vehicle 688.0 703.0 700.0 716.0
vehicle 683.0 696.0 694.0 709.0
vehicle 727.0 742.0 739.0 756.0
vehicle 617.0 569.0 630.0 581.0
vehicle 612.0 565.0 625.0 575.0
vehicle 604.0 558.0 618.0 570.0
vehicle 676.0 497.0 690.0 513.0
vehicle 644.0 579.0 655.0 593.0
vehicle 635.0 584.0 649.0 598.0
vehicle 663.0 620.0 676.0 634.0
vehicle 671.0 628.0 680.0 637.0
vehicle 674.0 633.0 686.0 643.0
vehicle 678.0 606.0 692.0 618.0
vehicle 685.0 611.0 697.0 624.0
vehicle 706.0 576.0 717.0 590.0
vehicle 713.0 581.0 725.0 595.0
vehicle 687.0 617.0 703.0 631.0
vehicle 695.0 623.0 706.0 637.0
vehicle 718.0 590.0 732.0 600.0
vehicle 723.0 596.0 735.0 607.0
vehicle 735.0 607.0 745.0 618.0
vehicle 750.0 622.0 762.0 633.0
vehicle 774.0 645.0 784.0 655.0
vehicle 728.0 656.0 739.0 667.0
vehicle 741.0 666.0 750.0 677.0
vehicle 770.0 700.0 782.0 712.0
vehicle 713.0 669.0 725.0 682.0
vehicle 698.0 654.0 709.0 665.0
vehicle 691.0 648.0 702.0 659.0
vehicle 681.0 638.0 692.0 648.0
vehicle 686.0 644.0 699.0 654.0
vehicle 701.0 660.0 713.0 671.0
vehicle 707.0 664.0 720.0 677.0
vehicle 705.0 633.0 719.0 647.0
vehicle 700.0 630.0 712.0 640.0
tenniscourt 344.0 252.0 398.0 328.0
tenniscourt 384.0 211.0 440.0 285.0
tenniscourt 433.0 181.0 483.0 256.0
