airplane 71.0 754.0 109.0 789.0
airplane 66.0 546.0 94.0 566.0
airplane 56.0 485.0 84.0 507.0
airplane 49.0 457.0 75.0 476.0
airplane 45.0 425.0 66.0 445.0
airplane 38.0 394.0 60.0 414.0
airplane 320.0 570.0 346.0 604.0
airplane 368.0 553.0 402.0 592.0
airplane 420.0 545.0 455.0 587.0
airplane 342.0 526.0 367.0 545.0
airplane 326.0 479.0 367.0 517.0
airplane 314.0 392.0 350.0 429.0
airplane 308.0 357.0 342.0 386.0
airplane 382.0 321.0 419.0 358.0
airplane 391.0 377.0 429.0 413.0
airplane 483.0 304.0 510.0 332.0
airplane 491.0 335.0 519.0 361.0
airplane 506.0 373.0 535.0 400.0
airplane 390.0 170.0 416.0 192.0
airplane 227.0 155.0 246.0 169.0
airplane 213.0 106.0 236.0 122.0
airplane 14.0 226.0 27.0 239.0
airplane 594.0 609.0 606.0 626.0
vehicle 5.0 66.0 9.0 76.0
vehicle 25.0 38.0 33.0 44.0
vehicle 208.0 17.0 220.0 21.0
vehicle 498.0 29.0 508.0 33.0
overpass 1.0 36.0 28.0 69.0
vehicle 42.0 97.0 51.0 102.0
vehicle 64.0 92.0 72.0 96.0
vehicle 25.0 131.0 34.0 138.0
vehicle 19.0 140.0 26.0 147.0
vehicle 18.0 147.0 27.0 153.0
vehicle 16.0 155.0 25.0 161.0
overpass 105.0 5.0 147.0 25.0
overpass 320.0 38.0 385.0 64.0
vehicle 381.0 91.0 388.0 95.0
storagetank 748.0 778.0 762.0 792.0
storagetank 735.0 792.0 751.0 800.0
