harbor 312.0 245.0 514.0 761.0
harbor 134.0 39.0 507.0 239.0
ship 311.0 37.0 352.0 97.0
ship 397.0 63.0 450.0 137.0
ship 441.0 140.0 512.0 185.0
ship 413.0 195.0 479.0 243.0
ship 411.0 288.0 499.0 336.0
ship 409.0 372.0 502.0 408.0
ship 439.0 419.0 515.0 447.0
ship 433.0 451.0 509.0 479.0
ship 431.0 480.0 507.0 508.0
ship 432.0 512.0 502.0 538.0
ship 434.0 546.0 504.0 572.0
ship 422.0 641.0 505.0 673.0
ship 340.0 609.0 408.0 633.0
ship 348.0 640.0 400.0 662.0
ship 354.0 666.0 406.0 688.0
ship 421.0 676.0 500.0 704.0
