tenniscourt 119.0 387.0 153.0 445.0
tenniscourt 164.0 392.0 195.0 450.0
tenniscourt 206.0 393.0 239.0 454.0
tenniscourt 259.0 428.0 320.0 460.0
tenniscourt 301.0 353.0 331.0 411.0
vehicle 107.0 191.0 118.0 202.0
vehicle 23.0 57.0 32.0 70.0
vehicle 514.0 19.0 524.0 24.0
vehicle 504.0 42.0 513.0 54.0
vehicle 489.0 5.0 497.0 18.0
vehicle 541.0 96.0 552.0 104.0
vehicle 541.0 109.0 555.0 116.0
vehicle 545.0 121.0 557.0 126.0
vehicle 545.0 147.0 555.0 152.0
vehicle 489.0 306.0 504.0 318.0
vehicle 492.0 340.0 500.0 345.0
vehicle 600.0 278.0 607.0 291.0
vehicle 594.0 296.0 602.0 308.0
vehicle 603.0 345.0 615.0 353.0
vehicle 584.0 355.0 595.0 360.0
vehicle 579.0 329.0 588.0 337.0
vehicle 511.0 449.0 523.0 456.0
vehicle 514.0 444.0 523.0 449.0
vehicle 516.0 436.0 523.0 441.0
vehicle 516.0 425.0 526.0 432.0
vehicle 612.0 233.0 617.0 244.0
vehicle 607.0 244.0 615.0 254.0
vehicle 661.0 25.0 667.0 38.0
vehicle 701.0 83.0 712.0 96.0
vehicle 729.0 305.0 734.0 316.0
vehicle 737.0 273.0 742.0 286.0
vehicle 742.0 249.0 749.0 260.0
vehicle 744.0 313.0 749.0 322.0
vehicle 747.0 330.0 753.0 340.0
vehicle 715.0 354.0 720.0 364.0
vehicle 743.0 349.0 755.0 361.0
vehicle 739.0 359.0 751.0 368.0
vehicle 738.0 364.0 748.0 375.0
