harbor 447.0 121.0 580.0 713.0
harbor 100.0 1.0 330.0 530.0
ship 465.0 635.0 515.0 649.0
ship 524.0 615.0 568.0 629.0
ship 462.0 612.0 515.0 631.0
ship 454.0 590.0 515.0 608.0
ship 525.0 590.0 578.0 607.0
ship 522.0 567.0 570.0 583.0
ship 443.0 570.0 513.0 583.0
ship 460.0 545.0 510.0 562.0
ship 522.0 546.0 568.0 561.0
ship 523.0 523.0 573.0 538.0
ship 463.0 524.0 513.0 538.0
ship 461.0 499.0 512.0 516.0
ship 525.0 499.0 571.0 514.0
ship 527.0 479.0 569.0 493.0
ship 471.0 480.0 510.0 492.0
ship 455.0 455.0 512.0 471.0
ship 521.0 453.0 577.0 471.0
ship 457.0 434.0 508.0 449.0
ship 462.0 410.0 509.0 427.0
ship 521.0 409.0 571.0 425.0
ship 522.0 388.0 561.0 403.0
ship 455.0 390.0 510.0 405.0
ship 471.0 369.0 508.0 384.0
ship 521.0 369.0 566.0 385.0
ship 519.0 335.0 559.0 349.0
ship 521.0 313.0 555.0 326.0
ship 455.0 313.0 508.0 327.0
ship 465.0 295.0 507.0 307.0
ship 518.0 293.0 560.0 306.0
ship 522.0 254.0 562.0 269.0
ship 465.0 257.0 508.0 270.0
ship 469.0 235.0 507.0 249.0
ship 465.0 219.0 503.0 229.0
ship 519.0 235.0 558.0 248.0
ship 518.0 217.0 554.0 231.0
ship 516.0 141.0 555.0 155.0
ship 485.0 121.0 527.0 135.0
ship 461.0 141.0 502.0 153.0
ship 463.0 158.0 503.0 174.0
ship 110.0 5.0 139.0 13.0
ship 113.0 20.0 142.0 30.0
ship 114.0 40.0 141.0 49.0
ship 116.0 56.0 144.0 64.0
ship 117.0 74.0 141.0 82.0
ship 116.0 90.0 142.0 99.0
ship 114.0 110.0 146.0 121.0
ship 115.0 146.0 147.0 154.0
ship 116.0 162.0 151.0 174.0
ship 116.0 197.0 151.0 206.0
ship 117.0 218.0 149.0 228.0
ship 115.0 232.0 157.0 245.0
ship 116.0 253.0 147.0 265.0
ship 122.0 360.0 162.0 372.0
ship 117.0 377.0 152.0 390.0
ship 125.0 468.0 168.0 482.0
ship 144.0 490.0 161.0 532.0
ship 162.0 492.0 176.0 527.0
ship 181.0 491.0 192.0 527.0
ship 198.0 492.0 206.0 527.0
ship 213.0 492.0 225.0 524.0
ship 229.0 492.0 242.0 530.0
ship 247.0 489.0 257.0 523.0
ship 264.0 490.0 273.0 524.0
ship 278.0 489.0 291.0 527.0
ship 241.0 467.0 287.0 480.0
ship 250.0 429.0 286.0 443.0
ship 296.0 413.0 328.0 424.0
ship 271.0 247.0 305.0 260.0
ship 291.0 263.0 328.0 275.0
ship 294.0 296.0 328.0 308.0
ship 293.0 330.0 334.0 342.0
ship 248.0 313.0 284.0 326.0
ship 250.0 331.0 283.0 344.0
ship 252.0 364.0 284.0 374.0
ship 248.0 396.0 286.0 409.0
ship 247.0 412.0 284.0 425.0
ship 515.0 158.0 557.0 173.0
ship 516.0 179.0 554.0 192.0
ship 516.0 196.0 557.0 210.0
ship 523.0 272.0 571.0 288.0
