harbor 285.0 289.0 440.0 459.0
ship 12.0 376.0 51.0 420.0
ship 319.0 114.0 334.0 146.0
ship 356.0 102.0 369.0 140.0
ship 437.0 95.0 449.0 128.0
ship 498.0 91.0 510.0 118.0
ship 555.0 90.0 574.0 144.0
harbor 596.0 342.0 637.0 407.0
ship 706.0 432.0 728.0 461.0
ship 744.0 465.0 774.0 501.0
ship 162.0 560.0 193.0 609.0
ship 228.0 596.0 257.0 646.0
ship 467.0 699.0 502.0 746.0
ship 495.0 744.0 545.0 772.0
ship 308.0 245.0 328.0 268.0
ship 321.0 288.0 364.0 335.0
ship 340.0 415.0 383.0 462.0
ship 598.0 365.0 635.0 411.0
ship 592.0 340.0 626.0 355.0
ship 385.0 333.0 437.0 401.0
ship 280.0 353.0 333.0 428.0
ship 112.0 464.0 152.0 511.0
ship 102.0 453.0 130.0 488.0
ship 85.0 444.0 110.0 480.0
ship 316.0 623.0 348.0 680.0
ship 337.0 643.0 369.0 700.0
ship 369.0 645.0 401.0 702.0
