airplane 335.0 86.0 408.0 166.0
airplane 608.0 118.0 677.0 192.0
airplane 547.0 240.0 613.0 311.0
airplane 530.0 320.0 624.0 391.0
airplane 500.0 392.0 565.0 465.0
airplane 482.0 484.0 574.0 554.0
airplane 450.0 559.0 522.0 618.0
airplane 148.0 211.0 215.0 273.0
airplane 110.0 284.0 173.0 345.0
vehicle 112.0 436.0 123.0 447.0
vehicle 120.0 439.0 126.0 449.0
vehicle 82.0 676.0 96.0 685.0
vehicle 64.0 720.0 72.0 734.0
vehicle 45.0 761.0 57.0 768.0
vehicle 148.0 708.0 162.0 718.0
vehicle 126.0 742.0 139.0 749.0
vehicle 302.0 751.0 307.0 761.0
