baseballfield 218.0 208.0 345.0 337.0
basketballcourt 453.0 617.0 497.0 691.0
basketballcourt 505.0 618.0 549.0 691.0
vehicle 503.0 41.0 519.0 47.0
vehicle 622.0 253.0 627.0 267.0
vehicle 635.0 456.0 641.0 470.0
vehicle 632.0 500.0 640.0 516.0
vehicle 611.0 675.0 619.0 689.0
vehicle 633.0 789.0 640.0 800.0
vehicle 196.0 776.0 209.0 782.0
vehicle 146.0 766.0 158.0 770.0
vehicle 664.0 272.0 678.0 278.0
vehicle 718.0 386.0 736.0 391.0
vehicle 753.0 383.0 773.0 389.0
vehicle 736.0 429.0 745.0 443.0
vehicle 783.0 411.0 798.0 417.0
vehicle 759.0 575.0 766.0 589.0
vehicle 754.0 652.0 770.0 661.0
vehicle 782.0 647.0 793.0 664.0
vehicle 734.0 649.0 741.0 663.0
