harbor 166.0 334.0 687.0 451.0
harbor 154.0 156.0 683.0 282.0
harbor 163.0 483.0 694.0 575.0
harbor 162.0 605.0 700.0 709.0
ship 155.0 192.0 172.0 262.0
ship 576.0 160.0 590.0 199.0
ship 443.0 219.0 458.0 266.0
ship 481.0 217.0 499.0 267.0
ship 524.0 216.0 538.0 257.0
ship 561.0 212.0 581.0 265.0
ship 162.0 375.0 183.0 442.0
ship 183.0 409.0 205.0 450.0
ship 235.0 357.0 255.0 446.0
ship 274.0 407.0 289.0 441.0
ship 306.0 364.0 320.0 394.0
ship 340.0 364.0 355.0 391.0
ship 370.0 353.0 387.0 396.0
ship 410.0 401.0 423.0 434.0
ship 445.0 398.0 457.0 431.0
ship 473.0 344.0 490.0 388.0
ship 477.0 393.0 493.0 429.0
ship 506.0 345.0 524.0 383.0
ship 545.0 389.0 560.0 427.0
ship 431.0 532.0 476.0 548.0
ship 591.0 528.0 601.0 556.0
ship 164.0 636.0 189.0 711.0
ship 196.0 173.0 212.0 225.0
ship 199.0 235.0 215.0 278.0
ship 220.0 232.0 236.0 279.0
ship 236.0 172.0 252.0 220.0
ship 242.0 237.0 255.0 275.0
ship 252.0 174.0 272.0 220.0
ship 260.0 230.0 274.0 276.0
ship 276.0 173.0 292.0 219.0
ship 281.0 232.0 295.0 272.0
ship 296.0 167.0 314.0 218.0
ship 298.0 231.0 316.0 275.0
ship 316.0 227.0 336.0 276.0
ship 319.0 174.0 333.0 213.0
ship 340.0 231.0 353.0 264.0
ship 334.0 155.0 358.0 214.0
ship 363.0 228.0 375.0 269.0
ship 361.0 169.0 373.0 211.0
ship 376.0 183.0 388.0 213.0
ship 382.0 227.0 397.0 273.0
ship 402.0 222.0 418.0 267.0
ship 394.0 161.0 414.0 212.0
ship 415.0 160.0 434.0 210.0
ship 435.0 166.0 454.0 209.0
ship 455.0 166.0 473.0 211.0
ship 480.0 163.0 495.0 202.0
ship 515.0 157.0 535.0 206.0
ship 496.0 159.0 515.0 209.0
ship 441.0 350.0 453.0 388.0
ship 424.0 354.0 437.0 390.0
ship 576.0 337.0 592.0 378.0
ship 526.0 347.0 538.0 380.0
ship 580.0 388.0 594.0 423.0
ship 513.0 392.0 526.0 427.0
ship 163.0 523.0 184.0 577.0
ship 190.0 523.0 240.0 542.0
ship 191.0 550.0 227.0 562.0
ship 253.0 522.0 293.0 538.0
ship 257.0 544.0 291.0 558.0
ship 310.0 522.0 352.0 534.0
ship 318.0 543.0 354.0 555.0
ship 379.0 519.0 411.0 533.0
ship 382.0 536.0 417.0 553.0
ship 532.0 531.0 542.0 558.0
ship 530.0 496.0 540.0 521.0
ship 573.0 486.0 586.0 520.0
ship 559.0 488.0 573.0 520.0
ship 596.0 609.0 607.0 635.0
ship 611.0 611.0 620.0 629.0
ship 536.0 612.0 549.0 641.0
ship 438.0 631.0 479.0 648.0
ship 443.0 652.0 479.0 670.0
ship 508.0 650.0 521.0 678.0
ship 539.0 653.0 550.0 676.0
ship 568.0 647.0 582.0 676.0
ship 598.0 645.0 612.0 672.0
ship 202.0 649.0 237.0 663.0
ship 207.0 667.0 242.0 683.0
ship 261.0 641.0 306.0 658.0
ship 259.0 664.0 303.0 682.0
ship 319.0 639.0 365.0 655.0
ship 320.0 659.0 353.0 673.0
ship 378.0 636.0 419.0 653.0
ship 382.0 657.0 423.0 670.0
