bridge 103.0 182.0 774.0 307.0
harbor 241.0 318.0 412.0 377.0
harbor 188.0 397.0 413.0 469.0
harbor 205.0 491.0 406.0 540.0
harbor 238.0 556.0 349.0 598.0
harbor 106.0 326.0 205.0 395.0
harbor 91.0 411.0 154.0 531.0
harbor 145.0 520.0 192.0 585.0
ship 201.0 552.0 226.0 580.0
ship 419.0 334.0 442.0 350.0
ship 447.0 346.0 488.0 367.0
ship 488.0 372.0 499.0 419.0
ship 488.0 425.0 505.0 468.0
ship 485.0 476.0 498.0 529.0
ship 482.0 543.0 492.0 571.0
ship 481.0 577.0 491.0 601.0
ship 481.0 614.0 494.0 646.0
ship 594.0 141.0 599.0 156.0
ship 694.0 170.0 701.0 191.0
ship 91.0 414.0 118.0 431.0
ship 92.0 433.0 105.0 443.0
ship 108.0 448.0 124.0 457.0
ship 112.0 468.0 133.0 481.0
ship 114.0 479.0 131.0 490.0
ship 117.0 485.0 136.0 497.0
ship 120.0 490.0 145.0 504.0
ship 123.0 497.0 149.0 512.0
ship 127.0 506.0 150.0 520.0
ship 132.0 513.0 153.0 526.0
ship 146.0 540.0 165.0 555.0
ship 151.0 549.0 171.0 560.0
ship 156.0 554.0 177.0 568.0
ship 161.0 565.0 191.0 583.0
ship 254.0 566.0 262.0 587.0
ship 275.0 562.0 284.0 589.0
ship 296.0 562.0 305.0 590.0
ship 306.0 565.0 315.0 591.0
ship 327.0 568.0 335.0 590.0
ship 226.0 523.0 259.0 534.0
ship 282.0 526.0 313.0 540.0
ship 316.0 528.0 362.0 539.0
ship 205.0 498.0 218.0 519.0
ship 222.0 495.0 231.0 516.0
ship 232.0 493.0 240.0 516.0
ship 251.0 498.0 259.0 519.0
ship 262.0 498.0 269.0 519.0
ship 271.0 499.0 279.0 519.0
ship 281.0 499.0 289.0 518.0
ship 291.0 498.0 299.0 520.0
ship 301.0 498.0 308.0 519.0
ship 310.0 499.0 318.0 520.0
ship 320.0 500.0 328.0 519.0
ship 332.0 504.0 337.0 519.0
ship 340.0 498.0 348.0 522.0
ship 349.0 500.0 358.0 522.0
ship 360.0 504.0 367.0 523.0
ship 369.0 501.0 376.0 521.0
ship 388.0 500.0 397.0 524.0
ship 188.0 433.0 200.0 454.0
ship 204.0 438.0 213.0 461.0
ship 215.0 437.0 223.0 460.0
ship 224.0 438.0 233.0 461.0
ship 245.0 404.0 255.0 432.0
ship 267.0 411.0 276.0 435.0
ship 288.0 410.0 297.0 436.0
ship 300.0 412.0 309.0 435.0
ship 333.0 411.0 341.0 436.0
ship 235.0 440.0 241.0 456.0
ship 244.0 440.0 253.0 462.0
ship 254.0 440.0 262.0 460.0
ship 264.0 440.0 272.0 463.0
ship 274.0 440.0 281.0 460.0
ship 283.0 442.0 291.0 464.0
ship 293.0 442.0 300.0 463.0
ship 302.0 442.0 310.0 462.0
ship 314.0 442.0 320.0 458.0
ship 322.0 443.0 331.0 468.0
ship 332.0 445.0 338.0 463.0
ship 341.0 446.0 350.0 467.0
ship 352.0 445.0 357.0 462.0
ship 362.0 444.0 369.0 464.0
ship 344.0 410.0 352.0 436.0
ship 355.0 410.0 364.0 436.0
ship 366.0 410.0 374.0 436.0
ship 377.0 414.0 384.0 436.0
ship 399.0 410.0 410.0 439.0
ship 141.0 354.0 154.0 375.0
ship 178.0 338.0 190.0 363.0
ship 194.0 316.0 216.0 329.0
ship 219.0 305.0 240.0 318.0
ship 211.0 338.0 235.0 367.0
ship 293.0 319.0 334.0 331.0
ship 251.0 328.0 275.0 340.0
ship 269.0 341.0 277.0 360.0
ship 280.0 339.0 289.0 362.0
ship 291.0 337.0 299.0 362.0
ship 302.0 342.0 310.0 366.0
ship 313.0 338.0 321.0 356.0
ship 335.0 340.0 344.0 369.0
ship 376.0 325.0 393.0 333.0
ship 357.0 342.0 365.0 368.0
ship 366.0 342.0 376.0 368.0
ship 379.0 341.0 387.0 370.0
ship 389.0 341.0 398.0 372.0
ship 399.0 347.0 412.0 377.0
