baseballfield 163.0 50.0 311.0 192.0
baseballfield 414.0 64.0 508.0 169.0
groundtrackfield 504.0 226.0 747.0 721.0
basketballcourt 417.0 572.0 491.0 621.0
basketballcourt 410.0 675.0 483.0 724.0
basketballcourt 412.0 624.0 488.0 672.0
vehicle 153.0 763.0 159.0 776.0
vehicle 153.0 780.0 160.0 794.0
vehicle 190.0 785.0 196.0 796.0
vehicle 66.0 408.0 73.0 421.0
vehicle 75.0 406.0 81.0 418.0
vehicle 98.0 410.0 104.0 424.0
vehicle 113.0 411.0 119.0 425.0
vehicle 120.0 414.0 127.0 428.0
vehicle 143.0 399.0 149.0 413.0
vehicle 150.0 401.0 158.0 414.0
vehicle 188.0 400.0 196.0 416.0
vehicle 189.0 361.0 197.0 381.0
vehicle 209.0 417.0 216.0 430.0
vehicle 216.0 417.0 223.0 431.0
vehicle 130.0 451.0 137.0 464.0
vehicle 124.0 453.0 130.0 465.0
vehicle 116.0 451.0 123.0 463.0
vehicle 178.0 416.0 186.0 427.0
vehicle 406.0 360.0 413.0 374.0
vehicle 387.0 425.0 393.0 440.0
vehicle 404.0 423.0 410.0 435.0
vehicle 384.0 466.0 390.0 478.0
vehicle 400.0 467.0 406.0 479.0
vehicle 372.0 465.0 377.0 477.0
vehicle 354.0 462.0 360.0 474.0
vehicle 413.0 248.0 423.0 263.0
vehicle 123.0 396.0 128.0 410.0
vehicle 98.0 395.0 103.0 408.0
vehicle 172.0 415.0 177.0 428.0
vehicle 166.0 401.0 172.0 413.0
vehicle 128.0 413.0 134.0 425.0
vehicle 105.0 409.0 112.0 423.0
vehicle 202.0 416.0 209.0 430.0
vehicle 108.0 449.0 114.0 464.0
