harbor 122.0 39.0 457.0 706.0
ship 180.0 90.0 203.0 101.0
ship 164.0 112.0 203.0 127.0
ship 163.0 135.0 200.0 148.0
ship 169.0 157.0 198.0 167.0
ship 163.0 203.0 192.0 214.0
ship 171.0 223.0 192.0 234.0
ship 162.0 309.0 195.0 321.0
ship 160.0 330.0 194.0 345.0
ship 152.0 371.0 192.0 387.0
ship 154.0 462.0 187.0 472.0
ship 132.0 479.0 188.0 493.0
ship 140.0 546.0 183.0 560.0
ship 160.0 525.0 184.0 535.0
ship 131.0 610.0 147.0 642.0
ship 166.0 623.0 181.0 651.0
ship 186.0 629.0 197.0 648.0
ship 201.0 632.0 215.0 657.0
ship 205.0 580.0 218.0 607.0
ship 244.0 592.0 260.0 618.0
ship 237.0 638.0 250.0 665.0
ship 332.0 601.0 348.0 643.0
ship 269.0 647.0 284.0 672.0
ship 284.0 644.0 301.0 682.0
ship 396.0 618.0 415.0 656.0
ship 317.0 654.0 331.0 684.0
ship 331.0 658.0 347.0 685.0
ship 347.0 661.0 363.0 692.0
ship 363.0 665.0 377.0 693.0
ship 377.0 670.0 392.0 699.0
ship 392.0 676.0 406.0 700.0
ship 408.0 677.0 424.0 704.0
ship 425.0 683.0 438.0 708.0
