harbor 49.0 224.0 213.0 672.0
harbor 65.0 574.0 124.0 725.0
harbor 246.0 214.0 391.0 674.0
harbor 447.0 195.0 557.0 551.0
harbor 401.0 621.0 474.0 707.0
harbor 523.0 554.0 637.0 624.0
ship 499.0 685.0 527.0 693.0
ship 529.0 683.0 550.0 690.0
harbor 579.0 177.0 676.0 537.0
harbor 685.0 178.0 796.0 523.0
ship 667.0 542.0 692.0 551.0
ship 701.0 537.0 728.0 546.0
ship 734.0 532.0 772.0 545.0
ship 773.0 525.0 797.0 533.0
ship 690.0 576.0 713.0 585.0
ship 725.0 568.0 771.0 583.0
ship 560.0 634.0 637.0 665.0
ship 51.0 239.0 74.0 298.0
ship 99.0 234.0 118.0 287.0
ship 171.0 224.0 194.0 295.0
ship 124.0 237.0 142.0 282.0
ship 149.0 236.0 169.0 283.0
ship 244.0 220.0 268.0 291.0
ship 272.0 222.0 297.0 285.0
ship 289.0 216.0 313.0 281.0
ship 313.0 211.0 337.0 279.0
ship 342.0 215.0 366.0 280.0
ship 369.0 213.0 390.0 282.0
ship 458.0 195.0 526.0 218.0
ship 591.0 189.0 648.0 207.0
ship 684.0 191.0 708.0 242.0
ship 697.0 246.0 709.0 284.0
ship 711.0 203.0 738.0 283.0
ship 744.0 181.0 769.0 277.0
ship 132.0 297.0 179.0 314.0
ship 130.0 335.0 184.0 353.0
ship 265.0 648.0 349.0 673.0
ship 282.0 624.0 328.0 641.0
ship 284.0 532.0 332.0 550.0
ship 350.0 530.0 368.0 587.0
ship 348.0 603.0 367.0 639.0
ship 532.0 551.0 552.0 599.0
ship 527.0 610.0 560.0 622.0
ship 76.0 321.0 115.0 335.0
ship 74.0 340.0 115.0 355.0
ship 79.0 360.0 117.0 375.0
ship 78.0 379.0 121.0 397.0
ship 137.0 377.0 183.0 393.0
ship 81.0 400.0 118.0 412.0
ship 81.0 418.0 118.0 435.0
ship 136.0 397.0 183.0 418.0
ship 85.0 438.0 124.0 452.0
ship 137.0 420.0 182.0 436.0
ship 144.0 441.0 187.0 458.0
ship 83.0 457.0 121.0 473.0
ship 141.0 461.0 183.0 478.0
ship 89.0 478.0 127.0 493.0
ship 142.0 481.0 195.0 500.0
ship 89.0 495.0 128.0 510.0
ship 89.0 514.0 127.0 533.0
ship 147.0 502.0 193.0 519.0
ship 151.0 524.0 196.0 539.0
ship 148.0 547.0 196.0 562.0
ship 146.0 572.0 187.0 586.0
ship 124.0 544.0 135.0 576.0
ship 126.0 586.0 139.0 621.0
ship 133.0 641.0 143.0 663.0
ship 152.0 588.0 201.0 607.0
ship 149.0 612.0 198.0 629.0
ship 178.0 655.0 215.0 672.0
ship 142.0 660.0 176.0 673.0
ship 286.0 597.0 339.0 615.0
ship 285.0 576.0 339.0 596.0
ship 282.0 485.0 332.0 504.0
ship 287.0 463.0 333.0 482.0
ship 274.0 441.0 331.0 460.0
ship 344.0 464.0 390.0 479.0
ship 347.0 482.0 390.0 498.0
ship 276.0 291.0 316.0 303.0
ship 273.0 312.0 316.0 328.0
ship 331.0 288.0 370.0 299.0
ship 271.0 333.0 318.0 353.0
ship 272.0 355.0 323.0 375.0
ship 275.0 399.0 325.0 417.0
ship 279.0 420.0 321.0 439.0
ship 331.0 305.0 372.0 319.0
ship 337.0 325.0 373.0 338.0
ship 334.0 342.0 382.0 361.0
ship 338.0 362.0 381.0 381.0
ship 337.0 382.0 382.0 399.0
ship 337.0 401.0 385.0 418.0
ship 341.0 422.0 391.0 440.0
ship 447.0 224.0 489.0 242.0
ship 507.0 221.0 535.0 231.0
ship 454.0 246.0 493.0 264.0
ship 505.0 234.0 534.0 248.0
ship 453.0 269.0 491.0 286.0
ship 506.0 251.0 534.0 260.0
ship 509.0 264.0 537.0 275.0
ship 452.0 289.0 499.0 307.0
ship 510.0 279.0 537.0 290.0
ship 508.0 293.0 535.0 306.0
ship 512.0 310.0 540.0 321.0
ship 450.0 315.0 501.0 330.0
ship 461.0 332.0 504.0 351.0
ship 511.0 324.0 543.0 337.0
ship 522.0 371.0 542.0 381.0
ship 457.0 356.0 503.0 373.0
ship 464.0 403.0 510.0 420.0
ship 518.0 384.0 547.0 396.0
ship 521.0 399.0 549.0 411.0
ship 521.0 415.0 548.0 425.0
ship 520.0 429.0 549.0 441.0
ship 525.0 445.0 550.0 454.0
ship 463.0 424.0 508.0 440.0
ship 463.0 448.0 511.0 466.0
ship 526.0 476.0 553.0 488.0
ship 461.0 469.0 512.0 487.0
ship 470.0 496.0 512.0 510.0
ship 526.0 493.0 552.0 504.0
ship 529.0 510.0 552.0 519.0
ship 467.0 513.0 516.0 531.0
ship 478.0 536.0 516.0 552.0
ship 529.0 523.0 557.0 533.0
ship 586.0 559.0 595.0 578.0
ship 609.0 633.0 636.0 646.0
ship 561.0 636.0 597.0 648.0
ship 584.0 655.0 609.0 664.0
ship 620.0 568.0 631.0 592.0
ship 589.0 585.0 611.0 595.0
ship 612.0 604.0 633.0 614.0
ship 581.0 214.0 605.0 224.0
ship 617.0 210.0 653.0 224.0
ship 580.0 228.0 610.0 242.0
ship 617.0 226.0 651.0 239.0
ship 579.0 246.0 609.0 258.0
ship 621.0 246.0 653.0 258.0
ship 584.0 260.0 610.0 269.0
ship 619.0 261.0 651.0 275.0
ship 584.0 276.0 612.0 288.0
ship 621.0 278.0 654.0 292.0
ship 581.0 292.0 612.0 304.0
ship 625.0 296.0 655.0 309.0
ship 583.0 308.0 613.0 319.0
ship 628.0 315.0 657.0 326.0
ship 588.0 323.0 616.0 334.0
ship 626.0 330.0 660.0 343.0
ship 590.0 353.0 618.0 364.0
ship 587.0 339.0 618.0 350.0
ship 630.0 348.0 662.0 360.0
ship 714.0 291.0 741.0 302.0
ship 754.0 290.0 781.0 300.0
ship 713.0 308.0 741.0 319.0
ship 752.0 304.0 784.0 316.0
ship 714.0 325.0 742.0 334.0
ship 713.0 336.0 745.0 350.0
ship 753.0 321.0 782.0 331.0
ship 756.0 335.0 782.0 346.0
ship 757.0 350.0 785.0 361.0
ship 769.0 187.0 784.0 222.0
ship 772.0 222.0 783.0 250.0
ship 590.0 369.0 618.0 381.0
ship 596.0 384.0 620.0 395.0
ship 593.0 402.0 620.0 411.0
ship 594.0 416.0 620.0 427.0
ship 598.0 431.0 622.0 444.0
ship 596.0 448.0 624.0 459.0
ship 599.0 462.0 628.0 474.0
ship 599.0 479.0 627.0 489.0
ship 599.0 497.0 627.0 506.0
ship 599.0 512.0 628.0 524.0
ship 602.0 527.0 630.0 538.0
ship 631.0 383.0 663.0 396.0
ship 635.0 399.0 667.0 413.0
ship 632.0 435.0 666.0 448.0
ship 635.0 453.0 668.0 465.0
ship 636.0 469.0 672.0 485.0
ship 637.0 488.0 674.0 499.0
ship 638.0 506.0 672.0 520.0
ship 641.0 523.0 674.0 536.0
ship 716.0 354.0 746.0 363.0
ship 715.0 366.0 747.0 379.0
ship 717.0 382.0 749.0 394.0
ship 761.0 378.0 786.0 388.0
ship 759.0 393.0 786.0 404.0
ship 719.0 397.0 748.0 408.0
ship 719.0 424.0 751.0 436.0
ship 764.0 409.0 789.0 418.0
ship 763.0 423.0 790.0 434.0
ship 721.0 439.0 751.0 452.0
ship 721.0 453.0 752.0 465.0
ship 721.0 469.0 755.0 480.0
ship 725.0 481.0 758.0 495.0
ship 726.0 497.0 758.0 508.0
ship 727.0 510.0 757.0 524.0
ship 764.0 436.0 793.0 448.0
ship 765.0 465.0 795.0 478.0
ship 766.0 481.0 793.0 491.0
ship 766.0 495.0 793.0 505.0
ship 766.0 510.0 794.0 518.0
