harbor 41.0 627.0 154.0 800.0
harbor 34.0 384.0 593.0 542.0
harbor 96.0 9.0 599.0 129.0
harbor 100.0 178.0 615.0 322.0
ship 716.0 274.0 780.0 356.0
ship 740.0 1.0 773.0 64.0
ship 112.0 30.0 127.0 70.0
ship 133.0 25.0 147.0 70.0
ship 154.0 22.0 168.0 67.0
ship 175.0 20.0 189.0 65.0
ship 197.0 22.0 211.0 67.0
ship 217.0 19.0 232.0 66.0
ship 238.0 25.0 250.0 67.0
ship 258.0 16.0 274.0 63.0
ship 280.0 14.0 296.0 61.0
ship 323.0 12.0 339.0 59.0
ship 343.0 16.0 359.0 63.0
ship 364.0 18.0 380.0 61.0
ship 386.0 19.0 402.0 62.0
ship 408.0 20.0 423.0 61.0
ship 430.0 20.0 445.0 61.0
ship 452.0 19.0 467.0 60.0
ship 469.0 12.0 486.0 57.0
ship 491.0 13.0 508.0 58.0
ship 513.0 11.0 530.0 56.0
ship 533.0 8.0 550.0 53.0
ship 558.0 20.0 572.0 56.0
ship 581.0 19.0 599.0 101.0
ship 132.0 80.0 148.0 128.0
ship 155.0 80.0 171.0 128.0
ship 197.0 78.0 213.0 126.0
ship 238.0 77.0 254.0 125.0
ship 260.0 75.0 277.0 118.0
ship 281.0 81.0 298.0 124.0
ship 303.0 77.0 320.0 120.0
ship 322.0 76.0 339.0 119.0
ship 364.0 75.0 381.0 118.0
ship 387.0 73.0 403.0 119.0
ship 407.0 72.0 423.0 118.0
ship 429.0 74.0 445.0 120.0
ship 449.0 72.0 465.0 111.0
ship 472.0 69.0 488.0 112.0
ship 495.0 70.0 511.0 113.0
ship 513.0 68.0 529.0 111.0
ship 533.0 66.0 550.0 114.0
ship 556.0 67.0 575.0 114.0
ship 108.0 199.0 126.0 249.0
ship 134.0 199.0 152.0 249.0
ship 157.0 200.0 175.0 250.0
ship 182.0 200.0 200.0 251.0
ship 206.0 202.0 220.0 251.0
ship 232.0 195.0 250.0 245.0
ship 253.0 192.0 274.0 244.0
ship 281.0 201.0 296.0 247.0
ship 328.0 192.0 343.0 245.0
ship 350.0 184.0 369.0 241.0
ship 376.0 187.0 395.0 240.0
ship 398.0 188.0 416.0 239.0
ship 423.0 196.0 440.0 242.0
ship 445.0 192.0 462.0 240.0
ship 470.0 192.0 487.0 240.0
ship 494.0 188.0 511.0 236.0
ship 516.0 190.0 533.0 238.0
ship 541.0 187.0 557.0 238.0
ship 569.0 185.0 585.0 236.0
ship 592.0 181.0 612.0 244.0
ship 134.0 262.0 152.0 318.0
ship 158.0 263.0 179.0 322.0
ship 184.0 264.0 204.0 317.0
ship 206.0 263.0 226.0 320.0
ship 229.0 258.0 250.0 319.0
ship 254.0 257.0 275.0 310.0
ship 278.0 257.0 298.0 307.0
ship 326.0 256.0 347.0 313.0
ship 425.0 253.0 441.0 304.0
ship 446.0 256.0 464.0 309.0
ship 471.0 257.0 489.0 303.0
ship 494.0 252.0 512.0 305.0
ship 519.0 250.0 537.0 303.0
ship 544.0 252.0 562.0 305.0
ship 570.0 249.0 586.0 295.0
ship 591.0 253.0 613.0 292.0
ship 51.0 403.0 70.0 457.0
ship 53.0 475.0 73.0 541.0
ship 109.0 399.0 129.0 465.0
ship 81.0 474.0 101.0 540.0
ship 108.0 475.0 128.0 541.0
ship 136.0 401.0 157.0 456.0
ship 136.0 471.0 156.0 538.0
ship 159.0 405.0 180.0 460.0
ship 160.0 470.0 181.0 529.0
ship 191.0 397.0 212.0 456.0
ship 190.0 471.0 211.0 530.0
ship 244.0 397.0 265.0 456.0
ship 216.0 464.0 237.0 531.0
ship 245.0 474.0 265.0 536.0
ship 268.0 461.0 294.0 530.0
ship 320.0 389.0 346.0 448.0
ship 299.0 467.0 318.0 521.0
ship 323.0 466.0 342.0 520.0
ship 377.0 396.0 396.0 450.0
ship 355.0 462.0 374.0 516.0
ship 377.0 465.0 403.0 537.0
ship 407.0 388.0 425.0 446.0
ship 433.0 391.0 451.0 449.0
ship 409.0 460.0 427.0 518.0
ship 434.0 462.0 452.0 526.0
ship 464.0 461.0 482.0 525.0
ship 485.0 462.0 511.0 535.0
ship 483.0 388.0 502.0 442.0
ship 512.0 397.0 531.0 437.0
ship 536.0 393.0 558.0 444.0
ship 570.0 391.0 586.0 443.0
ship 539.0 456.0 559.0 508.0
ship 570.0 455.0 587.0 512.0
ship 52.0 629.0 69.0 676.0
ship 98.0 625.0 119.0 684.0
ship 126.0 628.0 148.0 681.0
ship 35.0 697.0 84.0 715.0
ship 97.0 694.0 144.0 710.0
ship 96.0 714.0 140.0 730.0
ship 98.0 732.0 135.0 745.0
