ship 557.0 730.0 567.0 741.0
ship 699.0 422.0 714.0 467.0
ship 769.0 272.0 782.0 308.0
ship 698.0 374.0 711.0 413.0
ship 678.0 426.0 695.0 470.0
ship 685.0 375.0 694.0 408.0
ship 664.0 376.0 676.0 408.0
ship 648.0 378.0 660.0 406.0
ship 650.0 430.0 661.0 464.0
ship 629.0 423.0 645.0 466.0
ship 613.0 426.0 626.0 467.0
ship 594.0 423.0 608.0 461.0
ship 629.0 375.0 642.0 407.0
ship 613.0 370.0 626.0 407.0
ship 595.0 371.0 609.0 407.0
ship 580.0 372.0 591.0 407.0
ship 580.0 421.0 592.0 456.0
ship 561.0 374.0 574.0 408.0
ship 547.0 374.0 558.0 404.0
ship 564.0 423.0 573.0 456.0
ship 527.0 372.0 540.0 408.0
ship 513.0 377.0 524.0 408.0
ship 546.0 426.0 557.0 460.0
ship 526.0 419.0 540.0 462.0
ship 512.0 422.0 523.0 460.0
ship 494.0 421.0 506.0 458.0
ship 477.0 420.0 489.0 454.0
ship 494.0 376.0 505.0 408.0
ship 477.0 376.0 489.0 408.0
ship 751.0 289.0 760.0 319.0
ship 737.0 286.0 747.0 312.0
ship 458.0 346.0 463.0 374.0
ship 457.0 383.0 466.0 408.0
ship 441.0 345.0 448.0 370.0
ship 432.0 437.0 446.0 489.0
ship 457.0 464.0 463.0 482.0
ship 456.0 493.0 464.0 510.0
ship 441.0 386.0 447.0 414.0
ship 420.0 389.0 440.0 426.0
ship 409.0 395.0 422.0 427.0
ship 388.0 401.0 405.0 431.0
ship 377.0 405.0 393.0 436.0
ship 345.0 416.0 361.0 446.0
ship 357.0 460.0 377.0 498.0
ship 316.0 424.0 330.0 451.0
ship 300.0 431.0 314.0 459.0
ship 285.0 433.0 299.0 464.0
ship 268.0 437.0 283.0 467.0
ship 234.0 447.0 251.0 478.0
ship 339.0 466.0 360.0 506.0
ship 324.0 471.0 343.0 509.0
ship 304.0 475.0 322.0 513.0
ship 292.0 480.0 310.0 522.0
ship 273.0 484.0 288.0 522.0
ship 257.0 491.0 277.0 529.0
ship 222.0 451.0 237.0 484.0
ship 240.0 496.0 254.0 530.0
ship 223.0 498.0 242.0 539.0
ship 203.0 506.0 227.0 546.0
ship 184.0 512.0 209.0 550.0
ship 170.0 519.0 188.0 558.0
ship 150.0 519.0 175.0 569.0
ship 136.0 531.0 152.0 573.0
ship 96.0 538.0 114.0 583.0
ship 60.0 511.0 91.0 580.0
ship 82.0 496.0 98.0 525.0
ship 99.0 491.0 114.0 520.0
ship 114.0 480.0 128.0 512.0
ship 128.0 473.0 145.0 511.0
ship 144.0 473.0 158.0 505.0
ship 161.0 469.0 175.0 500.0
ship 175.0 465.0 191.0 496.0
ship 190.0 462.0 207.0 494.0
ship 205.0 456.0 221.0 490.0
ship 724.0 284.0 733.0 313.0
ship 710.0 285.0 719.0 314.0
ship 694.0 286.0 705.0 313.0
ship 679.0 283.0 691.0 312.0
ship 651.0 286.0 661.0 318.0
ship 640.0 288.0 648.0 309.0
ship 622.0 283.0 631.0 311.0
ship 596.0 284.0 606.0 313.0
ship 583.0 285.0 591.0 313.0
ship 566.0 287.0 576.0 311.0
ship 554.0 286.0 562.0 312.0
ship 540.0 284.0 547.0 311.0
ship 524.0 286.0 535.0 313.0
ship 510.0 287.0 519.0 314.0
ship 501.0 292.0 507.0 304.0
ship 458.0 285.0 465.0 302.0
ship 481.0 286.0 495.0 317.0
ship 413.0 308.0 425.0 332.0
ship 402.0 313.0 410.0 338.0
ship 385.0 317.0 399.0 342.0
ship 373.0 321.0 384.0 348.0
ship 361.0 323.0 371.0 349.0
ship 346.0 327.0 357.0 352.0
ship 336.0 333.0 343.0 350.0
ship 305.0 341.0 319.0 366.0
ship 290.0 345.0 302.0 369.0
ship 733.0 249.0 740.0 267.0
ship 709.0 246.0 716.0 268.0
ship 695.0 250.0 703.0 270.0
ship 684.0 251.0 691.0 268.0
ship 672.0 250.0 680.0 270.0
ship 660.0 253.0 668.0 269.0
ship 648.0 249.0 656.0 269.0
ship 636.0 250.0 643.0 271.0
ship 622.0 251.0 632.0 271.0
ship 586.0 247.0 595.0 271.0
ship 575.0 248.0 583.0 270.0
ship 562.0 253.0 569.0 269.0
ship 550.0 250.0 559.0 270.0
ship 537.0 251.0 545.0 270.0
ship 526.0 253.0 534.0 268.0
ship 513.0 254.0 519.0 268.0
ship 488.0 250.0 497.0 270.0
ship 476.0 249.0 484.0 274.0
ship 416.0 260.0 436.0 287.0
ship 403.0 272.0 412.0 293.0
ship 387.0 274.0 398.0 297.0
ship 373.0 281.0 386.0 304.0
ship 361.0 282.0 371.0 306.0
ship 348.0 285.0 360.0 310.0
ship 332.0 288.0 343.0 312.0
ship 320.0 294.0 332.0 316.0
ship 303.0 298.0 317.0 324.0
ship 276.0 307.0 290.0 330.0
ship 264.0 308.0 277.0 334.0
ship 249.0 312.0 263.0 338.0
ship 264.0 353.0 278.0 380.0
ship 235.0 360.0 249.0 386.0
ship 225.0 364.0 236.0 389.0
ship 225.0 324.0 236.0 346.0
ship 209.0 366.0 222.0 393.0
ship 198.0 331.0 208.0 353.0
ship 169.0 336.0 183.0 363.0
ship 160.0 342.0 169.0 361.0
ship 142.0 344.0 156.0 370.0
ship 155.0 383.0 168.0 411.0
ship 140.0 385.0 154.0 413.0
ship 116.0 355.0 126.0 376.0
ship 132.0 349.0 142.0 371.0
ship 102.0 355.0 113.0 379.0
ship 88.0 362.0 98.0 384.0
ship 100.0 398.0 116.0 427.0
ship 87.0 403.0 101.0 434.0
ship 76.0 363.0 89.0 389.0
ship 60.0 367.0 75.0 393.0
ship 45.0 368.0 61.0 397.0
ship 62.0 411.0 74.0 437.0
ship 44.0 417.0 57.0 444.0
ship 15.0 383.0 42.0 446.0
ship 544.0 643.0 560.0 653.0
ship 540.0 626.0 599.0 656.0
ship 616.0 594.0 638.0 643.0
ship 456.0 609.0 522.0 631.0
ship 605.0 592.0 619.0 626.0
ship 591.0 583.0 603.0 623.0
ship 575.0 581.0 589.0 620.0
ship 560.0 578.0 572.0 611.0
ship 543.0 578.0 557.0 605.0
ship 524.0 564.0 542.0 608.0
ship 510.0 568.0 524.0 601.0
ship 493.0 559.0 510.0 598.0
ship 477.0 560.0 493.0 594.0
ship 410.0 549.0 436.0 588.0
ship 400.0 562.0 417.0 596.0
ship 379.0 562.0 402.0 604.0
ship 363.0 570.0 383.0 609.0
ship 347.0 581.0 369.0 617.0
ship 392.0 603.0 445.0 640.0
ship 312.0 633.0 377.0 660.0
ship 255.0 663.0 292.0 691.0
ship 333.0 586.0 352.0 623.0
ship 314.0 595.0 337.0 631.0
ship 298.0 597.0 321.0 638.0
ship 285.0 611.0 306.0 644.0
ship 267.0 612.0 288.0 651.0
ship 256.0 618.0 269.0 657.0
ship 197.0 638.0 217.0 674.0
ship 159.0 643.0 188.0 692.0
ship 123.0 663.0 152.0 710.0
ship 144.0 711.0 155.0 718.0
ship 175.0 698.0 213.0 719.0
harbor 8.0 253.0 452.0 456.0
harbor 52.0 378.0 456.0 590.0
harbor 117.0 541.0 452.0 729.0
harbor 451.0 150.0 797.0 325.0
harbor 456.0 371.0 720.0 472.0
harbor 453.0 556.0 642.0 666.0
