airplane 64.0 257.0 130.0 317.0
airplane 133.0 241.0 211.0 315.0
airplane 200.0 182.0 254.0 249.0
airplane 219.0 234.0 303.0 310.0
airplane 349.0 224.0 425.0 297.0
airplane 361.0 282.0 442.0 360.0
airplane 325.0 359.0 393.0 426.0
airplane 447.0 262.0 523.0 345.0
airplane 446.0 342.0 523.0 421.0
airplane 359.0 378.0 440.0 460.0
airplane 494.0 253.0 578.0 340.0
airplane 483.0 327.0 571.0 413.0
airplane 710.0 415.0 794.0 479.0
airplane 409.0 591.0 479.0 651.0
airplane 372.0 485.0 447.0 554.0
airplane 488.0 585.0 546.0 641.0
airplane 14.0 704.0 63.0 741.0
airplane 21.0 739.0 70.0 779.0
airplane 270.0 593.0 316.0 642.0
airplane 178.0 187.0 211.0 221.0
airplane 335.0 270.0 383.0 327.0
airplane 432.0 249.0 476.0 293.0
airplane 401.0 181.0 447.0 227.0
airplane 444.0 212.0 495.0 270.0
airplane 473.0 212.0 551.0 294.0
airplane 518.0 178.0 573.0 241.0
airplane 364.0 336.0 399.0 375.0
airplane 538.0 259.0 571.0 294.0
airplane 540.0 325.0 571.0 365.0
airplane 442.0 317.0 482.0 363.0
airplane 332.0 426.0 364.0 455.0
storagetank 365.0 461.0 383.0 479.0
storagetank 387.0 463.0 407.0 482.0
airplane 330.0 490.0 377.0 536.0
airplane 331.0 543.0 372.0 585.0
airplane 364.0 532.0 422.0 593.0
airplane 335.0 589.0 372.0 622.0
airplane 367.0 586.0 408.0 615.0
airplane 368.0 607.0 437.0 658.0
airplane 131.0 575.0 167.0 604.0
airplane 695.0 461.0 756.0 504.0
airplane 494.0 321.0 530.0 364.0
