tenniscourt 162.0 90.0 230.0 129.0
tenniscourt 168.0 138.0 238.0 174.0
vehicle 301.0 322.0 316.0 331.0
vehicle 326.0 315.0 337.0 324.0
vehicle 337.0 311.0 350.0 317.0
vehicle 451.0 183.0 463.0 196.0
vehicle 513.0 313.0 522.0 322.0
vehicle 521.0 324.0 531.0 335.0
vehicle 181.0 679.0 195.0 690.0
vehicle 125.0 746.0 136.0 756.0
vehicle 37.0 653.0 47.0 664.0
vehicle 709.0 765.0 718.0 775.0
vehicle 720.0 786.0 727.0 799.0
vehicle 619.0 744.0 634.0 749.0
vehicle 281.0 446.0 291.0 456.0
vehicle 297.0 648.0 306.0 657.0
vehicle 59.0 367.0 71.0 374.0
