harbor 484.0 151.0 677.0 632.0
harbor 273.0 209.0 492.0 687.0
harbor 64.0 270.0 274.0 744.0
ship 605.0 589.0 669.0 634.0
ship 343.0 541.0 389.0 561.0
ship 592.0 451.0 633.0 470.0
ship 293.0 343.0 328.0 363.0
ship 275.0 312.0 322.0 336.0
ship 342.0 290.0 393.0 314.0
ship 105.0 521.0 157.0 544.0
ship 624.0 568.0 663.0 586.0
ship 616.0 548.0 654.0 564.0
ship 503.0 315.0 538.0 328.0
ship 131.0 599.0 181.0 625.0
ship 216.0 635.0 252.0 653.0
ship 572.0 580.0 615.0 604.0
ship 486.0 253.0 522.0 271.0
ship 589.0 416.0 619.0 434.0
ship 514.0 351.0 545.0 370.0
ship 177.0 533.0 224.0 553.0
ship 561.0 338.0 595.0 355.0
ship 141.0 352.0 175.0 374.0
ship 70.0 353.0 98.0 370.0
ship 65.0 373.0 116.0 392.0
ship 139.0 385.0 180.0 405.0
ship 74.0 407.0 120.0 424.0
ship 83.0 422.0 126.0 443.0
ship 140.0 401.0 195.0 427.0
ship 152.0 430.0 200.0 455.0
ship 158.0 452.0 205.0 476.0
ship 163.0 478.0 211.0 505.0
ship 169.0 501.0 217.0 523.0
ship 115.0 549.0 167.0 574.0
ship 115.0 572.0 176.0 601.0
ship 195.0 580.0 241.0 606.0
ship 200.0 601.0 250.0 628.0
ship 147.0 653.0 194.0 673.0
ship 147.0 671.0 205.0 701.0
ship 221.0 680.0 274.0 703.0
ship 164.0 701.0 208.0 720.0
ship 166.0 722.0 218.0 745.0
ship 234.0 706.0 276.0 727.0
ship 346.0 325.0 385.0 346.0
ship 354.0 343.0 402.0 364.0
ship 370.0 372.0 407.0 392.0
ship 303.0 392.0 351.0 411.0
ship 309.0 412.0 339.0 430.0
ship 371.0 395.0 412.0 419.0
ship 315.0 439.0 367.0 463.0
ship 375.0 422.0 426.0 444.0
ship 326.0 458.0 368.0 482.0
ship 387.0 441.0 432.0 467.0
ship 331.0 490.0 380.0 513.0
ship 338.0 514.0 377.0 530.0
ship 394.0 472.0 435.0 494.0
ship 401.0 494.0 445.0 512.0
ship 384.0 472.0 393.0 483.0
ship 395.0 507.0 403.0 522.0
ship 406.0 524.0 448.0 544.0
ship 414.0 541.0 459.0 564.0
ship 360.0 586.0 409.0 611.0
ship 370.0 611.0 412.0 631.0
ship 423.0 577.0 462.0 597.0
ship 427.0 590.0 473.0 616.0
ship 434.0 625.0 479.0 645.0
ship 370.0 645.0 416.0 661.0
ship 441.0 643.0 493.0 669.0
ship 377.0 663.0 428.0 686.0
ship 538.0 257.0 576.0 278.0
ship 488.0 277.0 525.0 291.0
ship 546.0 278.0 580.0 296.0
ship 556.0 295.0 591.0 315.0
ship 557.0 317.0 595.0 332.0
ship 524.0 390.0 560.0 409.0
ship 571.0 376.0 610.0 395.0
ship 574.0 394.0 618.0 409.0
ship 529.0 411.0 564.0 425.0
ship 533.0 431.0 570.0 446.0
ship 535.0 447.0 572.0 464.0
ship 548.0 472.0 578.0 486.0
ship 552.0 488.0 582.0 504.0
ship 605.0 492.0 640.0 508.0
ship 607.0 508.0 651.0 530.0
ship 554.0 508.0 595.0 525.0
ship 559.0 525.0 597.0 541.0
ship 568.0 543.0 604.0 563.0
ship 574.0 563.0 605.0 580.0
