harbor 196.0 88.0 782.0 409.0
harbor 140.0 197.0 734.0 533.0
harbor 63.0 316.0 680.0 663.0
harbor 15.0 449.0 620.0 769.0
vehicle 438.0 39.0 457.0 51.0
vehicle 461.0 47.0 477.0 61.0
vehicle 479.0 55.0 497.0 70.0
vehicle 499.0 65.0 514.0 82.0
vehicle 526.0 77.0 543.0 92.0
vehicle 547.0 87.0 563.0 103.0
vehicle 569.0 96.0 586.0 112.0
vehicle 589.0 106.0 606.0 120.0
vehicle 644.0 134.0 661.0 150.0
vehicle 724.0 119.0 740.0 133.0
vehicle 757.0 134.0 770.0 146.0
vehicle 776.0 143.0 791.0 156.0
vehicle 783.0 117.0 793.0 136.0
vehicle 755.0 101.0 766.0 117.0
vehicle 634.0 75.0 644.0 94.0
vehicle 604.0 62.0 613.0 81.0
vehicle 583.0 55.0 590.0 74.0
vehicle 564.0 44.0 575.0 63.0
vehicle 535.0 30.0 544.0 49.0
vehicle 515.0 20.0 525.0 40.0
vehicle 614.0 40.0 633.0 53.0
vehicle 639.0 57.0 655.0 67.0
vehicle 687.0 31.0 697.0 48.0
vehicle 643.0 10.0 655.0 30.0
vehicle 697.0 8.0 709.0 26.0
vehicle 680.0 1.0 688.0 15.0
ship 130.0 556.0 178.0 578.0
ship 181.0 580.0 214.0 595.0
ship 266.0 619.0 298.0 634.0
ship 308.0 638.0 344.0 662.0
ship 484.0 720.0 526.0 747.0
ship 547.0 747.0 580.0 768.0
ship 19.0 453.0 43.0 491.0
ship 39.0 458.0 61.0 493.0
ship 58.0 466.0 79.0 501.0
ship 75.0 471.0 102.0 506.0
ship 112.0 492.0 135.0 527.0
ship 133.0 503.0 151.0 538.0
ship 147.0 508.0 173.0 545.0
ship 170.0 520.0 187.0 553.0
ship 205.0 535.0 228.0 570.0
ship 224.0 545.0 240.0 575.0
ship 239.0 547.0 264.0 589.0
ship 260.0 559.0 282.0 596.0
ship 278.0 568.0 302.0 605.0
ship 298.0 578.0 316.0 611.0
ship 314.0 585.0 340.0 623.0
ship 350.0 603.0 374.0 639.0
ship 370.0 611.0 390.0 644.0
ship 390.0 620.0 410.0 655.0
ship 406.0 629.0 426.0 665.0
ship 426.0 631.0 451.0 676.0
ship 447.0 646.0 470.0 687.0
ship 473.0 655.0 493.0 693.0
ship 488.0 668.0 507.0 699.0
ship 509.0 676.0 528.0 710.0
ship 526.0 682.0 548.0 718.0
ship 559.0 696.0 586.0 736.0
ship 581.0 708.0 601.0 743.0
ship 593.0 721.0 615.0 763.0
ship 65.0 365.0 82.0 394.0
ship 103.0 327.0 123.0 357.0
ship 80.0 371.0 101.0 406.0
ship 99.0 376.0 119.0 412.0
ship 116.0 386.0 138.0 417.0
ship 135.0 398.0 154.0 432.0
ship 151.0 404.0 172.0 440.0
ship 188.0 419.0 210.0 458.0
ship 211.0 430.0 229.0 464.0
ship 223.0 438.0 244.0 474.0
ship 243.0 447.0 269.0 483.0
ship 262.0 451.0 283.0 492.0
ship 279.0 461.0 302.0 499.0
ship 297.0 469.0 321.0 510.0
ship 316.0 480.0 338.0 519.0
ship 336.0 490.0 353.0 523.0
ship 357.0 498.0 374.0 532.0
ship 373.0 506.0 392.0 537.0
ship 389.0 511.0 413.0 553.0
ship 408.0 522.0 431.0 557.0
ship 426.0 530.0 450.0 569.0
ship 449.0 539.0 466.0 571.0
ship 469.0 550.0 489.0 582.0
ship 485.0 559.0 506.0 599.0
ship 507.0 566.0 534.0 609.0
ship 528.0 577.0 550.0 611.0
ship 549.0 587.0 569.0 623.0
ship 566.0 599.0 583.0 634.0
ship 581.0 604.0 608.0 641.0
ship 599.0 611.0 621.0 648.0
ship 622.0 620.0 641.0 653.0
ship 639.0 594.0 677.0 657.0
ship 123.0 334.0 140.0 365.0
ship 139.0 340.0 157.0 377.0
ship 160.0 349.0 177.0 383.0
ship 175.0 359.0 195.0 393.0
ship 196.0 365.0 215.0 402.0
ship 211.0 373.0 236.0 411.0
ship 234.0 383.0 251.0 418.0
ship 248.0 394.0 267.0 425.0
ship 285.0 411.0 304.0 442.0
ship 307.0 413.0 327.0 450.0
ship 341.0 431.0 363.0 468.0
ship 357.0 441.0 380.0 478.0
ship 380.0 453.0 396.0 486.0
ship 396.0 454.0 418.0 494.0
ship 416.0 468.0 436.0 503.0
ship 431.0 475.0 453.0 512.0
ship 452.0 485.0 470.0 520.0
ship 489.0 498.0 513.0 538.0
ship 511.0 514.0 531.0 547.0
ship 532.0 522.0 555.0 560.0
ship 572.0 539.0 590.0 575.0
ship 587.0 547.0 608.0 584.0
ship 604.0 556.0 628.0 593.0
ship 618.0 565.0 646.0 593.0
ship 142.0 241.0 160.0 270.0
ship 159.0 249.0 177.0 273.0
ship 173.0 256.0 193.0 284.0
ship 204.0 270.0 214.0 294.0
ship 216.0 278.0 233.0 306.0
ship 229.0 281.0 247.0 312.0
ship 162.0 201.0 180.0 227.0
ship 181.0 209.0 196.0 236.0
ship 191.0 215.0 212.0 241.0
ship 210.0 220.0 223.0 248.0
ship 220.0 225.0 241.0 253.0
ship 239.0 235.0 253.0 259.0
ship 249.0 243.0 266.0 270.0
ship 310.0 265.0 325.0 296.0
ship 320.0 275.0 341.0 302.0
ship 351.0 286.0 369.0 319.0
ship 346.0 334.0 361.0 360.0
ship 393.0 304.0 414.0 341.0
ship 420.0 321.0 439.0 350.0
ship 666.0 345.0 678.0 368.0
ship 516.0 414.0 536.0 445.0
ship 530.0 421.0 550.0 452.0
ship 595.0 448.0 615.0 479.0
ship 610.0 457.0 628.0 488.0
ship 567.0 388.0 587.0 419.0
ship 548.0 379.0 569.0 412.0
ship 196.0 129.0 213.0 155.0
ship 239.0 149.0 260.0 179.0
ship 275.0 162.0 289.0 189.0
ship 286.0 169.0 299.0 192.0
ship 313.0 181.0 329.0 206.0
ship 328.0 188.0 346.0 216.0
ship 357.0 204.0 372.0 231.0
ship 418.0 184.0 434.0 210.0
ship 455.0 248.0 472.0 275.0
ship 531.0 237.0 547.0 266.0
ship 485.0 263.0 500.0 288.0
ship 588.0 310.0 603.0 338.0
ship 604.0 316.0 619.0 344.0
ship 711.0 319.0 727.0 349.0
ship 752.0 336.0 771.0 368.0
ship 739.0 376.0 755.0 404.0
ship 753.0 346.0 784.0 407.0
ship 232.0 100.0 249.0 127.0
ship 213.0 134.0 231.0 164.0
ship 229.0 141.0 243.0 167.0
ship 243.0 104.0 259.0 135.0
ship 261.0 112.0 277.0 138.0
ship 273.0 117.0 287.0 146.0
ship 291.0 121.0 306.0 152.0
ship 302.0 129.0 320.0 159.0
ship 315.0 133.0 337.0 165.0
ship 331.0 143.0 348.0 172.0
ship 345.0 152.0 362.0 181.0
ship 357.0 159.0 375.0 186.0
ship 372.0 160.0 395.0 194.0
ship 387.0 171.0 403.0 198.0
ship 432.0 195.0 448.0 220.0
ship 413.0 228.0 431.0 256.0
ship 427.0 233.0 443.0 259.0
ship 445.0 199.0 459.0 226.0
ship 460.0 202.0 477.0 233.0
ship 473.0 210.0 490.0 239.0
ship 546.0 244.0 563.0 272.0
ship 496.0 267.0 516.0 300.0
ship 512.0 275.0 528.0 303.0
ship 530.0 279.0 545.0 308.0
ship 559.0 252.0 574.0 279.0
ship 542.0 289.0 556.0 315.0
ship 577.0 260.0 590.0 285.0
ship 587.0 262.0 606.0 295.0
ship 558.0 296.0 573.0 321.0
ship 568.0 300.0 586.0 333.0
ship 619.0 326.0 636.0 353.0
ship 634.0 328.0 652.0 357.0
ship 639.0 286.0 656.0 315.0
ship 653.0 294.0 668.0 323.0
ship 721.0 321.0 742.0 356.0
ship 697.0 314.0 713.0 341.0
ship 739.0 332.0 755.0 362.0
ship 678.0 351.0 695.0 381.0
ship 691.0 356.0 706.0 384.0
ship 707.0 365.0 724.0 394.0
ship 719.0 369.0 736.0 400.0
ship 697.0 459.0 733.0 528.0
ship 701.0 451.0 719.0 481.0
ship 682.0 488.0 700.0 520.0
ship 663.0 481.0 686.0 520.0
ship 687.0 443.0 703.0 473.0
ship 671.0 436.0 691.0 468.0
ship 658.0 427.0 676.0 459.0
ship 644.0 421.0 662.0 455.0
ship 628.0 415.0 648.0 449.0
ship 613.0 409.0 632.0 442.0
ship 599.0 403.0 618.0 434.0
ship 586.0 397.0 605.0 426.0
ship 581.0 443.0 598.0 473.0
ship 565.0 436.0 584.0 472.0
ship 535.0 372.0 553.0 406.0
ship 487.0 398.0 504.0 433.0
ship 471.0 393.0 492.0 425.0
ship 523.0 365.0 540.0 397.0
ship 505.0 362.0 523.0 392.0
ship 494.0 353.0 512.0 384.0
ship 480.0 346.0 497.0 376.0
ship 465.0 338.0 483.0 370.0
ship 448.0 332.0 470.0 365.0
ship 435.0 324.0 456.0 358.0
ship 443.0 381.0 464.0 412.0
ship 431.0 372.0 452.0 404.0
ship 415.0 366.0 433.0 399.0
ship 402.0 361.0 420.0 391.0
ship 390.0 353.0 406.0 384.0
ship 372.0 346.0 392.0 379.0
ship 360.0 341.0 377.0 374.0
ship 303.0 313.0 321.0 344.0
ship 288.0 307.0 305.0 339.0
ship 274.0 300.0 294.0 330.0
ship 259.0 293.0 277.0 325.0
ship 276.0 253.0 301.0 285.0
ship 263.0 247.0 284.0 277.0
ship 638.0 468.0 656.0 501.0
ship 653.0 477.0 670.0 507.0
