vehicle 557.0 294.0 582.0 318.0
vehicle 494.0 18.0 514.0 36.0
vehicle 561.0 139.0 579.0 156.0
vehicle 570.0 151.0 586.0 165.0
vehicle 595.0 174.0 612.0 191.0
vehicle 601.0 189.0 621.0 205.0
vehicle 786.0 327.0 800.0 342.0
tenniscourt 45.0 276.0 150.0 388.0
tenniscourt 390.0 210.0 495.0 322.0
tenniscourt 343.0 250.0 448.0 362.0
tenniscourt 276.0 308.0 381.0 420.0
tenniscourt 227.0 351.0 332.0 463.0
tenniscourt 158.0 410.0 263.0 522.0
tenniscourt 114.0 219.0 219.0 331.0
tenniscourt 160.0 177.0 265.0 289.0
tenniscourt 276.0 77.0 381.0 189.0
tenniscourt 336.0 480.0 441.0 592.0
tenniscourt 387.0 440.0 492.0 552.0
tenniscourt 454.0 381.0 559.0 493.0
tenniscourt 502.0 340.0 607.0 452.0
tenniscourt 227.0 118.0 332.0 230.0
tenniscourt 562.0 510.0 667.0 622.0
tenniscourt 611.0 467.0 716.0 579.0
tenniscourt 662.0 582.0 778.0 688.0
