ship 1.0 295.0 224.0 515.0
ship 274.0 362.0 329.0 493.0
ship 332.0 345.0 377.0 452.0
ship 476.0 431.0 525.0 560.0
ship 638.0 438.0 689.0 568.0
ship 737.0 553.0 770.0 657.0
vehicle 294.0 44.0 307.0 51.0
vehicle 291.0 54.0 303.0 60.0
vehicle 286.0 67.0 297.0 76.0
vehicle 279.0 92.0 290.0 98.0
vehicle 318.0 68.0 323.0 80.0
vehicle 323.0 70.0 328.0 81.0
vehicle 321.0 34.0 327.0 46.0
vehicle 309.0 30.0 317.0 43.0
vehicle 332.0 35.0 337.0 46.0
vehicle 337.0 37.0 342.0 47.0
vehicle 355.0 42.0 363.0 55.0
vehicle 381.0 51.0 386.0 62.0
vehicle 350.0 65.0 357.0 79.0
vehicle 375.0 73.0 382.0 84.0
vehicle 386.0 85.0 393.0 99.0
vehicle 435.0 86.0 441.0 98.0
vehicle 445.0 88.0 453.0 103.0
vehicle 319.0 102.0 325.0 115.0
vehicle 327.0 132.0 334.0 143.0
vehicle 309.0 102.0 314.0 113.0
vehicle 398.0 125.0 405.0 138.0
vehicle 407.0 130.0 415.0 141.0
vehicle 367.0 141.0 374.0 153.0
vehicle 265.0 174.0 270.0 184.0
vehicle 269.0 200.0 275.0 211.0
vehicle 276.0 201.0 281.0 212.0
vehicle 291.0 183.0 297.0 194.0
vehicle 297.0 184.0 302.0 195.0
vehicle 302.0 185.0 308.0 195.0
vehicle 346.0 197.0 352.0 207.0
vehicle 373.0 203.0 380.0 216.0
vehicle 336.0 216.0 340.0 227.0
vehicle 298.0 218.0 304.0 230.0
vehicle 314.0 223.0 323.0 236.0
vehicle 322.0 224.0 327.0 236.0
vehicle 343.0 229.0 350.0 245.0
vehicle 357.0 222.0 364.0 233.0
vehicle 369.0 225.0 374.0 236.0
vehicle 375.0 224.0 380.0 236.0
vehicle 330.0 191.0 336.0 202.0
vehicle 315.0 246.0 320.0 256.0
vehicle 310.0 244.0 317.0 255.0
vehicle 405.0 246.0 410.0 257.0
vehicle 378.0 261.0 383.0 270.0
vehicle 534.0 243.0 540.0 255.0
vehicle 551.0 249.0 556.0 260.0
vehicle 568.0 252.0 573.0 264.0
vehicle 579.0 253.0 584.0 267.0
vehicle 524.0 265.0 529.0 277.0
vehicle 541.0 269.0 545.0 281.0
vehicle 533.0 276.0 538.0 288.0
vehicle 487.0 303.0 499.0 308.0
vehicle 469.0 301.0 481.0 309.0
vehicle 584.0 278.0 590.0 290.0
vehicle 566.0 309.0 572.0 320.0
vehicle 641.0 304.0 647.0 318.0
vehicle 611.0 319.0 619.0 333.0
vehicle 587.0 316.0 592.0 327.0
vehicle 581.0 314.0 587.0 327.0
vehicle 576.0 313.0 582.0 326.0
vehicle 563.0 274.0 567.0 283.0
vehicle 571.0 288.0 577.0 298.0
vehicle 572.0 275.0 577.0 287.0
vehicle 592.0 293.0 598.0 305.0
vehicle 610.0 299.0 615.0 309.0
vehicle 714.0 290.0 721.0 302.0
vehicle 727.0 292.0 733.0 304.0
vehicle 679.0 338.0 685.0 352.0
vehicle 655.0 298.0 660.0 310.0
vehicle 662.0 313.0 669.0 323.0
vehicle 768.0 335.0 773.0 344.0
vehicle 724.0 349.0 731.0 360.0
vehicle 746.0 356.0 752.0 368.0
vehicle 736.0 352.0 740.0 364.0
vehicle 724.0 326.0 730.0 338.0
vehicle 599.0 296.0 603.0 306.0
vehicle 591.0 279.0 596.0 290.0
vehicle 582.0 290.0 587.0 301.0
vehicle 646.0 307.0 652.0 318.0
vehicle 675.0 315.0 680.0 325.0
vehicle 666.0 297.0 672.0 312.0
vehicle 672.0 301.0 676.0 313.0
vehicle 678.0 301.0 683.0 314.0
vehicle 683.0 302.0 688.0 314.0
vehicle 689.0 306.0 693.0 318.0
vehicle 694.0 308.0 698.0 319.0
vehicle 685.0 317.0 691.0 328.0
vehicle 702.0 320.0 706.0 335.0
vehicle 708.0 320.0 713.0 335.0
vehicle 714.0 325.0 718.0 336.0
vehicle 716.0 315.0 720.0 324.0
vehicle 727.0 316.0 733.0 327.0
vehicle 697.0 344.0 703.0 354.0
vehicle 686.0 341.0 691.0 352.0
vehicle 310.0 185.0 314.0 197.0
vehicle 314.0 187.0 319.0 199.0
vehicle 320.0 190.0 325.0 200.0
vehicle 336.0 192.0 340.0 203.0
vehicle 353.0 198.0 357.0 209.0
vehicle 363.0 199.0 369.0 211.0
vehicle 281.0 202.0 286.0 215.0
vehicle 286.0 204.0 290.0 215.0
vehicle 292.0 206.0 296.0 218.0
vehicle 297.0 205.0 302.0 218.0
vehicle 303.0 207.0 308.0 219.0
vehicle 307.0 209.0 313.0 220.0
vehicle 314.0 210.0 319.0 221.0
vehicle 320.0 210.0 325.0 222.0
vehicle 325.0 211.0 330.0 223.0
vehicle 305.0 220.0 311.0 232.0
vehicle 338.0 229.0 343.0 241.0
vehicle 352.0 220.0 358.0 231.0
vehicle 326.0 249.0 332.0 263.0
vehicle 378.0 235.0 384.0 249.0
vehicle 403.0 235.0 409.0 245.0
vehicle 398.0 245.0 405.0 255.0
vehicle 271.0 175.0 275.0 185.0
vehicle 276.0 177.0 281.0 188.0
vehicle 39.0 266.0 46.0 276.0
vehicle 48.0 258.0 57.0 264.0
vehicle 54.0 268.0 61.0 278.0
vehicle 33.0 285.0 42.0 296.0
vehicle 26.0 292.0 35.0 302.0
vehicle 11.0 251.0 21.0 260.0
vehicle 8.0 258.0 20.0 266.0
vehicle 18.0 228.0 29.0 235.0
vehicle 27.0 235.0 36.0 241.0
vehicle 45.0 206.0 57.0 212.0
vehicle 120.0 249.0 129.0 261.0
vehicle 129.0 240.0 139.0 252.0
vehicle 141.0 234.0 147.0 244.0
vehicle 145.0 180.0 151.0 193.0
vehicle 149.0 226.0 158.0 237.0
