harbor 418.0 118.0 593.0 229.0
harbor 229.0 271.0 577.0 385.0
harbor 233.0 425.0 607.0 529.0
ship 533.0 689.0 550.0 730.0
vehicle 658.0 444.0 683.0 457.0
harbor 245.0 571.0 564.0 682.0
ship 419.0 120.0 437.0 168.0
ship 440.0 123.0 456.0 166.0
ship 422.0 185.0 438.0 228.0
ship 444.0 181.0 459.0 227.0
ship 477.0 119.0 496.0 169.0
ship 459.0 181.0 477.0 230.0
ship 517.0 179.0 536.0 226.0
ship 498.0 184.0 517.0 231.0
ship 460.0 124.0 474.0 168.0
ship 480.0 182.0 495.0 221.0
ship 249.0 273.0 268.0 323.0
ship 287.0 272.0 306.0 322.0
ship 366.0 275.0 385.0 325.0
ship 363.0 334.0 383.0 381.0
ship 400.0 339.0 420.0 386.0
ship 233.0 456.0 253.0 503.0
ship 270.0 281.0 289.0 322.0
ship 305.0 277.0 324.0 318.0
ship 344.0 283.0 363.0 324.0
ship 401.0 286.0 420.0 327.0
ship 420.0 287.0 439.0 328.0
ship 439.0 283.0 458.0 324.0
ship 459.0 283.0 478.0 324.0
ship 345.0 339.0 361.0 382.0
ship 324.0 340.0 343.0 381.0
ship 271.0 339.0 290.0 380.0
ship 253.0 339.0 272.0 380.0
ship 286.0 430.0 305.0 471.0
ship 348.0 485.0 367.0 526.0
ship 255.0 487.0 274.0 528.0
ship 515.0 479.0 534.0 520.0
ship 445.0 482.0 460.0 520.0
ship 256.0 435.0 271.0 473.0
ship 310.0 430.0 325.0 468.0
ship 348.0 430.0 363.0 468.0
ship 387.0 430.0 402.0 468.0
ship 406.0 433.0 421.0 471.0
ship 275.0 485.0 290.0 523.0
ship 460.0 431.0 476.0 466.0
ship 500.0 429.0 516.0 464.0
ship 389.0 482.0 403.0 517.0
ship 499.0 482.0 515.0 517.0
ship 366.0 481.0 382.0 516.0
ship 228.0 304.0 247.0 365.0
ship 253.0 603.0 270.0 669.0
ship 520.0 580.0 534.0 612.0
ship 480.0 278.0 495.0 327.0
