airplane 205.0 77.0 286.0 134.0
airplane 308.0 118.0 411.0 200.0
airplane 430.0 166.0 524.0 250.0
airplane 190.0 346.0 283.0 446.0
airplane 316.0 425.0 379.0 484.0
airplane 403.0 435.0 494.0 530.0
airplane 514.0 377.0 590.0 455.0
vehicle 91.0 264.0 102.0 277.0
vehicle 75.0 283.0 88.0 293.0
vehicle 305.0 334.0 315.0 345.0
vehicle 277.0 321.0 289.0 336.0
vehicle 391.0 269.0 403.0 286.0
vehicle 398.0 274.0 411.0 287.0
vehicle 19.0 336.0 29.0 349.0
vehicle 263.0 147.0 273.0 157.0
vehicle 350.0 248.0 363.0 263.0
vehicle 379.0 205.0 392.0 220.0
