harbor 239.0 358.0 698.0 563.0
harbor 126.0 227.0 708.0 408.0
harbor 52.0 66.0 714.0 266.0
ship 117.0 209.0 151.0 222.0
ship 97.0 222.0 158.0 247.0
ship 115.0 249.0 169.0 269.0
ship 167.0 194.0 188.0 248.0
ship 189.0 193.0 208.0 242.0
ship 212.0 187.0 227.0 234.0
ship 230.0 188.0 245.0 230.0
ship 255.0 183.0 268.0 226.0
ship 271.0 185.0 287.0 229.0
ship 295.0 173.0 311.0 223.0
ship 335.0 167.0 354.0 214.0
ship 354.0 169.0 371.0 213.0
ship 403.0 162.0 420.0 217.0
ship 422.0 161.0 440.0 207.0
ship 479.0 147.0 497.0 191.0
ship 470.0 165.0 478.0 185.0
ship 498.0 142.0 521.0 192.0
ship 523.0 141.0 542.0 188.0
ship 545.0 136.0 561.0 177.0
ship 563.0 137.0 582.0 181.0
ship 602.0 126.0 624.0 172.0
ship 630.0 125.0 689.0 140.0
ship 640.0 143.0 695.0 163.0
ship 649.0 165.0 699.0 187.0
ship 684.0 224.0 700.0 259.0
ship 664.0 231.0 686.0 276.0
ship 614.0 245.0 632.0 280.0
ship 598.0 247.0 612.0 283.0
ship 580.0 246.0 598.0 285.0
ship 564.0 255.0 578.0 289.0
ship 545.0 252.0 561.0 291.0
ship 533.0 256.0 547.0 292.0
ship 520.0 258.0 531.0 296.0
ship 505.0 261.0 522.0 299.0
ship 475.0 269.0 489.0 303.0
ship 458.0 268.0 472.0 306.0
ship 444.0 273.0 457.0 309.0
ship 430.0 278.0 443.0 311.0
ship 416.0 268.0 430.0 313.0
ship 691.0 268.0 711.0 318.0
ship 673.0 281.0 689.0 316.0
ship 655.0 282.0 673.0 321.0
ship 639.0 286.0 653.0 324.0
ship 625.0 288.0 638.0 321.0
ship 603.0 291.0 621.0 326.0
ship 556.0 302.0 569.0 330.0
ship 542.0 302.0 554.0 335.0
ship 527.0 305.0 539.0 337.0
ship 514.0 308.0 527.0 341.0
ship 499.0 310.0 511.0 344.0
ship 484.0 312.0 497.0 346.0
ship 469.0 315.0 483.0 349.0
ship 455.0 323.0 466.0 343.0
ship 440.0 319.0 454.0 356.0
ship 423.0 323.0 440.0 355.0
ship 388.0 225.0 403.0 256.0
ship 385.0 274.0 401.0 318.0
ship 404.0 326.0 421.0 362.0
ship 390.0 331.0 404.0 358.0
ship 376.0 330.0 388.0 358.0
ship 361.0 333.0 377.0 367.0
ship 338.0 285.0 351.0 324.0
ship 307.0 293.0 322.0 330.0
ship 332.0 338.0 345.0 367.0
ship 295.0 304.0 307.0 333.0
ship 280.0 302.0 294.0 334.0
ship 306.0 344.0 319.0 375.0
ship 250.0 304.0 264.0 340.0
ship 276.0 347.0 289.0 379.0
ship 214.0 307.0 232.0 346.0
ship 258.0 350.0 271.0 383.0
ship 240.0 353.0 254.0 383.0
ship 225.0 356.0 240.0 391.0
ship 206.0 360.0 222.0 395.0
ship 198.0 314.0 213.0 342.0
ship 180.0 317.0 197.0 352.0
ship 165.0 311.0 180.0 356.0
ship 147.0 314.0 162.0 358.0
ship 125.0 318.0 146.0 363.0
ship 174.0 364.0 190.0 399.0
ship 134.0 362.0 152.0 406.0
ship 435.0 391.0 451.0 431.0
ship 453.0 396.0 465.0 425.0
ship 467.0 390.0 482.0 426.0
ship 495.0 387.0 509.0 421.0
ship 509.0 389.0 522.0 419.0
ship 524.0 387.0 535.0 412.0
ship 556.0 378.0 568.0 411.0
ship 571.0 376.0 584.0 404.0
ship 603.0 370.0 616.0 401.0
ship 619.0 371.0 632.0 402.0
ship 632.0 361.0 649.0 396.0
ship 651.0 365.0 665.0 394.0
ship 684.0 357.0 699.0 397.0
ship 674.0 398.0 686.0 422.0
ship 664.0 405.0 674.0 429.0
ship 652.0 406.0 665.0 431.0
ship 640.0 406.0 651.0 430.0
ship 630.0 410.0 641.0 434.0
ship 618.0 412.0 629.0 436.0
ship 608.0 414.0 618.0 439.0
ship 578.0 416.0 590.0 444.0
ship 566.0 423.0 577.0 448.0
ship 554.0 424.0 566.0 450.0
ship 539.0 422.0 553.0 451.0
ship 529.0 425.0 539.0 452.0
ship 512.0 428.0 523.0 454.0
ship 500.0 426.0 515.0 458.0
ship 485.0 435.0 497.0 457.0
ship 474.0 433.0 488.0 464.0
ship 454.0 439.0 464.0 460.0
ship 443.0 443.0 452.0 463.0
ship 417.0 404.0 431.0 430.0
ship 403.0 406.0 416.0 434.0
ship 387.0 402.0 402.0 438.0
ship 372.0 405.0 387.0 441.0
ship 358.0 410.0 372.0 442.0
ship 344.0 417.0 355.0 442.0
ship 329.0 418.0 345.0 450.0
ship 314.0 415.0 329.0 447.0
ship 300.0 424.0 312.0 453.0
ship 286.0 426.0 298.0 455.0
ship 269.0 427.0 281.0 458.0
ship 258.0 428.0 271.0 463.0
ship 239.0 427.0 257.0 474.0
ship 417.0 442.0 429.0 460.0
ship 395.0 446.0 411.0 484.0
ship 384.0 450.0 397.0 480.0
ship 367.0 452.0 381.0 483.0
ship 358.0 457.0 367.0 480.0
ship 343.0 456.0 356.0 487.0
ship 332.0 460.0 342.0 485.0
ship 316.0 463.0 328.0 488.0
ship 303.0 462.0 317.0 491.0
ship 292.0 466.0 304.0 491.0
ship 274.0 468.0 288.0 495.0
ship 403.0 548.0 425.0 558.0
ship 378.0 552.0 399.0 563.0
ship 375.0 538.0 397.0 548.0
