airplane 14.0 118.0 68.0 169.0
airplane 217.0 265.0 272.0 296.0
airplane 78.0 337.0 135.0 365.0
airplane 147.0 316.0 198.0 361.0
airplane 195.0 349.0 248.0 380.0
airplane 246.0 368.0 298.0 404.0
airplane 292.0 398.0 351.0 433.0
airplane 286.0 440.0 346.0 479.0
airplane 269.0 484.0 334.0 521.0
airplane 77.0 441.0 135.0 471.0
airplane 80.0 518.0 133.0 547.0
airplane 128.0 574.0 186.0 602.0
airplane 267.0 188.0 313.0 224.0
airplane 308.0 216.0 365.0 255.0
airplane 494.0 29.0 547.0 66.0
airplane 439.0 85.0 507.0 121.0
airplane 546.0 159.0 608.0 193.0
airplane 560.0 203.0 624.0 239.0
airplane 671.0 345.0 718.0 392.0
airplane 547.0 433.0 594.0 468.0
airplane 507.0 466.0 556.0 503.0
airplane 458.0 495.0 508.0 535.0
airplane 369.0 557.0 418.0 604.0
airplane 142.0 607.0 200.0 639.0
airplane 135.0 713.0 183.0 752.0
airplane 95.0 370.0 135.0 399.0
airplane 253.0 527.0 320.0 565.0
vehicle 779.0 142.0 797.0 155.0
vehicle 710.0 128.0 724.0 139.0
vehicle 669.0 97.0 679.0 105.0
