airplane 46.0 186.0 130.0 253.0
airplane 146.0 159.0 232.0 237.0
airplane 58.0 588.0 117.0 630.0
airplane 125.0 589.0 178.0 629.0
airplane 193.0 591.0 241.0 628.0
airplane 251.0 593.0 291.0 625.0
airplane 295.0 586.0 348.0 623.0
airplane 352.0 591.0 407.0 629.0
airplane 407.0 590.0 462.0 629.0
airplane 445.0 487.0 480.0 540.0
airplane 42.0 429.0 99.0 467.0
airplane 121.0 391.0 177.0 433.0
airplane 102.0 434.0 154.0 471.0
airplane 230.0 387.0 292.0 429.0
airplane 217.0 429.0 270.0 467.0
airplane 293.0 388.0 348.0 428.0
airplane 351.0 384.0 403.0 430.0
airplane 270.0 432.0 326.0 471.0
airplane 326.0 429.0 383.0 470.0
airplane 410.0 351.0 459.0 396.0
vehicle 166.0 132.0 221.0 147.0
vehicle 23.0 597.0 40.0 634.0
