airplane 325.0 267.0 368.0 303.0
airplane 269.0 326.0 321.0 363.0
airplane 368.0 282.0 406.0 322.0
airplane 349.0 409.0 396.0 437.0
airplane 412.0 302.0 450.0 337.0
airplane 626.0 719.0 667.0 758.0
airplane 523.0 755.0 566.0 795.0
airplane 407.0 383.0 441.0 416.0
airplane 574.0 688.0 622.0 717.0
airplane 600.0 656.0 643.0 685.0
airplane 624.0 623.0 669.0 653.0
airplane 456.0 320.0 490.0 356.0
airplane 497.0 339.0 535.0 375.0
airplane 545.0 356.0 579.0 389.0
airplane 656.0 169.0 694.0 210.0
airplane 519.0 130.0 548.0 162.0
airplane 81.0 225.0 107.0 245.0
airplane 164.0 326.0 178.0 337.0
airplane 153.0 340.0 172.0 355.0
airplane 320.0 345.0 356.0 379.0
airplane 698.0 661.0 722.0 685.0
airplane 732.0 669.0 755.0 691.0
airplane 729.0 710.0 752.0 730.0
airplane 753.0 720.0 775.0 739.0
airplane 542.0 598.0 567.0 618.0
airplane 524.0 629.0 548.0 648.0
airplane 492.0 652.0 538.0 688.0
airplane 468.0 688.0 513.0 720.0
airplane 469.0 728.0 497.0 749.0
airplane 497.0 748.0 521.0 772.0
airplane 628.0 332.0 652.0 354.0
airplane 612.0 353.0 632.0 373.0
airplane 734.0 269.0 747.0 287.0
airplane 747.0 289.0 763.0 303.0
airplane 772.0 298.0 795.0 317.0
airplane 518.0 206.0 546.0 231.0
airplane 476.0 191.0 512.0 214.0
airplane 552.0 220.0 579.0 248.0
airplane 585.0 233.0 610.0 263.0
airplane 724.0 224.0 738.0 238.0
airplane 733.0 206.0 751.0 221.0
airplane 737.0 191.0 753.0 205.0
airplane 613.0 164.0 641.0 192.0
airplane 475.0 167.0 500.0 187.0
airplane 492.0 147.0 517.0 171.0
airplane 562.0 148.0 579.0 164.0
airplane 584.0 161.0 600.0 173.0
airplane 579.0 130.0 594.0 144.0
airplane 627.0 104.0 638.0 120.0
airplane 739.0 131.0 761.0 153.0
vehicle 24.0 461.0 34.0 474.0
vehicle 52.0 451.0 57.0 460.0
vehicle 57.0 527.0 67.0 540.0
