airplane 52.0 27.0 149.0 114.0
airplane 197.0 34.0 291.0 109.0
airplane 312.0 43.0 408.0 120.0
airplane 487.0 29.0 583.0 106.0
airplane 61.0 350.0 174.0 452.0
airplane 220.0 326.0 387.0 451.0
airplane 365.0 661.0 546.0 787.0
vehicle 32.0 473.0 54.0 480.0
vehicle 45.0 482.0 64.0 488.0
vehicle 780.0 324.0 792.0 335.0
vehicle 703.0 420.0 715.0 433.0
vehicle 681.0 421.0 698.0 436.0
vehicle 677.0 455.0 694.0 471.0
vehicle 704.0 455.0 717.0 466.0
vehicle 715.0 420.0 728.0 432.0
vehicle 742.0 422.0 753.0 435.0
vehicle 752.0 421.0 767.0 437.0
vehicle 749.0 361.0 767.0 369.0
vehicle 725.0 455.0 737.0 466.0
vehicle 733.0 455.0 744.0 465.0
vehicle 736.0 452.0 758.0 474.0
vehicle 747.0 454.0 767.0 474.0
vehicle 662.0 456.0 677.0 468.0
