harbor 538.0 124.0 705.0 578.0
harbor 137.0 133.0 597.0 769.0
ship 137.0 264.0 296.0 328.0
ship 302.0 147.0 390.0 177.0
ship 338.0 280.0 394.0 304.0
ship 333.0 315.0 396.0 343.0
ship 336.0 361.0 416.0 390.0
ship 337.0 396.0 427.0 427.0
ship 347.0 441.0 426.0 474.0
ship 364.0 480.0 426.0 506.0
ship 367.0 555.0 442.0 586.0
ship 215.0 664.0 251.0 759.0
ship 309.0 669.0 333.0 748.0
ship 480.0 667.0 516.0 768.0
ship 564.0 670.0 600.0 771.0
ship 373.0 606.0 541.0 649.0
ship 535.0 121.0 633.0 388.0
ship 638.0 162.0 706.0 327.0
ship 574.0 406.0 654.0 576.0
