airplane 30.0 446.0 73.0 482.0
airplane 131.0 495.0 174.0 532.0
airplane 257.0 474.0 302.0 507.0
airplane 607.0 537.0 677.0 599.0
airplane 383.0 621.0 416.0 652.0
airplane 482.0 674.0 530.0 715.0
airplane 599.0 717.0 641.0 761.0
airplane 676.0 447.0 723.0 487.0
airplane 375.0 356.0 416.0 394.0
airplane 415.0 327.0 458.0 361.0
airplane 693.0 387.0 730.0 425.0
airplane 437.0 77.0 476.0 119.0
airplane 348.0 188.0 387.0 227.0
airplane 475.0 241.0 508.0 274.0
airplane 703.0 329.0 746.0 370.0
airplane 482.0 28.0 518.0 63.0
