harbor 103.0 172.0 582.0 529.0
harbor 494.0 38.0 615.0 289.0
harbor 140.0 52.0 157.0 99.0
ship 223.0 247.0 259.0 273.0
ship 220.0 313.0 258.0 330.0
vehicle 430.0 98.0 458.0 106.0
harbor 65.0 65.0 84.0 109.0
vehicle 610.0 12.0 622.0 28.0
ship 535.0 255.0 594.0 273.0
ship 380.0 327.0 402.0 368.0
ship 540.0 163.0 577.0 181.0
ship 518.0 86.0 552.0 104.0
ship 495.0 117.0 505.0 145.0
ship 540.0 226.0 579.0 243.0
ship 544.0 196.0 580.0 211.0
ship 110.0 462.0 126.0 507.0
ship 134.0 404.0 168.0 528.0
ship 181.0 397.0 202.0 460.0
ship 214.0 399.0 250.0 482.0
ship 259.0 399.0 287.0 470.0
ship 345.0 398.0 364.0 463.0
ship 378.0 405.0 401.0 459.0
ship 424.0 396.0 447.0 488.0
ship 461.0 395.0 490.0 478.0
ship 500.0 391.0 529.0 485.0
ship 540.0 387.0 578.0 494.0
ship 472.0 318.0 488.0 367.0
ship 439.0 310.0 459.0 373.0
ship 413.0 317.0 431.0 372.0
ship 343.0 331.0 363.0 372.0
ship 314.0 330.0 338.0 372.0
ship 278.0 330.0 301.0 371.0
ship 140.0 66.0 155.0 101.0
ship 65.0 69.0 81.0 111.0
