Expressway-toll-station 632.0 452.0 657.0 463.0
bridge 91.0 186.0 105.0 197.0
bridge 179.0 296.0 195.0 316.0
bridge 211.0 307.0 219.0 322.0
bridge 268.0 346.0 283.0 351.0
bridge 272.0 487.0 286.0 490.0
bridge 363.0 260.0 373.0 265.0
bridge 476.0 244.0 483.0 248.0
bridge 300.0 597.0 312.0 604.0
bridge 346.0 752.0 359.0 763.0
bridge 250.0 298.0 267.0 308.0
baseballfield 475.0 439.0 522.0 482.0
baseballfield 393.0 513.0 445.0 565.0
groundtrackfield 372.0 441.0 408.0 493.0
groundtrackfield 155.0 417.0 200.0 468.0
overpass 605.0 658.0 631.0 743.0
overpass 624.0 657.0 645.0 744.0
