airplane 73.0 147.0 102.0 177.0
airplane 116.0 152.0 136.0 168.0
airplane 150.0 147.0 185.0 174.0
airplane 150.0 244.0 182.0 279.0
airplane 14.0 310.0 53.0 359.0
airplane 382.0 221.0 418.0 255.0
airplane 435.0 224.0 469.0 257.0
airplane 575.0 307.0 608.0 339.0
airplane 102.0 489.0 136.0 533.0
airplane 167.0 483.0 206.0 533.0
airplane 284.0 488.0 351.0 554.0
airplane 712.0 480.0 744.0 508.0
airplane 763.0 413.0 797.0 450.0
vehicle 300.0 712.0 316.0 718.0
vehicle 351.0 706.0 369.0 712.0
vehicle 407.0 712.0 421.0 723.0
vehicle 747.0 543.0 755.0 556.0
vehicle 742.0 565.0 749.0 580.0
vehicle 741.0 581.0 747.0 597.0
vehicle 747.0 605.0 755.0 619.0
