harbor 10.0 291.0 631.0 457.0
harbor 3.0 449.0 747.0 624.0
ship 154.0 198.0 331.0 240.0
ship 347.0 199.0 500.0 229.0
ship 560.0 362.0 628.0 426.0
ship 627.0 328.0 775.0 369.0
ship 115.0 571.0 268.0 605.0
ship 1.0 573.0 103.0 605.0
ship 21.0 352.0 98.0 391.0
ship 102.0 375.0 150.0 389.0
ship 32.0 418.0 115.0 441.0
ship 169.0 355.0 311.0 391.0
ship 210.0 420.0 345.0 450.0
ship 373.0 353.0 525.0 390.0
ship 545.0 581.0 638.0 605.0
ship 641.0 449.0 737.0 586.0
ship 338.0 376.0 366.0 389.0
ship 640.0 515.0 670.0 553.0
bridge 498.0 158.0 550.0 179.0
