storagetank 262.0 31.0 304.0 73.0
storagetank 151.0 15.0 194.0 55.0
storagetank 253.0 130.0 318.0 191.0
storagetank 252.0 274.0 279.0 303.0
storagetank 215.0 376.0 224.0 385.0
storagetank 90.0 90.0 153.0 149.0
storagetank 475.0 606.0 512.0 638.0
storagetank 595.0 624.0 629.0 658.0
storagetank 652.0 675.0 688.0 706.0
storagetank 585.0 690.0 622.0 724.0
storagetank 464.0 679.0 503.0 712.0
storagetank 454.0 751.0 491.0 784.0
storagetank 575.0 755.0 613.0 790.0
storagetank 638.0 753.0 678.0 788.0
vehicle 683.0 386.0 686.0 399.0
vehicle 712.0 454.0 715.0 463.0
vehicle 722.0 456.0 726.0 465.0
vehicle 717.0 455.0 722.0 464.0
vehicle 704.0 471.0 718.0 477.0
vehicle 655.0 304.0 666.0 308.0
vehicle 696.0 622.0 702.0 625.0
vehicle 682.0 601.0 686.0 604.0
vehicle 695.0 617.0 699.0 619.0
vehicle 518.0 393.0 526.0 396.0
vehicle 461.0 459.0 464.0 464.0
vehicle 563.0 564.0 571.0 568.0
