storagetank 48.0 416.0 168.0 526.0
storagetank 185.0 481.0 302.0 592.0
storagetank 469.0 326.0 513.0 362.0
storagetank 520.0 346.0 565.0 386.0
storagetank 381.0 290.0 409.0 314.0
storagetank 353.0 277.0 380.0 299.0
storagetank 325.0 264.0 355.0 286.0
storagetank 394.0 261.0 422.0 285.0
vehicle 172.0 294.0 190.0 306.0
vehicle 262.0 50.0 282.0 63.0
vehicle 287.0 41.0 300.0 49.0
vehicle 645.0 511.0 672.0 536.0
vehicle 671.0 517.0 678.0 535.0
vehicle 237.0 407.0 290.0 435.0
storagetank 149.0 147.0 168.0 159.0
storagetank 181.0 102.0 211.0 123.0
storagetank 195.0 80.0 214.0 93.0
storagetank 573.0 395.0 607.0 413.0
storagetank 699.0 417.0 759.0 475.0
storagetank 341.0 121.0 360.0 134.0
vehicle 591.0 80.0 600.0 95.0
vehicle 591.0 351.0 607.0 364.0
storagetank 545.0 335.0 558.0 344.0
storagetank 792.0 387.0 800.0 396.0
vehicle 550.0 43.0 565.0 66.0
