storagetank 309.0 262.0 336.0 285.0
storagetank 337.0 282.0 362.0 306.0
storagetank 372.0 307.0 400.0 333.0
storagetank 399.0 328.0 425.0 353.0
storagetank 436.0 351.0 463.0 378.0
storagetank 462.0 374.0 488.0 400.0
storagetank 214.0 324.0 223.0 333.0
storagetank 183.0 441.0 196.0 452.0
storagetank 172.0 454.0 187.0 466.0
storagetank 188.0 457.0 215.0 480.0
storagetank 215.0 475.0 242.0 501.0
storagetank 329.0 481.0 340.0 491.0
storagetank 390.0 530.0 399.0 539.0
storagetank 425.0 553.0 437.0 563.0
storagetank 441.0 585.0 448.0 593.0
storagetank 436.0 593.0 443.0 600.0
storagetank 423.0 601.0 439.0 615.0
storagetank 337.0 564.0 354.0 577.0
storagetank 351.0 577.0 364.0 588.0
storagetank 208.0 597.0 231.0 613.0
storagetank 200.0 611.0 220.0 627.0
chimney 550.0 609.0 616.0 664.0
chimney 392.0 497.0 449.0 544.0
chimney 302.0 425.0 368.0 477.0
chimney 165.0 433.0 233.0 484.0
chimney 189.0 449.0 260.0 501.0
chimney 92.0 560.0 159.0 615.0
