ship 406.0 610.0 433.0 623.0
harbor 254.0 511.0 466.0 580.0
harbor 171.0 375.0 453.0 469.0
harbor 145.0 226.0 432.0 342.0
harbor 120.0 112.0 407.0 197.0
ship 323.0 26.0 371.0 45.0
ship 198.0 409.0 232.0 425.0
ship 243.0 399.0 282.0 416.0
ship 292.0 387.0 343.0 410.0
ship 361.0 374.0 414.0 396.0
ship 402.0 514.0 437.0 528.0
ship 169.0 421.0 187.0 458.0
ship 143.0 292.0 160.0 340.0
ship 317.0 274.0 334.0 303.0
ship 345.0 271.0 356.0 295.0
ship 374.0 266.0 385.0 294.0
ship 277.0 227.0 296.0 265.0
ship 335.0 126.0 381.0 148.0
ship 282.0 135.0 329.0 155.0
ship 262.0 113.0 296.0 132.0
ship 193.0 122.0 239.0 144.0
ship 120.0 162.0 133.0 195.0
ship 147.0 166.0 160.0 190.0
ship 183.0 161.0 192.0 184.0
ship 140.0 136.0 170.0 152.0
ship 280.0 557.0 314.0 577.0
ship 255.0 529.0 268.0 562.0
ship 8.0 311.0 19.0 335.0
ship 19.0 353.0 34.0 382.0
ship 155.0 251.0 170.0 290.0
ship 169.0 247.0 185.0 287.0
ship 188.0 245.0 205.0 281.0
ship 206.0 244.0 220.0 275.0
ship 227.0 240.0 241.0 274.0
ship 243.0 236.0 258.0 270.0
ship 227.0 292.0 239.0 316.0
ship 242.0 288.0 257.0 317.0
ship 187.0 436.0 204.0 472.0
ship 204.0 437.0 216.0 468.0
ship 228.0 428.0 243.0 461.0
ship 217.0 434.0 229.0 465.0
ship 243.0 429.0 255.0 453.0
ship 255.0 426.0 269.0 453.0
ship 308.0 417.0 321.0 447.0
ship 321.0 417.0 334.0 451.0
ship 335.0 412.0 348.0 446.0
ship 348.0 414.0 360.0 444.0
ship 425.0 401.0 438.0 431.0
ship 438.0 398.0 452.0 433.0
ship 267.0 520.0 282.0 553.0
ship 284.0 526.0 296.0 552.0
ship 301.0 525.0 312.0 547.0
ship 313.0 521.0 325.0 545.0
ship 371.0 512.0 381.0 540.0
ship 333.0 551.0 347.0 581.0
ship 344.0 551.0 359.0 577.0
ship 384.0 543.0 396.0 568.0
ship 396.0 543.0 406.0 565.0
ship 409.0 540.0 421.0 564.0
ship 433.0 538.0 444.0 561.0
harbor 378.0 606.0 488.0 642.0
harbor 316.0 12.0 399.0 48.0
harbor 253.0 643.0 340.0 800.0
