ship 67.0 38.0 109.0 68.0
ship 130.0 85.0 172.0 112.0
ship 239.0 13.0 288.0 49.0
ship 385.0 82.0 427.0 100.0
harbor 1.0 262.0 763.0 400.0
ship 16.0 275.0 33.0 330.0
ship 14.0 346.0 32.0 397.0
ship 41.0 263.0 61.0 334.0
ship 37.0 351.0 55.0 402.0
ship 71.0 270.0 90.0 331.0
ship 77.0 351.0 97.0 402.0
ship 97.0 265.0 116.0 328.0
ship 119.0 354.0 136.0 397.0
ship 140.0 353.0 155.0 397.0
ship 153.0 279.0 175.0 335.0
ship 157.0 352.0 174.0 394.0
ship 175.0 352.0 191.0 395.0
ship 195.0 359.0 208.0 393.0
ship 216.0 352.0 231.0 385.0
ship 186.0 269.0 205.0 334.0
ship 213.0 262.0 233.0 333.0
ship 235.0 354.0 250.0 392.0
ship 256.0 355.0 269.0 387.0
ship 249.0 261.0 270.0 343.0
ship 278.0 261.0 299.0 314.0
ship 328.0 327.0 344.0 364.0
ship 330.0 266.0 345.0 312.0
ship 347.0 327.0 366.0 377.0
ship 369.0 331.0 388.0 371.0
ship 356.0 265.0 376.0 314.0
ship 410.0 273.0 427.0 308.0
ship 429.0 281.0 442.0 311.0
ship 410.0 328.0 426.0 374.0
ship 428.0 332.0 441.0 359.0
ship 451.0 331.0 467.0 370.0
ship 458.0 265.0 477.0 314.0
ship 512.0 276.0 527.0 310.0
ship 491.0 334.0 508.0 390.0
ship 513.0 334.0 531.0 384.0
ship 584.0 273.0 599.0 313.0
ship 592.0 335.0 611.0 389.0
ship 616.0 331.0 635.0 386.0
ship 646.0 330.0 667.0 391.0
ship 631.0 284.0 644.0 310.0
ship 662.0 277.0 676.0 311.0
ship 682.0 272.0 696.0 316.0
ship 673.0 332.0 690.0 389.0
ship 708.0 335.0 727.0 390.0
ship 714.0 275.0 728.0 311.0
ship 735.0 281.0 765.0 384.0
