harbor 68.0 54.0 122.0 92.0
harbor 58.0 143.0 113.0 174.0
harbor 54.0 314.0 91.0 348.0
harbor 67.0 417.0 113.0 454.0
harbor 67.0 528.0 110.0 591.0
harbor 64.0 700.0 89.0 751.0
harbor 470.0 35.0 786.0 737.0
vehicle 663.0 166.0 677.0 194.0
vehicle 683.0 253.0 703.0 282.0
vehicle 700.0 312.0 720.0 332.0
vehicle 748.0 549.0 772.0 570.0
ship 530.0 296.0 546.0 328.0
ship 507.0 295.0 523.0 327.0
ship 516.0 340.0 533.0 383.0
ship 498.0 249.0 515.0 283.0
ship 488.0 204.0 505.0 238.0
ship 516.0 206.0 533.0 240.0
ship 484.0 158.0 499.0 191.0
ship 469.0 103.0 486.0 137.0
ship 462.0 61.0 479.0 95.0
ship 495.0 45.0 508.0 73.0
ship 510.0 47.0 520.0 70.0
ship 527.0 45.0 540.0 69.0
ship 538.0 45.0 559.0 57.0
ship 561.0 43.0 582.0 55.0
ship 594.0 61.0 625.0 75.0
ship 584.0 41.0 605.0 53.0
ship 590.0 84.0 635.0 104.0
ship 594.0 104.0 631.0 120.0
ship 599.0 123.0 642.0 144.0
ship 604.0 147.0 636.0 162.0
ship 600.0 162.0 651.0 188.0
ship 620.0 204.0 655.0 225.0
ship 618.0 225.0 664.0 247.0
ship 633.0 249.0 665.0 269.0
ship 631.0 267.0 674.0 287.0
ship 631.0 290.0 681.0 316.0
ship 644.0 312.0 681.0 329.0
ship 650.0 333.0 687.0 350.0
ship 644.0 353.0 693.0 372.0
ship 644.0 372.0 698.0 399.0
ship 659.0 395.0 704.0 410.0
ship 667.0 416.0 705.0 435.0
ship 660.0 435.0 698.0 454.0
ship 666.0 459.0 715.0 482.0
ship 682.0 480.0 718.0 496.0
ship 686.0 500.0 727.0 520.0
ship 678.0 521.0 731.0 540.0
ship 692.0 543.0 737.0 563.0
ship 685.0 560.0 739.0 585.0
ship 700.0 585.0 742.0 604.0
ship 698.0 605.0 749.0 628.0
ship 713.0 628.0 755.0 645.0
ship 717.0 646.0 759.0 663.0
ship 710.0 666.0 762.0 692.0
ship 722.0 688.0 766.0 703.0
ship 717.0 709.0 771.0 733.0
