airplane 134.0 138.0 218.0 253.0
airplane 586.0 286.0 672.0 376.0
airplane 153.0 459.0 237.0 573.0
airplane 413.0 449.0 498.0 564.0
airplane 524.0 469.0 598.0 563.0
airplane 583.0 462.0 704.0 587.0
airplane 691.0 498.0 765.0 585.0
airplane 558.0 400.0 643.0 512.0
airplane 644.0 388.0 729.0 499.0
vehicle 26.0 119.0 40.0 125.0
vehicle 26.0 111.0 40.0 117.0
vehicle 25.0 105.0 40.0 111.0
vehicle 25.0 99.0 41.0 105.0
vehicle 25.0 91.0 40.0 98.0
vehicle 25.0 85.0 40.0 90.0
vehicle 26.0 79.0 40.0 85.0
vehicle 25.0 72.0 39.0 78.0
vehicle 25.0 65.0 39.0 71.0
vehicle 25.0 59.0 40.0 65.0
vehicle 25.0 53.0 40.0 59.0
vehicle 24.0 46.0 40.0 53.0
vehicle 25.0 40.0 39.0 46.0
vehicle 26.0 32.0 39.0 38.0
vehicle 21.0 23.0 38.0 30.0
vehicle 24.0 15.0 40.0 22.0
vehicle 25.0 6.0 40.0 12.0
vehicle 1.0 112.0 12.0 118.0
vehicle 1.0 106.0 12.0 111.0
vehicle 1.0 100.0 12.0 105.0
vehicle 1.0 86.0 11.0 91.0
vehicle 1.0 80.0 11.0 85.0
vehicle 1.0 72.0 14.0 78.0
vehicle 1.0 66.0 13.0 71.0
vehicle 1.0 60.0 13.0 66.0
vehicle 1.0 53.0 12.0 58.0
vehicle 1.0 45.0 11.0 51.0
vehicle 1.0 39.0 10.0 45.0
vehicle 1.0 33.0 11.0 38.0
vehicle 1.0 26.0 10.0 32.0
vehicle 46.0 35.0 52.0 50.0
vehicle 44.0 19.0 50.0 31.0
vehicle 52.0 18.0 58.0 33.0
vehicle 65.0 34.0 73.0 50.0
vehicle 65.0 20.0 71.0 31.0
vehicle 74.0 21.0 79.0 32.0
vehicle 81.0 19.0 87.0 32.0
vehicle 88.0 35.0 95.0 49.0
vehicle 96.0 37.0 102.0 48.0
vehicle 95.0 17.0 103.0 32.0
vehicle 106.0 18.0 112.0 29.0
vehicle 113.0 20.0 118.0 31.0
vehicle 111.0 34.0 118.0 48.0
vehicle 142.0 72.0 149.0 85.0
vehicle 192.0 104.0 198.0 116.0
vehicle 184.0 103.0 190.0 114.0
vehicle 172.0 103.0 178.0 115.0
vehicle 165.0 103.0 171.0 115.0
vehicle 158.0 104.0 164.0 117.0
vehicle 151.0 103.0 158.0 116.0
vehicle 165.0 74.0 171.0 85.0
vehicle 172.0 77.0 179.0 90.0
vehicle 180.0 75.0 186.0 88.0
vehicle 187.0 73.0 193.0 86.0
vehicle 193.0 72.0 199.0 85.0
vehicle 169.0 41.0 181.0 50.0
vehicle 130.0 48.0 146.0 58.0
vehicle 131.0 41.0 146.0 50.0
vehicle 130.0 32.0 147.0 45.0
vehicle 133.0 26.0 147.0 36.0
vehicle 133.0 18.0 147.0 29.0
vehicle 132.0 8.0 146.0 18.0
vehicle 133.0 1.0 145.0 11.0
vehicle 156.0 40.0 169.0 49.0
vehicle 169.0 34.0 182.0 41.0
vehicle 159.0 32.0 169.0 40.0
vehicle 169.0 25.0 182.0 33.0
vehicle 159.0 23.0 171.0 31.0
vehicle 173.0 18.0 186.0 25.0
vehicle 170.0 11.0 183.0 19.0
vehicle 170.0 4.0 182.0 12.0
vehicle 158.0 12.0 169.0 21.0
vehicle 153.0 3.0 168.0 12.0
vehicle 125.0 72.0 131.0 83.0
vehicle 284.0 160.0 300.0 170.0
vehicle 281.0 182.0 299.0 195.0
vehicle 285.0 209.0 298.0 220.0
vehicle 284.0 219.0 298.0 228.0
vehicle 317.0 160.0 333.0 170.0
vehicle 318.0 175.0 332.0 185.0
vehicle 320.0 184.0 335.0 194.0
vehicle 324.0 228.0 339.0 237.0
vehicle 361.0 257.0 369.0 273.0
vehicle 271.0 237.0 286.0 244.0
vehicle 240.0 257.0 249.0 280.0
vehicle 249.0 258.0 259.0 281.0
vehicle 277.0 251.0 285.0 275.0
vehicle 491.0 382.0 506.0 393.0
vehicle 561.0 302.0 568.0 316.0
vehicle 421.0 519.0 428.0 530.0
vehicle 364.0 564.0 373.0 577.0
vehicle 564.0 570.0 572.0 587.0
vehicle 554.0 573.0 562.0 588.0
vehicle 573.0 571.0 582.0 584.0
vehicle 487.0 578.0 495.0 591.0
vehicle 508.0 571.0 516.0 588.0
vehicle 516.0 575.0 526.0 598.0
vehicle 525.0 574.0 536.0 597.0
vehicle 780.0 271.0 788.0 285.0
vehicle 727.0 315.0 742.0 321.0
vehicle 728.0 323.0 743.0 329.0
vehicle 725.0 331.0 740.0 338.0
vehicle 724.0 341.0 740.0 350.0
vehicle 320.0 250.0 334.0 259.0
vehicle 88.0 71.0 99.0 94.0
vehicle 731.0 256.0 737.0 266.0
vehicle 538.0 274.0 559.0 282.0
