ship 56.0 92.0 91.0 186.0
ship 21.0 249.0 58.0 334.0
ship 131.0 507.0 163.0 597.0
ship 57.0 521.0 73.0 598.0
ship 43.0 526.0 58.0 605.0
ship 25.0 528.0 40.0 597.0
ship 8.0 526.0 25.0 614.0
ship 599.0 75.0 632.0 172.0
ship 664.0 15.0 694.0 82.0
ship 653.0 29.0 671.0 63.0
ship 626.0 90.0 647.0 158.0
ship 642.0 90.0 662.0 155.0
ship 660.0 83.0 686.0 147.0
ship 651.0 147.0 682.0 212.0
harbor 608.0 279.0 681.0 489.0
storagetank 746.0 622.0 776.0 653.0
storagetank 701.0 632.0 736.0 666.0
storagetank 661.0 645.0 694.0 675.0
storagetank 662.0 682.0 694.0 717.0
storagetank 657.0 723.0 691.0 761.0
storagetank 766.0 704.0 797.0 737.0
storagetank 732.0 713.0 758.0 743.0
storagetank 730.0 744.0 761.0 777.0
storagetank 763.0 737.0 795.0 768.0
storagetank 719.0 257.0 751.0 287.0
storagetank 719.0 296.0 751.0 329.0
storagetank 714.0 335.0 748.0 372.0
storagetank 713.0 377.0 744.0 407.0
storagetank 709.0 417.0 741.0 449.0
storagetank 677.0 374.0 694.0 394.0
storagetank 672.0 398.0 691.0 415.0
storagetank 677.0 417.0 689.0 433.0
storagetank 761.0 253.0 780.0 272.0
storagetank 761.0 277.0 781.0 294.0
storagetank 767.0 303.0 799.0 329.0
storagetank 765.0 336.0 799.0 364.0
