ship 655.0 409.0 671.0 440.0
ship 488.0 495.0 506.0 522.0
ship 568.0 406.0 584.0 433.0
ship 358.0 503.0 379.0 533.0
ship 421.0 527.0 439.0 559.0
ship 289.0 588.0 307.0 617.0
ship 322.0 514.0 344.0 550.0
ship 242.0 556.0 261.0 586.0
ship 264.0 600.0 283.0 629.0
ship 172.0 489.0 197.0 529.0
ship 98.0 390.0 134.0 453.0
ship 172.0 430.0 187.0 453.0
ship 197.0 362.0 216.0 390.0
ship 199.0 411.0 221.0 441.0
ship 234.0 398.0 252.0 426.0
ship 260.0 379.0 286.0 418.0
ship 287.0 318.0 307.0 349.0
ship 327.0 352.0 349.0 386.0
ship 372.0 338.0 394.0 367.0
ship 388.0 324.0 411.0 360.0
ship 423.0 310.0 442.0 337.0
ship 522.0 265.0 544.0 295.0
ship 540.0 253.0 559.0 290.0
ship 568.0 243.0 588.0 273.0
ship 596.0 230.0 619.0 263.0
ship 586.0 186.0 605.0 218.0
ship 554.0 195.0 579.0 232.0
ship 521.0 214.0 544.0 244.0
ship 487.0 223.0 512.0 261.0
ship 451.0 242.0 473.0 276.0
ship 397.0 270.0 414.0 302.0
ship 422.0 263.0 437.0 292.0
ship 63.0 244.0 91.0 290.0
ship 93.0 324.0 115.0 353.0
ship 103.0 227.0 131.0 270.0
ship 128.0 217.0 156.0 264.0
ship 147.0 205.0 182.0 254.0
ship 192.0 188.0 214.0 228.0
ship 210.0 175.0 241.0 224.0
ship 230.0 165.0 260.0 214.0
ship 255.0 153.0 280.0 193.0
ship 299.0 135.0 326.0 177.0
ship 339.0 110.0 370.0 152.0
ship 444.0 58.0 474.0 112.0
ship 512.0 32.0 530.0 69.0
ship 527.0 19.0 560.0 77.0
ship 556.0 6.0 600.0 47.0
ship 617.0 1.0 640.0 30.0
ship 467.0 235.0 487.0 271.0
ship 498.0 215.0 524.0 254.0
ship 333.0 299.0 353.0 329.0
ship 301.0 312.0 322.0 346.0
ship 597.0 178.0 619.0 214.0
ship 551.0 249.0 576.0 286.0
ship 277.0 377.0 294.0 405.0
ship 341.0 345.0 365.0 381.0
ship 365.0 487.0 392.0 528.0
ship 536.0 653.0 556.0 685.0
ship 433.0 695.0 452.0 729.0
ship 360.0 737.0 378.0 764.0
ship 385.0 769.0 403.0 797.0
ship 266.0 689.0 305.0 755.0
ship 216.0 648.0 247.0 698.0
ship 244.0 710.0 281.0 769.0
ship 236.0 710.0 246.0 725.0
ship 194.0 658.0 224.0 710.0
ship 176.0 669.0 200.0 711.0
ship 223.0 721.0 256.0 769.0
ship 203.0 727.0 233.0 776.0
ship 152.0 678.0 182.0 731.0
ship 181.0 737.0 214.0 798.0
ship 130.0 686.0 159.0 734.0
ship 110.0 702.0 140.0 750.0
ship 162.0 747.0 189.0 795.0
ship 136.0 759.0 163.0 800.0
ship 119.0 763.0 141.0 800.0
ship 44.0 723.0 75.0 779.0
ship 28.0 745.0 54.0 790.0
ship 7.0 749.0 35.0 798.0
harbor 51.0 1.0 659.0 286.0
harbor 140.0 165.0 653.0 456.0
harbor 223.0 331.0 735.0 634.0
harbor 1.0 648.0 307.0 800.0
harbor 308.0 577.0 800.0 796.0
