harbor 146.0 295.0 211.0 375.0
harbor 177.0 138.0 616.0 480.0
harbor 581.0 412.0 684.0 523.0
harbor 565.0 512.0 759.0 620.0
vehicle 472.0 145.0 478.0 153.0
vehicle 479.0 156.0 484.0 162.0
vehicle 438.0 164.0 443.0 171.0
vehicle 499.0 221.0 505.0 228.0
vehicle 535.0 254.0 542.0 261.0
vehicle 565.0 210.0 573.0 217.0
vehicle 627.0 271.0 636.0 276.0
vehicle 638.0 276.0 644.0 281.0
vehicle 660.0 295.0 666.0 301.0
vehicle 667.0 302.0 675.0 308.0
vehicle 712.0 343.0 721.0 352.0
vehicle 663.0 366.0 671.0 375.0
vehicle 722.0 426.0 729.0 435.0
ship 753.0 67.0 768.0 88.0
vehicle 121.0 471.0 132.0 477.0
vehicle 345.0 560.0 356.0 567.0
vehicle 431.0 622.0 441.0 631.0
vehicle 481.0 726.0 490.0 735.0
vehicle 611.0 786.0 622.0 795.0
vehicle 774.0 609.0 782.0 616.0
vehicle 768.0 618.0 776.0 625.0
vehicle 757.0 630.0 765.0 636.0
vehicle 763.0 643.0 770.0 650.0
vehicle 783.0 635.0 791.0 642.0
ship 143.0 183.0 331.0 331.0
ship 219.0 200.0 237.0 222.0
ship 237.0 210.0 256.0 234.0
ship 271.0 239.0 286.0 258.0
ship 302.0 196.0 316.0 215.0
ship 327.0 213.0 338.0 229.0
ship 337.0 222.0 355.0 246.0
ship 481.0 300.0 497.0 313.0
ship 507.0 317.0 525.0 330.0
ship 533.0 334.0 555.0 351.0
ship 562.0 355.0 595.0 381.0
ship 414.0 253.0 436.0 269.0
ship 439.0 270.0 454.0 282.0
ship 460.0 283.0 476.0 297.0
ship 203.0 128.0 247.0 159.0
ship 212.0 106.0 262.0 145.0
ship 306.0 167.0 320.0 183.0
ship 239.0 152.0 263.0 181.0
ship 254.0 164.0 271.0 184.0
ship 325.0 181.0 342.0 198.0
ship 331.0 183.0 349.0 202.0
ship 378.0 226.0 401.0 245.0
ship 143.0 183.0 186.0 216.0
ship 177.0 212.0 198.0 237.0
ship 179.0 217.0 207.0 257.0
ship 198.0 224.0 218.0 250.0
ship 207.0 232.0 229.0 257.0
ship 212.0 240.0 238.0 273.0
ship 231.0 248.0 253.0 279.0
ship 243.0 254.0 263.0 281.0
ship 251.0 261.0 271.0 287.0
ship 258.0 267.0 280.0 297.0
ship 270.0 275.0 286.0 297.0
ship 274.0 279.0 296.0 309.0
ship 284.0 284.0 305.0 313.0
ship 293.0 290.0 314.0 319.0
ship 296.0 298.0 323.0 332.0
ship 310.0 303.0 331.0 329.0
ship 324.0 314.0 349.0 345.0
ship 335.0 319.0 357.0 344.0
ship 343.0 325.0 366.0 356.0
ship 353.0 332.0 374.0 354.0
ship 361.0 337.0 381.0 362.0
ship 365.0 342.0 390.0 377.0
ship 373.0 350.0 399.0 384.0
ship 394.0 362.0 418.0 393.0
ship 402.0 368.0 424.0 400.0
ship 434.0 440.0 453.0 454.0
ship 413.0 373.0 435.0 401.0
ship 420.0 380.0 443.0 412.0
ship 429.0 386.0 451.0 412.0
ship 441.0 392.0 459.0 413.0
ship 446.0 399.0 466.0 424.0
ship 452.0 404.0 476.0 435.0
ship 464.0 409.0 485.0 436.0
ship 471.0 414.0 494.0 445.0
ship 482.0 421.0 502.0 446.0
ship 491.0 427.0 511.0 451.0
ship 500.0 432.0 519.0 458.0
ship 505.0 438.0 529.0 469.0
ship 527.0 450.0 545.0 474.0
ship 529.0 475.0 552.0 492.0
ship 541.0 469.0 566.0 490.0
ship 545.0 461.0 571.0 480.0
ship 552.0 454.0 572.0 470.0
ship 559.0 444.0 581.0 463.0
ship 565.0 436.0 585.0 453.0
ship 571.0 428.0 594.0 447.0
ship 575.0 418.0 600.0 437.0
ship 581.0 410.0 601.0 425.0
ship 588.0 400.0 610.0 418.0
ship 592.0 391.0 614.0 408.0
ship 605.0 380.0 621.0 393.0
ship 609.0 366.0 631.0 390.0
ship 647.0 415.0 665.0 432.0
ship 634.0 434.0 653.0 448.0
ship 628.0 441.0 648.0 457.0
ship 620.0 448.0 641.0 465.0
ship 612.0 455.0 637.0 474.0
ship 609.0 466.0 630.0 483.0
ship 603.0 473.0 625.0 491.0
ship 595.0 481.0 621.0 500.0
ship 591.0 491.0 614.0 508.0
ship 584.0 498.0 609.0 518.0
ship 609.0 516.0 640.0 541.0
ship 619.0 508.0 648.0 533.0
ship 623.0 499.0 648.0 518.0
ship 631.0 493.0 656.0 513.0
ship 643.0 474.0 670.0 495.0
ship 648.0 467.0 676.0 489.0
ship 651.0 458.0 678.0 477.0
ship 661.0 446.0 682.0 464.0
ship 670.0 435.0 686.0 452.0
ship 729.0 526.0 741.0 536.0
ship 718.0 528.0 736.0 543.0
ship 715.0 534.0 729.0 546.0
ship 696.0 529.0 711.0 544.0
ship 683.0 570.0 697.0 583.0
ship 678.0 580.0 697.0 594.0
ship 661.0 588.0 674.0 601.0
ship 657.0 596.0 668.0 606.0
ship 655.0 601.0 665.0 612.0
ship 589.0 560.0 601.0 572.0
ship 599.0 565.0 607.0 577.0
ship 603.0 571.0 613.0 582.0
ship 612.0 567.0 622.0 579.0
ship 570.0 385.0 589.0 412.0
ship 568.0 381.0 582.0 400.0
ship 558.0 374.0 574.0 394.0
ship 549.0 369.0 567.0 393.0
ship 542.0 365.0 559.0 384.0
ship 533.0 359.0 552.0 381.0
ship 527.0 353.0 545.0 375.0
ship 521.0 348.0 538.0 367.0
ship 513.0 343.0 530.0 363.0
ship 505.0 338.0 522.0 361.0
ship 496.0 334.0 512.0 357.0
ship 493.0 328.0 507.0 348.0
ship 484.0 323.0 499.0 341.0
ship 476.0 317.0 491.0 335.0
ship 468.0 312.0 482.0 330.0
ship 517.0 411.0 532.0 429.0
ship 527.0 413.0 543.0 435.0
ship 534.0 419.0 551.0 441.0
ship 544.0 428.0 558.0 446.0
ship 492.0 387.0 511.0 411.0
ship 482.0 384.0 500.0 407.0
ship 476.0 376.0 493.0 400.0
ship 467.0 371.0 486.0 393.0
ship 448.0 358.0 466.0 382.0
ship 439.0 356.0 456.0 376.0
ship 432.0 351.0 448.0 371.0
ship 424.0 342.0 442.0 364.0
ship 416.0 338.0 428.0 358.0
ship 406.0 332.0 421.0 351.0
ship 397.0 325.0 413.0 346.0
ship 387.0 319.0 406.0 341.0
ship 379.0 314.0 396.0 333.0
ship 370.0 306.0 389.0 329.0
ship 363.0 303.0 379.0 321.0
ship 346.0 287.0 363.0 309.0
ship 338.0 284.0 354.0 305.0
ship 320.0 272.0 337.0 293.0
ship 312.0 263.0 328.0 286.0
ship 304.0 262.0 319.0 282.0
ship 297.0 254.0 313.0 273.0
ship 287.0 246.0 305.0 270.0
ship 354.0 233.0 371.0 254.0
ship 363.0 238.0 377.0 256.0
ship 369.0 243.0 386.0 263.0
ship 377.0 247.0 393.0 269.0
ship 383.0 253.0 400.0 275.0
ship 392.0 258.0 407.0 278.0
ship 399.0 263.0 416.0 282.0
ship 403.0 269.0 424.0 292.0
ship 411.0 275.0 430.0 299.0
ship 428.0 284.0 445.0 306.0
ship 437.0 290.0 454.0 309.0
ship 445.0 297.0 461.0 316.0
