vehicle 325.0 656.0 341.0 674.0
vehicle 360.0 656.0 388.0 679.0
vehicle 522.0 440.0 549.0 445.0
vehicle 326.0 415.0 352.0 424.0
vehicle 301.0 375.0 331.0 386.0
vehicle 336.0 360.0 364.0 369.0
vehicle 372.0 365.0 402.0 374.0
vehicle 222.0 376.0 271.0 384.0
vehicle 409.0 191.0 436.0 216.0
vehicle 426.0 222.0 474.0 230.0
vehicle 232.0 350.0 254.0 368.0
vehicle 292.0 476.0 316.0 485.0
vehicle 146.0 438.0 180.0 448.0
Expressway-Service-area 130.0 474.0 554.0 718.0
Expressway-Service-area 142.0 160.0 555.0 390.0
