ship 68.0 150.0 107.0 159.0
ship 70.0 159.0 105.0 167.0
ship 68.0 166.0 106.0 174.0
ship 71.0 174.0 102.0 182.0
ship 147.0 155.0 185.0 171.0
ship 147.0 163.0 185.0 174.0
ship 147.0 172.0 183.0 185.0
ship 135.0 193.0 169.0 207.0
ship 136.0 202.0 166.0 212.0
ship 144.0 210.0 166.0 220.0
ship 260.0 214.0 282.0 222.0
ship 139.0 109.0 196.0 123.0
ship 219.0 115.0 281.0 131.0
ship 302.0 154.0 345.0 174.0
ship 298.0 102.0 334.0 118.0
ship 217.0 64.0 270.0 78.0
ship 312.0 29.0 358.0 47.0
ship 425.0 39.0 475.0 54.0
ship 337.0 66.0 379.0 81.0
storagetank 293.0 722.0 311.0 738.0
storagetank 313.0 720.0 330.0 737.0
storagetank 332.0 718.0 349.0 734.0
storagetank 294.0 741.0 312.0 758.0
storagetank 316.0 738.0 332.0 756.0
storagetank 335.0 736.0 350.0 753.0
storagetank 559.0 576.0 570.0 590.0
storagetank 570.0 575.0 581.0 588.0
storagetank 581.0 574.0 593.0 588.0
storagetank 593.0 574.0 602.0 585.0
