airplane 14.0 174.0 92.0 288.0
airplane 46.0 329.0 86.0 356.0
airplane 52.0 364.0 107.0 392.0
airplane 51.0 405.0 119.0 461.0
airplane 66.0 473.0 106.0 489.0
airplane 50.0 504.0 104.0 532.0
airplane 60.0 586.0 119.0 633.0
airplane 225.0 185.0 319.0 250.0
airplane 206.0 224.0 290.0 310.0
airplane 275.0 253.0 326.0 336.0
airplane 207.0 329.0 312.0 441.0
airplane 289.0 339.0 328.0 365.0
airplane 265.0 406.0 327.0 465.0
airplane 208.0 427.0 255.0 494.0
airplane 211.0 468.0 276.0 559.0
airplane 273.0 459.0 327.0 498.0
airplane 288.0 500.0 326.0 531.0
airplane 295.0 538.0 324.0 568.0
airplane 278.0 577.0 330.0 594.0
airplane 213.0 586.0 318.0 691.0
airplane 269.0 649.0 302.0 687.0
airplane 428.0 177.0 498.0 267.0
airplane 412.0 249.0 467.0 311.0
airplane 485.0 264.0 512.0 292.0
airplane 461.0 304.0 522.0 339.0
airplane 415.0 315.0 475.0 383.0
airplane 494.0 369.0 525.0 410.0
airplane 416.0 370.0 487.0 460.0
airplane 465.0 410.0 527.0 487.0
airplane 422.0 464.0 488.0 504.0
airplane 498.0 490.0 520.0 518.0
airplane 415.0 507.0 459.0 568.0
airplane 454.0 504.0 482.0 528.0
airplane 457.0 529.0 482.0 555.0
airplane 485.0 525.0 522.0 574.0
airplane 416.0 569.0 452.0 595.0
airplane 454.0 569.0 482.0 591.0
airplane 415.0 601.0 451.0 626.0
airplane 454.0 593.0 481.0 616.0
airplane 497.0 579.0 520.0 608.0
airplane 453.0 617.0 482.0 644.0
airplane 499.0 613.0 525.0 651.0
airplane 490.0 651.0 514.0 675.0
airplane 415.0 626.0 454.0 689.0
airplane 666.0 415.0 730.0 478.0
airplane 703.0 472.0 800.0 557.0
airplane 704.0 645.0 795.0 748.0
