airplane 18.0 85.0 109.0 154.0
airplane 87.0 173.0 164.0 230.0
airplane 138.0 240.0 217.0 296.0
airplane 205.0 315.0 262.0 349.0
airplane 229.0 378.0 317.0 444.0
airplane 353.0 540.0 428.0 597.0
airplane 47.0 492.0 101.0 547.0
airplane 561.0 417.0 633.0 471.0
airplane 627.0 466.0 724.0 541.0
airplane 583.0 566.0 665.0 624.0
airplane 315.0 150.0 397.0 219.0
airplane 686.0 259.0 765.0 320.0
airplane 406.0 302.0 487.0 363.0
vehicle 736.0 458.0 749.0 463.0
vehicle 752.0 475.0 760.0 487.0
vehicle 618.0 725.0 628.0 739.0
vehicle 602.0 737.0 615.0 748.0
