bridge 222.0 506.0 291.0 571.0
storagetank 626.0 509.0 650.0 541.0
storagetank 508.0 530.0 541.0 566.0
storagetank 547.0 531.0 576.0 561.0
storagetank 521.0 571.0 547.0 604.0
storagetank 560.0 571.0 585.0 605.0
storagetank 458.0 637.0 484.0 674.0
storagetank 492.0 634.0 518.0 671.0
storagetank 527.0 632.0 554.0 670.0
storagetank 561.0 631.0 586.0 666.0
storagetank 451.0 681.0 482.0 719.0
storagetank 499.0 679.0 530.0 718.0
storagetank 546.0 676.0 580.0 717.0
storagetank 651.0 569.0 677.0 603.0
storagetank 689.0 575.0 713.0 610.0
storagetank 665.0 605.0 691.0 638.0
storagetank 639.0 651.0 669.0 684.0
storagetank 684.0 646.0 720.0 686.0
storagetank 639.0 691.0 674.0 730.0
storagetank 689.0 695.0 718.0 732.0
vehicle 676.0 508.0 690.0 531.0
vehicle 694.0 766.0 717.0 777.0
vehicle 693.0 780.0 715.0 787.0
vehicle 9.0 715.0 28.0 729.0
