airplane 172.0 28.0 230.0 87.0
airplane 113.0 119.0 152.0 158.0
airplane 159.0 139.0 195.0 182.0
airplane 117.0 158.0 158.0 198.0
airplane 139.0 196.0 184.0 236.0
airplane 227.0 286.0 277.0 328.0
airplane 313.0 124.0 377.0 185.0
airplane 315.0 178.0 365.0 227.0
airplane 375.0 178.0 427.0 225.0
airplane 222.0 360.0 261.0 413.0
airplane 169.0 423.0 217.0 475.0
airplane 103.0 527.0 148.0 565.0
airplane 306.0 541.0 395.0 634.0
airplane 400.0 542.0 501.0 629.0
airplane 505.0 532.0 585.0 618.0
airplane 6.0 591.0 47.0 632.0
airplane 6.0 708.0 55.0 753.0
