harbor 8.0 222.0 595.0 322.0
harbor 100.0 395.0 607.0 550.0
harbor 118.0 630.0 765.0 773.0
ship 119.0 248.0 140.0 313.0
ship 196.0 411.0 217.0 476.0
ship 462.0 400.0 483.0 465.0
ship 519.0 399.0 540.0 464.0
ship 494.0 475.0 515.0 540.0
ship 405.0 478.0 426.0 543.0
ship 288.0 484.0 309.0 549.0
ship 551.0 234.0 572.0 299.0
ship 492.0 236.0 516.0 293.0
ship 178.0 246.0 202.0 303.0
ship 233.0 243.0 257.0 300.0
ship 265.0 242.0 289.0 299.0
ship 289.0 244.0 313.0 301.0
ship 323.0 246.0 347.0 303.0
ship 346.0 241.0 370.0 298.0
ship 378.0 241.0 402.0 298.0
ship 434.0 242.0 458.0 299.0
ship 316.0 485.0 340.0 542.0
ship 199.0 491.0 223.0 548.0
ship 254.0 485.0 278.0 542.0
ship 168.0 494.0 192.0 551.0
ship 397.0 406.0 422.0 471.0
ship 575.0 241.0 597.0 292.0
ship 576.0 405.0 598.0 456.0
ship 551.0 402.0 573.0 453.0
ship 549.0 477.0 571.0 528.0
ship 376.0 487.0 398.0 538.0
ship 347.0 482.0 369.0 533.0
ship 369.0 416.0 391.0 467.0
ship 341.0 417.0 363.0 468.0
ship 310.0 419.0 332.0 470.0
ship 224.0 492.0 246.0 543.0
ship 164.0 422.0 186.0 473.0
ship 140.0 422.0 162.0 473.0
ship 252.0 424.0 267.0 461.0
ship 436.0 415.0 452.0 460.0
ship 413.0 246.0 429.0 291.0
ship 37.0 289.0 57.0 322.0
ship 52.0 277.0 72.0 310.0
ship 122.0 434.0 133.0 465.0
ship 142.0 503.0 153.0 534.0
ship 340.0 641.0 362.0 702.0
ship 209.0 655.0 232.0 709.0
ship 234.0 649.0 257.0 703.0
ship 286.0 652.0 309.0 706.0
ship 260.0 654.0 283.0 708.0
ship 415.0 644.0 438.0 698.0
ship 519.0 640.0 542.0 694.0
ship 496.0 643.0 519.0 697.0
ship 468.0 643.0 491.0 697.0
ship 390.0 645.0 413.0 699.0
ship 623.0 637.0 646.0 691.0
ship 678.0 633.0 701.0 687.0
ship 582.0 701.0 605.0 755.0
ship 518.0 705.0 541.0 759.0
ship 328.0 715.0 351.0 769.0
ship 240.0 713.0 263.0 767.0
ship 241.0 712.0 264.0 766.0
ship 177.0 719.0 200.0 773.0
ship 456.0 706.0 479.0 760.0
ship 549.0 638.0 570.0 687.0
ship 574.0 642.0 595.0 691.0
ship 496.0 704.0 517.0 753.0
ship 563.0 699.0 584.0 748.0
ship 650.0 700.0 668.0 745.0
ship 656.0 639.0 674.0 684.0
ship 222.0 718.0 240.0 763.0
ship 305.0 715.0 323.0 760.0
ship 265.0 717.0 283.0 762.0
ship 284.0 716.0 302.0 761.0
ship 351.0 714.0 369.0 761.0
ship 373.0 715.0 391.0 762.0
ship 393.0 709.0 411.0 756.0
ship 414.0 709.0 432.0 756.0
ship 436.0 709.0 454.0 756.0
ship 143.0 723.0 160.0 766.0
ship 141.0 660.0 158.0 703.0
ship 544.0 705.0 561.0 748.0
ship 695.0 701.0 712.0 744.0
ship 610.0 697.0 642.0 750.0
ship 123.0 666.0 138.0 702.0
ship 165.0 731.0 179.0 762.0
ship 706.0 638.0 723.0 681.0
ship 719.0 703.0 732.0 740.0
ship 481.0 705.0 498.0 748.0
