vehicle 44.0 29.0 52.0 38.0
vehicle 51.0 33.0 57.0 42.0
vehicle 54.0 35.0 63.0 43.0
vehicle 61.0 39.0 67.0 48.0
vehicle 66.0 42.0 72.0 51.0
vehicle 71.0 44.0 78.0 53.0
vehicle 77.0 47.0 83.0 57.0
vehicle 83.0 49.0 90.0 58.0
vehicle 61.0 1.0 68.0 9.0
vehicle 67.0 1.0 73.0 10.0
vehicle 72.0 4.0 80.0 15.0
vehicle 77.0 8.0 83.0 16.0
vehicle 82.0 10.0 88.0 19.0
vehicle 90.0 15.0 96.0 24.0
vehicle 96.0 19.0 102.0 28.0
vehicle 101.0 20.0 109.0 30.0
vehicle 107.0 23.0 114.0 32.0
vehicle 118.0 29.0 124.0 39.0
vehicle 123.0 32.0 130.0 40.0
vehicle 126.0 34.0 134.0 43.0
vehicle 125.0 1.0 130.0 8.0
vehicle 131.0 1.0 135.0 9.0
vehicle 135.0 3.0 143.0 13.0
vehicle 140.0 6.0 148.0 16.0
vehicle 153.0 13.0 158.0 20.0
vehicle 148.0 53.0 164.0 64.0
vehicle 207.0 47.0 214.0 56.0
vehicle 87.0 53.0 95.0 62.0
vehicle 97.0 61.0 105.0 71.0
vehicle 219.0 96.0 225.0 105.0
vehicle 225.0 100.0 231.0 110.0
vehicle 231.0 102.0 236.0 111.0
vehicle 174.0 101.0 183.0 111.0
vehicle 181.0 105.0 188.0 114.0
vehicle 246.0 142.0 253.0 149.0
vehicle 241.0 138.0 248.0 147.0
vehicle 230.0 129.0 239.0 140.0
vehicle 225.0 126.0 233.0 136.0
vehicle 220.0 128.0 226.0 134.0
vehicle 211.0 121.0 217.0 131.0
vehicle 203.0 114.0 210.0 125.0
vehicle 192.0 110.0 200.0 121.0
vehicle 6.0 252.0 15.0 257.0
vehicle 29.0 246.0 40.0 253.0
vehicle 29.0 269.0 39.0 273.0
vehicle 30.0 253.0 40.0 258.0
vehicle 30.0 258.0 40.0 263.0
vehicle 4.0 273.0 16.0 278.0
vehicle 5.0 278.0 16.0 283.0
vehicle 109.0 227.0 115.0 235.0
vehicle 123.0 236.0 129.0 245.0
vehicle 337.0 383.0 349.0 391.0
vehicle 337.0 393.0 349.0 398.0
vehicle 107.0 336.0 118.0 354.0
vehicle 121.0 341.0 130.0 359.0
vehicle 191.0 359.0 201.0 374.0
vehicle 198.0 364.0 207.0 374.0
vehicle 207.0 364.0 215.0 375.0
vehicle 214.0 368.0 222.0 383.0
vehicle 227.0 370.0 239.0 388.0
vehicle 236.0 375.0 248.0 393.0
vehicle 250.0 377.0 259.0 394.0
vehicle 262.0 378.0 270.0 396.0
vehicle 273.0 380.0 282.0 401.0
vehicle 258.0 398.0 269.0 404.0
vehicle 292.0 439.0 306.0 446.0
vehicle 303.0 423.0 321.0 430.0
vehicle 229.0 407.0 239.0 413.0
vehicle 215.0 404.0 225.0 412.0
vehicle 124.0 370.0 135.0 378.0
vehicle 353.0 384.0 380.0 391.0
vehicle 382.0 384.0 394.0 389.0
vehicle 380.0 392.0 394.0 398.0
vehicle 373.0 399.0 385.0 407.0
vehicle 325.0 437.0 348.0 455.0
vehicle 326.0 451.0 340.0 464.0
vehicle 320.0 458.0 332.0 468.0
vehicle 310.0 444.0 322.0 460.0
vehicle 287.0 452.0 303.0 466.0
tenniscourt 409.0 661.0 445.0 718.0
tenniscourt 441.0 655.0 475.0 713.0
tenniscourt 470.0 647.0 504.0 705.0
vehicle 503.0 192.0 512.0 197.0
vehicle 503.0 198.0 513.0 203.0
vehicle 684.0 5.0 690.0 16.0
vehicle 693.0 24.0 699.0 37.0
vehicle 705.0 76.0 710.0 87.0
vehicle 708.0 186.0 714.0 198.0
vehicle 737.0 176.0 742.0 185.0
vehicle 752.0 260.0 762.0 265.0
vehicle 742.0 311.0 748.0 321.0
vehicle 633.0 260.0 645.0 267.0
vehicle 782.0 691.0 792.0 698.0
vehicle 737.0 701.0 748.0 708.0
vehicle 725.0 708.0 737.0 714.0
vehicle 694.0 714.0 706.0 720.0
vehicle 703.0 730.0 712.0 736.0
vehicle 617.0 729.0 627.0 736.0
vehicle 433.0 784.0 444.0 791.0
vehicle 379.0 770.0 403.0 780.0
