chimney 102.0 339.0 364.0 516.0
vehicle 321.0 560.0 349.0 570.0
vehicle 51.0 665.0 76.0 678.0
vehicle 66.0 672.0 86.0 682.0
vehicle 74.0 700.0 95.0 714.0
vehicle 79.0 712.0 102.0 724.0
storagetank 1.0 339.0 39.0 371.0
storagetank 530.0 421.0 624.0 495.0
storagetank 378.0 479.0 435.0 511.0
storagetank 436.0 475.0 469.0 509.0
storagetank 469.0 472.0 504.0 510.0
vehicle 416.0 425.0 454.0 438.0
vehicle 415.0 415.0 455.0 429.0
vehicle 470.0 414.0 502.0 424.0
vehicle 440.0 302.0 465.0 315.0
vehicle 409.0 319.0 439.0 331.0
