tenniscourt 585.0 683.0 641.0 750.0
ship 244.0 104.0 257.0 118.0
ship 229.0 139.0 240.0 152.0
ship 250.0 278.0 267.0 290.0
ship 300.0 298.0 313.0 308.0
ship 324.0 408.0 335.0 426.0
ship 346.0 404.0 354.0 429.0
ship 359.0 405.0 366.0 421.0
ship 389.0 402.0 399.0 419.0
ship 420.0 394.0 433.0 410.0
ship 450.0 377.0 462.0 398.0
ship 466.0 344.0 482.0 361.0
ship 589.0 170.0 611.0 188.0
ship 603.0 159.0 629.0 180.0
ship 585.0 191.0 599.0 203.0
ship 589.0 187.0 603.0 200.0
harbor 675.0 21.0 756.0 77.0
harbor 621.0 91.0 697.0 149.0
harbor 581.0 165.0 673.0 232.0
harbor 546.0 229.0 629.0 277.0
harbor 504.0 299.0 599.0 352.0
harbor 472.0 341.0 547.0 397.0
harbor 465.0 371.0 500.0 429.0
harbor 436.0 378.0 470.0 455.0
harbor 409.0 390.0 433.0 465.0
harbor 380.0 391.0 395.0 481.0
harbor 348.0 404.0 360.0 479.0
harbor 299.0 392.0 335.0 469.0
harbor 236.0 381.0 310.0 420.0
harbor 209.0 321.0 284.0 360.0
harbor 191.0 252.0 270.0 283.0
harbor 176.0 172.0 253.0 203.0
harbor 170.0 85.0 259.0 136.0
harbor 183.0 5.0 257.0 39.0
vehicle 88.0 106.0 115.0 122.0
vehicle 178.0 308.0 190.0 315.0
vehicle 165.0 318.0 178.0 327.0
vehicle 181.0 316.0 191.0 323.0
vehicle 235.0 614.0 247.0 629.0
vehicle 244.0 609.0 253.0 622.0
vehicle 277.0 618.0 291.0 627.0
vehicle 412.0 624.0 421.0 641.0
vehicle 524.0 631.0 540.0 643.0
vehicle 606.0 434.0 622.0 446.0
vehicle 770.0 462.0 777.0 471.0
vehicle 768.0 496.0 778.0 510.0
vehicle 750.0 585.0 765.0 595.0
vehicle 706.0 532.0 719.0 541.0
vehicle 692.0 556.0 705.0 566.0
vehicle 684.0 570.0 696.0 579.0
vehicle 697.0 550.0 711.0 560.0
vehicle 665.0 619.0 677.0 628.0
vehicle 665.0 597.0 679.0 607.0
vehicle 747.0 644.0 758.0 651.0
vehicle 750.0 657.0 762.0 662.0
vehicle 758.0 684.0 771.0 691.0
vehicle 650.0 648.0 658.0 658.0
vehicle 656.0 655.0 664.0 664.0
vehicle 671.0 661.0 681.0 673.0
vehicle 677.0 665.0 687.0 677.0
vehicle 691.0 674.0 701.0 687.0
vehicle 698.0 677.0 709.0 690.0
vehicle 720.0 691.0 728.0 703.0
vehicle 726.0 696.0 736.0 709.0
vehicle 732.0 701.0 742.0 713.0
vehicle 741.0 704.0 749.0 719.0
vehicle 682.0 752.0 691.0 763.0
vehicle 733.0 740.0 741.0 750.0
vehicle 737.0 743.0 747.0 756.0
vehicle 774.0 768.0 783.0 781.0
vehicle 793.0 781.0 800.0 791.0
vehicle 725.0 341.0 733.0 357.0
vehicle 37.0 164.0 58.0 174.0
vehicle 64.0 299.0 77.0 308.0
vehicle 155.0 432.0 169.0 439.0
vehicle 135.0 743.0 148.0 752.0
vehicle 233.0 683.0 249.0 700.0
