ship 71.0 140.0 88.0 168.0
ship 143.0 255.0 174.0 290.0
ship 172.0 248.0 190.0 256.0
ship 128.0 413.0 161.0 446.0
ship 159.0 405.0 176.0 415.0
ship 206.0 645.0 237.0 678.0
ship 235.0 638.0 253.0 647.0
ship 441.0 435.0 563.0 462.0
harbor 490.0 632.0 778.0 732.0
harbor 340.0 494.0 431.0 625.0
harbor 463.0 492.0 566.0 610.0
harbor 569.0 465.0 722.0 609.0
harbor 325.0 277.0 675.0 426.0
harbor 510.0 192.0 792.0 281.0
harbor 458.0 22.0 756.0 166.0
vehicle 772.0 237.0 782.0 253.0
vehicle 784.0 235.0 796.0 253.0
ship 510.0 709.0 533.0 720.0
ship 541.0 708.0 571.0 718.0
ship 581.0 687.0 592.0 713.0
ship 594.0 686.0 618.0 696.0
ship 623.0 683.0 652.0 695.0
ship 654.0 681.0 680.0 692.0
ship 684.0 679.0 708.0 691.0
ship 711.0 677.0 734.0 689.0
ship 737.0 681.0 745.0 697.0
ship 736.0 699.0 747.0 724.0
ship 749.0 723.0 765.0 732.0
ship 751.0 691.0 765.0 712.0
ship 752.0 674.0 764.0 691.0
ship 745.0 645.0 757.0 666.0
ship 735.0 648.0 742.0 663.0
ship 725.0 645.0 734.0 666.0
ship 695.0 663.0 709.0 672.0
ship 680.0 637.0 689.0 664.0
ship 662.0 638.0 674.0 671.0
ship 649.0 644.0 659.0 665.0
ship 628.0 641.0 641.0 667.0
ship 616.0 645.0 627.0 669.0
ship 578.0 643.0 588.0 675.0
ship 564.0 670.0 572.0 687.0
ship 529.0 690.0 566.0 702.0
ship 532.0 654.0 561.0 664.0
ship 502.0 655.0 526.0 665.0
ship 495.0 634.0 540.0 647.0
ship 545.0 630.0 581.0 645.0
ship 663.0 595.0 687.0 606.0
ship 611.0 596.0 636.0 605.0
ship 569.0 598.0 596.0 609.0
ship 625.0 569.0 686.0 587.0
ship 674.0 558.0 689.0 565.0
ship 646.0 540.0 668.0 551.0
ship 639.0 518.0 680.0 533.0
ship 636.0 497.0 675.0 513.0
ship 658.0 465.0 672.0 487.0
ship 570.0 432.0 671.0 455.0
ship 525.0 498.0 568.0 516.0
ship 526.0 526.0 565.0 539.0
ship 526.0 546.0 565.0 560.0
ship 512.0 598.0 545.0 609.0
ship 463.0 598.0 507.0 611.0
ship 476.0 576.0 520.0 589.0
ship 478.0 545.0 518.0 561.0
ship 479.0 524.0 518.0 540.0
ship 470.0 501.0 518.0 516.0
ship 344.0 600.0 386.0 628.0
ship 395.0 576.0 428.0 588.0
ship 342.0 556.0 382.0 571.0
ship 347.0 537.0 380.0 550.0
ship 356.0 516.0 382.0 526.0
ship 343.0 496.0 382.0 511.0
ship 398.0 515.0 427.0 527.0
ship 392.0 497.0 427.0 510.0
ship 392.0 557.0 401.0 571.0
ship 394.0 542.0 414.0 551.0
ship 412.0 555.0 429.0 564.0
ship 612.0 397.0 660.0 414.0
ship 635.0 356.0 646.0 380.0
ship 574.0 380.0 587.0 415.0
ship 552.0 374.0 564.0 414.0
ship 517.0 387.0 527.0 413.0
ship 499.0 385.0 513.0 415.0
ship 468.0 391.0 479.0 416.0
ship 427.0 407.0 457.0 419.0
ship 324.0 362.0 349.0 425.0
ship 444.0 336.0 465.0 362.0
ship 474.0 321.0 499.0 348.0
ship 497.0 313.0 530.0 347.0
ship 592.0 314.0 640.0 333.0
ship 545.0 259.0 628.0 281.0
ship 324.0 275.0 476.0 348.0
ship 516.0 202.0 539.0 263.0
ship 564.0 193.0 622.0 215.0
ship 647.0 191.0 720.0 214.0
ship 734.0 195.0 764.0 208.0
ship 769.0 200.0 784.0 211.0
ship 737.0 125.0 748.0 153.0
ship 738.0 96.0 750.0 121.0
ship 739.0 69.0 749.0 95.0
ship 728.0 54.0 748.0 65.0
ship 696.0 55.0 725.0 67.0
ship 661.0 55.0 691.0 68.0
ship 663.0 89.0 693.0 101.0
ship 694.0 103.0 716.0 117.0
ship 685.0 129.0 703.0 155.0
ship 667.0 125.0 691.0 163.0
ship 650.0 126.0 673.0 158.0
ship 637.0 125.0 660.0 163.0
ship 456.0 128.0 629.0 167.0
ship 516.0 90.0 645.0 126.0
ship 622.0 37.0 644.0 47.0
ship 649.0 20.0 749.0 48.0
