chimney 319.0 578.0 489.0 774.0
vehicle 349.0 410.0 360.0 428.0
vehicle 371.0 408.0 382.0 426.0
vehicle 368.0 446.0 375.0 466.0
vehicle 365.0 512.0 375.0 532.0
vehicle 409.0 470.0 419.0 490.0
vehicle 431.0 470.0 440.0 491.0
vehicle 434.0 448.0 442.0 466.0
vehicle 442.0 444.0 452.0 468.0
vehicle 465.0 444.0 476.0 469.0
vehicle 452.0 469.0 461.0 490.0
vehicle 476.0 468.0 485.0 489.0
vehicle 478.0 444.0 488.0 466.0
vehicle 488.0 468.0 496.0 489.0
vehicle 520.0 448.0 530.0 470.0
vehicle 541.0 448.0 550.0 469.0
vehicle 531.0 471.0 540.0 491.0
vehicle 542.0 472.0 551.0 492.0
vehicle 488.0 410.0 499.0 431.0
vehicle 510.0 415.0 520.0 431.0
vehicle 521.0 412.0 530.0 425.0
vehicle 535.0 415.0 542.0 428.0
vehicle 546.0 411.0 559.0 429.0
