harbor 611.0 56.0 773.0 403.0
harbor 378.0 55.0 536.0 374.0
harbor 53.0 285.0 302.0 364.0
harbor 226.0 40.0 317.0 279.0
harbor 19.0 431.0 231.0 559.0
ship 33.0 431.0 151.0 483.0
ship 158.0 461.0 213.0 484.0
ship 95.0 515.0 214.0 545.0
ship 47.0 301.0 88.0 359.0
ship 91.0 301.0 117.0 364.0
ship 126.0 297.0 145.0 362.0
ship 178.0 295.0 207.0 364.0
ship 215.0 300.0 239.0 354.0
ship 239.0 295.0 261.0 354.0
ship 270.0 301.0 299.0 360.0
ship 239.0 236.0 299.0 259.0
ship 244.0 145.0 308.0 170.0
ship 238.0 176.0 295.0 194.0
ship 243.0 54.0 279.0 72.0
ship 281.0 53.0 320.0 70.0
ship 375.0 48.0 412.0 70.0
ship 415.0 47.0 451.0 72.0
ship 495.0 49.0 536.0 69.0
ship 492.0 90.0 532.0 109.0
ship 387.0 112.0 451.0 143.0
ship 469.0 153.0 525.0 175.0
ship 384.0 181.0 455.0 205.0
ship 481.0 178.0 534.0 207.0
ship 384.0 210.0 453.0 239.0
ship 375.0 246.0 455.0 268.0
ship 469.0 241.0 532.0 267.0
ship 385.0 302.0 462.0 330.0
ship 380.0 341.0 454.0 363.0
ship 477.0 339.0 533.0 366.0
ship 613.0 57.0 678.0 76.0
ship 617.0 79.0 676.0 104.0
ship 625.0 107.0 685.0 128.0
ship 623.0 133.0 677.0 158.0
ship 614.0 159.0 678.0 184.0
ship 619.0 184.0 678.0 208.0
ship 620.0 209.0 680.0 232.0
ship 621.0 234.0 680.0 262.0
ship 620.0 262.0 680.0 289.0
ship 620.0 289.0 685.0 316.0
ship 622.0 317.0 681.0 340.0
ship 617.0 342.0 681.0 367.0
ship 648.0 375.0 743.0 404.0
ship 691.0 342.0 751.0 364.0
ship 689.0 289.0 747.0 310.0
ship 695.0 209.0 746.0 233.0
ship 693.0 181.0 749.0 207.0
ship 692.0 157.0 751.0 181.0
ship 692.0 130.0 750.0 154.0
ship 471.0 278.0 531.0 300.0
ship 472.0 303.0 545.0 328.0
