harbor 54.0 117.0 239.0 767.0
harbor 352.0 119.0 503.0 767.0
harbor 594.0 146.0 756.0 766.0
ship 71.0 164.0 144.0 186.0
ship 62.0 196.0 150.0 222.0
ship 63.0 295.0 151.0 321.0
ship 165.0 464.0 239.0 490.0
ship 71.0 565.0 153.0 589.0
ship 166.0 567.0 237.0 591.0
ship 79.0 630.0 150.0 654.0
ship 78.0 732.0 149.0 756.0
ship 87.0 597.0 124.0 615.0
ship 605.0 145.0 667.0 167.0
ship 593.0 174.0 664.0 199.0
ship 686.0 229.0 750.0 251.0
ship 603.0 258.0 667.0 280.0
ship 613.0 339.0 661.0 355.0
ship 607.0 396.0 666.0 418.0
ship 690.0 476.0 749.0 498.0
ship 681.0 504.0 746.0 527.0
ship 683.0 532.0 748.0 555.0
ship 683.0 561.0 748.0 584.0
ship 687.0 673.0 752.0 696.0
ship 603.0 699.0 668.0 722.0
