harbor 44.0 583.0 363.0 736.0
harbor 80.0 327.0 377.0 487.0
harbor 60.0 42.0 379.0 223.0
ship 342.0 671.0 364.0 736.0
ship 280.0 675.0 302.0 724.0
ship 249.0 680.0 271.0 729.0
ship 225.0 676.0 248.0 732.0
ship 195.0 671.0 218.0 727.0
ship 171.0 665.0 194.0 721.0
ship 143.0 663.0 166.0 719.0
ship 122.0 672.0 140.0 723.0
ship 90.0 669.0 108.0 720.0
ship 89.0 595.0 108.0 637.0
ship 120.0 600.0 138.0 651.0
ship 148.0 591.0 167.0 643.0
ship 175.0 598.0 194.0 650.0
ship 199.0 592.0 218.0 644.0
ship 226.0 597.0 248.0 653.0
ship 254.0 589.0 281.0 652.0
ship 281.0 589.0 303.0 645.0
ship 310.0 590.0 337.0 644.0
ship 342.0 598.0 364.0 654.0
ship 347.0 340.0 374.0 413.0
ship 344.0 429.0 365.0 479.0
ship 287.0 431.0 304.0 474.0
ship 256.0 425.0 273.0 473.0
ship 228.0 420.0 257.0 481.0
ship 199.0 423.0 228.0 484.0
ship 174.0 420.0 203.0 481.0
ship 148.0 425.0 164.0 474.0
ship 121.0 421.0 150.0 482.0
ship 91.0 420.0 120.0 481.0
ship 127.0 333.0 155.0 402.0
ship 156.0 329.0 188.0 401.0
ship 219.0 330.0 247.0 399.0
ship 250.0 334.0 278.0 403.0
ship 313.0 334.0 341.0 403.0
ship 278.0 349.0 301.0 405.0
ship 343.0 146.0 380.0 222.0
ship 311.0 141.0 341.0 218.0
ship 281.0 151.0 302.0 205.0
ship 252.0 145.0 278.0 211.0
ship 219.0 147.0 245.0 213.0
ship 191.0 152.0 217.0 218.0
ship 163.0 142.0 189.0 208.0
ship 134.0 145.0 159.0 195.0
ship 100.0 48.0 131.0 123.0
ship 133.0 64.0 155.0 121.0
ship 165.0 50.0 190.0 122.0
ship 197.0 56.0 215.0 116.0
ship 226.0 69.0 247.0 127.0
ship 253.0 49.0 277.0 123.0
ship 286.0 46.0 316.0 130.0
ship 317.0 45.0 347.0 129.0
ship 348.0 56.0 371.0 124.0
