harbor 15.0 748.0 71.0 771.0
harbor 1.0 770.0 40.0 790.0
harbor 42.0 692.0 88.0 707.0
harbor 27.0 703.0 77.0 728.0
harbor 16.0 733.0 44.0 748.0
harbor 110.0 569.0 177.0 599.0
harbor 99.0 592.0 157.0 615.0
harbor 69.0 634.0 132.0 662.0
harbor 85.0 617.0 132.0 632.0
harbor 58.0 653.0 104.0 675.0
harbor 52.0 667.0 96.0 689.0
harbor 144.0 521.0 180.0 547.0
harbor 150.0 499.0 193.0 510.0
harbor 167.0 438.0 228.0 458.0
harbor 1.0 234.0 19.0 247.0
harbor 22.0 281.0 58.0 300.0
bridge 17.0 160.0 800.0 377.0
