harbor 568.0 265.0 691.0 636.0
harbor 387.0 172.0 520.0 583.0
harbor 230.0 109.0 300.0 485.0
ship 405.0 764.0 474.0 800.0
ship 773.0 673.0 791.0 720.0
ship 100.0 371.0 196.0 461.0
harbor 42.0 119.0 106.0 338.0
harbor 1.0 231.0 36.0 281.0
vehicle 731.0 75.0 740.0 96.0
vehicle 677.0 57.0 699.0 62.0
vehicle 678.0 8.0 702.0 21.0
vehicle 287.0 47.0 304.0 68.0
ship 43.0 156.0 66.0 226.0
ship 75.0 166.0 106.0 259.0
ship 82.0 263.0 104.0 338.0
ship 94.0 8.0 172.0 33.0
ship 105.0 43.0 177.0 65.0
ship 394.0 179.0 447.0 196.0
ship 397.0 205.0 451.0 224.0
ship 394.0 230.0 450.0 248.0
ship 388.0 257.0 448.0 273.0
ship 642.0 615.0 686.0 632.0
ship 235.0 117.0 286.0 136.0
ship 237.0 142.0 299.0 163.0
ship 233.0 170.0 300.0 192.0
ship 240.0 225.0 295.0 244.0
ship 238.0 253.0 296.0 274.0
ship 234.0 283.0 295.0 305.0
ship 239.0 315.0 297.0 336.0
ship 231.0 348.0 276.0 364.0
ship 228.0 374.0 277.0 391.0
ship 230.0 435.0 279.0 451.0
ship 230.0 463.0 302.0 486.0
ship 391.0 280.0 447.0 297.0
ship 470.0 258.0 518.0 274.0
ship 471.0 282.0 521.0 297.0
ship 396.0 308.0 449.0 325.0
ship 471.0 309.0 519.0 325.0
ship 393.0 331.0 449.0 349.0
ship 472.0 333.0 515.0 347.0
ship 399.0 359.0 450.0 376.0
ship 469.0 381.0 517.0 398.0
ship 389.0 383.0 446.0 398.0
ship 388.0 408.0 448.0 426.0
ship 396.0 432.0 450.0 448.0
ship 390.0 458.0 447.0 478.0
ship 469.0 461.0 514.0 478.0
ship 385.0 481.0 449.0 499.0
ship 470.0 484.0 521.0 501.0
ship 391.0 510.0 447.0 526.0
ship 466.0 510.0 513.0 527.0
ship 393.0 532.0 446.0 549.0
ship 466.0 534.0 517.0 551.0
ship 393.0 560.0 443.0 576.0
ship 467.0 561.0 515.0 577.0
ship 572.0 582.0 624.0 599.0
ship 570.0 558.0 624.0 574.0
ship 573.0 536.0 621.0 553.0
ship 575.0 510.0 622.0 525.0
ship 644.0 544.0 689.0 560.0
ship 645.0 568.0 682.0 585.0
ship 566.0 489.0 624.0 504.0
ship 646.0 498.0 690.0 513.0
ship 644.0 519.0 693.0 535.0
ship 578.0 464.0 619.0 478.0
ship 574.0 442.0 619.0 456.0
ship 643.0 471.0 687.0 487.0
ship 647.0 450.0 689.0 464.0
ship 645.0 425.0 683.0 440.0
ship 645.0 403.0 686.0 418.0
ship 576.0 394.0 627.0 409.0
ship 576.0 368.0 624.0 384.0
ship 570.0 345.0 627.0 362.0
ship 583.0 321.0 623.0 335.0
ship 647.0 328.0 687.0 345.0
ship 650.0 354.0 690.0 371.0
ship 648.0 377.0 692.0 392.0
ship 648.0 282.0 683.0 296.0
