harbor 299.0 310.0 557.0 588.0
ship 457.0 302.0 493.0 328.0
harbor 594.0 687.0 642.0 744.0
ship 226.0 75.0 248.0 103.0
harbor 347.0 178.0 383.0 208.0
harbor 547.0 368.0 585.0 398.0
harbor 643.0 391.0 685.0 428.0
harbor 746.0 464.0 783.0 528.0
ship 625.0 716.0 643.0 738.0
ship 603.0 687.0 619.0 708.0
ship 465.0 531.0 479.0 544.0
ship 479.0 550.0 492.0 560.0
ship 417.0 488.0 432.0 507.0
ship 448.0 510.0 462.0 523.0
ship 315.0 308.0 345.0 339.0
ship 351.0 359.0 371.0 377.0
ship 363.0 367.0 389.0 391.0
ship 381.0 393.0 402.0 409.0
ship 357.0 419.0 374.0 433.0
ship 391.0 401.0 412.0 421.0
ship 407.0 420.0 431.0 444.0
ship 416.0 430.0 439.0 452.0
ship 424.0 443.0 446.0 461.0
ship 433.0 452.0 454.0 473.0
ship 444.0 462.0 468.0 482.0
ship 453.0 478.0 466.0 491.0
ship 459.0 485.0 480.0 500.0
ship 480.0 512.0 497.0 527.0
ship 494.0 526.0 519.0 547.0
ship 503.0 539.0 523.0 555.0
ship 521.0 558.0 558.0 587.0
