airplane 9.0 288.0 129.0 375.0
airplane 367.0 342.0 399.0 391.0
airplane 422.0 288.0 455.0 332.0
airplane 504.0 298.0 533.0 346.0
airplane 415.0 336.0 444.0 387.0
airplane 631.0 417.0 677.0 448.0
airplane 679.0 420.0 724.0 454.0
airplane 725.0 428.0 764.0 457.0
airplane 98.0 89.0 146.0 120.0
airplane 116.0 119.0 163.0 158.0
airplane 198.0 105.0 243.0 139.0
airplane 168.0 130.0 212.0 166.0
airplane 297.0 129.0 339.0 156.0
airplane 265.0 144.0 310.0 176.0
airplane 314.0 152.0 358.0 184.0
airplane 362.0 160.0 408.0 194.0
airplane 398.0 143.0 431.0 174.0
airplane 445.0 148.0 483.0 180.0
airplane 412.0 174.0 454.0 205.0
airplane 460.0 181.0 502.0 212.0
airplane 542.0 165.0 580.0 200.0
airplane 510.0 192.0 554.0 223.0
airplane 560.0 195.0 604.0 233.0
vehicle 190.0 396.0 212.0 404.0
vehicle 517.0 370.0 542.0 381.0
vehicle 305.0 545.0 315.0 564.0
vehicle 331.0 546.0 339.0 564.0
vehicle 416.0 546.0 426.0 568.0
vehicle 429.0 550.0 437.0 571.0
vehicle 442.0 549.0 451.0 574.0
vehicle 454.0 550.0 464.0 574.0
vehicle 480.0 551.0 489.0 573.0
vehicle 491.0 552.0 501.0 571.0
vehicle 503.0 550.0 514.0 574.0
vehicle 526.0 556.0 533.0 572.0
vehicle 538.0 555.0 547.0 572.0
vehicle 737.0 504.0 758.0 516.0
vehicle 726.0 554.0 761.0 570.0
vehicle 724.0 581.0 758.0 596.0
airplane 778.0 429.0 800.0 468.0
