storagetank 229.0 1.0 267.0 29.0
storagetank 274.0 13.0 307.0 43.0
airplane 110.0 421.0 161.0 475.0
airplane 236.0 423.0 282.0 476.0
airplane 303.0 432.0 342.0 482.0
airplane 369.0 426.0 407.0 484.0
airplane 426.0 430.0 473.0 487.0
airplane 493.0 430.0 540.0 489.0
airplane 552.0 435.0 597.0 487.0
airplane 27.0 669.0 111.0 757.0
airplane 191.0 694.0 233.0 747.0
airplane 260.0 709.0 296.0 756.0
airplane 315.0 695.0 364.0 760.0
airplane 389.0 682.0 474.0 765.0
airplane 509.0 719.0 554.0 763.0
airplane 574.0 705.0 619.0 753.0
airplane 670.0 704.0 720.0 761.0
airplane 742.0 717.0 786.0 765.0
vehicle 217.0 637.0 238.0 643.0
vehicle 594.0 646.0 607.0 652.0
vehicle 394.0 66.0 415.0 85.0
vehicle 394.0 76.0 411.0 92.0
vehicle 389.0 82.0 406.0 104.0
vehicle 365.0 131.0 377.0 139.0
vehicle 210.0 72.0 231.0 83.0
vehicle 209.0 77.0 230.0 90.0
vehicle 73.0 8.0 85.0 16.0
vehicle 75.0 15.0 85.0 25.0
vehicle 75.0 21.0 85.0 32.0
vehicle 75.0 29.0 83.0 37.0
vehicle 75.0 35.0 83.0 43.0
vehicle 73.0 40.0 83.0 49.0
vehicle 72.0 47.0 83.0 57.0
