ship 446.0 6.0 463.0 37.0
ship 172.0 43.0 190.0 57.0
ship 238.0 147.0 250.0 171.0
ship 322.0 92.0 334.0 116.0
ship 243.0 28.0 249.0 48.0
ship 359.0 100.0 368.0 125.0
ship 210.0 190.0 220.0 211.0
ship 224.0 201.0 233.0 233.0
ship 231.0 198.0 240.0 235.0
ship 250.0 226.0 269.0 262.0
ship 281.0 216.0 292.0 234.0
ship 436.0 182.0 458.0 215.0
ship 217.0 260.0 230.0 292.0
ship 268.0 278.0 281.0 306.0
ship 269.0 324.0 286.0 360.0
ship 249.0 330.0 264.0 365.0
ship 307.0 316.0 320.0 341.0
ship 484.0 270.0 498.0 297.0
ship 476.0 273.0 492.0 301.0
ship 471.0 276.0 487.0 305.0
ship 466.0 279.0 483.0 307.0
ship 483.0 316.0 497.0 342.0
ship 521.0 340.0 535.0 377.0
ship 509.0 369.0 523.0 397.0
ship 495.0 382.0 512.0 408.0
ship 283.0 372.0 292.0 402.0
ship 259.0 408.0 270.0 436.0
ship 289.0 412.0 297.0 440.0
ship 306.0 450.0 316.0 479.0
ship 282.0 482.0 293.0 506.0
ship 305.0 499.0 321.0 536.0
ship 312.0 550.0 326.0 578.0
ship 282.0 593.0 291.0 608.0
ship 277.0 614.0 288.0 632.0
ship 554.0 502.0 573.0 532.0
ship 336.0 597.0 353.0 629.0
ship 367.0 638.0 387.0 670.0
ship 318.0 661.0 336.0 689.0
ship 345.0 708.0 359.0 732.0
ship 372.0 724.0 384.0 749.0
ship 387.0 704.0 399.0 728.0
ship 394.0 739.0 415.0 773.0
ship 415.0 732.0 427.0 753.0
ship 420.0 729.0 431.0 748.0
ship 461.0 725.0 470.0 742.0
ship 613.0 613.0 636.0 645.0
ship 575.0 698.0 589.0 718.0
ship 613.0 751.0 643.0 777.0
harbor 273.0 737.0 337.0 771.0
harbor 316.0 770.0 367.0 800.0
