airplane 7.0 315.0 72.0 369.0
airplane 161.0 203.0 226.0 257.0
airplane 188.0 265.0 222.0 305.0
airplane 188.0 321.0 224.0 362.0
airplane 181.0 383.0 217.0 421.0
airplane 173.0 443.0 209.0 484.0
airplane 373.0 327.0 433.0 382.0
airplane 509.0 293.0 574.0 347.0
airplane 508.0 197.0 578.0 262.0
airplane 522.0 162.0 583.0 216.0
airplane 503.0 125.0 569.0 182.0
airplane 551.0 120.0 572.0 142.0
airplane 577.0 407.0 600.0 427.0
airplane 593.0 426.0 618.0 451.0
airplane 644.0 389.0 713.0 436.0
airplane 640.0 125.0 693.0 172.0
airplane 642.0 180.0 697.0 228.0
airplane 648.0 240.0 698.0 285.0
airplane 764.0 242.0 798.0 274.0
airplane 753.0 263.0 785.0 293.0
airplane 767.0 282.0 800.0 314.0
airplane 771.0 336.0 800.0 367.0
airplane 780.0 395.0 800.0 422.0
