airplane 41.0 11.0 80.0 56.0
airplane 43.0 67.0 82.0 112.0
airplane 43.0 121.0 82.0 166.0
airplane 46.0 232.0 85.0 277.0
airplane 45.0 287.0 84.0 332.0
airplane 48.0 341.0 87.0 386.0
airplane 50.0 399.0 89.0 444.0
airplane 52.0 508.0 91.0 553.0
airplane 54.0 565.0 93.0 610.0
airplane 54.0 623.0 93.0 668.0
airplane 173.0 550.0 217.0 605.0
airplane 172.0 476.0 217.0 540.0
airplane 170.0 406.0 215.0 470.0
airplane 167.0 335.0 212.0 399.0
airplane 166.0 265.0 211.0 329.0
airplane 164.0 196.0 209.0 260.0
airplane 161.0 42.0 206.0 106.0
airplane 438.0 547.0 502.0 610.0
airplane 483.0 492.0 589.0 593.0
airplane 467.0 353.0 506.0 395.0
airplane 715.0 344.0 760.0 383.0
airplane 743.0 312.0 782.0 350.0
vehicle 278.0 112.0 294.0 156.0
vehicle 782.0 62.0 800.0 84.0
