harbor 197.0 58.0 343.0 387.0
harbor 2.0 100.0 102.0 333.0
ship 209.0 191.0 255.0 210.0
ship 602.0 45.0 618.0 92.0
harbor 759.0 1.0 794.0 114.0
ship 276.0 334.0 331.0 353.0
ship 280.0 366.0 345.0 390.0
ship 270.0 170.0 318.0 187.0
ship 35.0 248.0 99.0 267.0
ship 30.0 136.0 59.0 150.0
ship 756.0 53.0 779.0 117.0
harbor 424.0 1.0 541.0 381.0
ship 783.0 76.0 795.0 106.0
ship 427.0 119.0 465.0 133.0
ship 426.0 311.0 475.0 329.0
ship 426.0 363.0 492.0 384.0
ship 5.0 216.0 17.0 245.0
ship 1.0 165.0 17.0 203.0
ship 1.0 131.0 14.0 162.0
harbor 596.0 1.0 629.0 96.0
