vehicle 374.0 696.0 397.0 755.0
vehicle 378.0 625.0 393.0 653.0
vehicle 347.0 516.0 364.0 544.0
vehicle 377.0 464.0 395.0 495.0
vehicle 294.0 298.0 311.0 327.0
vehicle 327.0 285.0 343.0 313.0
vehicle 354.0 192.0 369.0 218.0
vehicle 535.0 759.0 551.0 787.0
vehicle 83.0 519.0 109.0 529.0
vehicle 149.0 481.0 176.0 491.0
vehicle 83.0 168.0 105.0 209.0
vehicle 566.0 500.0 593.0 512.0
vehicle 635.0 538.0 687.0 556.0
vehicle 634.0 560.0 686.0 574.0
vehicle 764.0 439.0 792.0 453.0
overpass 227.0 174.0 527.0 605.0
vehicle 691.0 43.0 703.0 73.0
