groundtrackfield 50.0 78.0 243.0 512.0
baseballfield 111.0 550.0 197.0 641.0
tenniscourt 356.0 367.0 381.0 424.0
tenniscourt 565.0 368.0 590.0 425.0
tenniscourt 530.0 368.0 555.0 425.0
tenniscourt 494.0 368.0 519.0 425.0
tenniscourt 461.0 368.0 486.0 425.0
tenniscourt 426.0 367.0 451.0 424.0
tenniscourt 390.0 367.0 415.0 424.0
basketballcourt 381.0 448.0 442.0 485.0
basketballcourt 531.0 449.0 592.0 486.0
basketballcourt 456.0 449.0 517.0 486.0
vehicle 554.0 334.0 569.0 341.0
vehicle 574.0 336.0 588.0 341.0
vehicle 357.0 48.0 369.0 52.0
vehicle 389.0 47.0 404.0 52.0
vehicle 476.0 49.0 490.0 55.0
vehicle 488.0 116.0 494.0 126.0
vehicle 562.0 118.0 566.0 126.0
vehicle 375.0 137.0 389.0 144.0
vehicle 713.0 76.0 727.0 84.0
vehicle 714.0 86.0 728.0 92.0
vehicle 786.0 138.0 800.0 144.0
vehicle 787.0 64.0 800.0 69.0
vehicle 790.0 57.0 800.0 62.0
vehicle 790.0 71.0 800.0 76.0
vehicle 788.0 108.0 799.0 114.0
vehicle 683.0 46.0 696.0 53.0
