harbor 1.0 456.0 629.0 690.0
harbor 1.0 75.0 593.0 335.0
ship 1.0 240.0 24.0 316.0
ship 72.0 132.0 95.0 208.0
ship 107.0 237.0 135.0 320.0
ship 138.0 240.0 164.0 310.0
ship 174.0 234.0 200.0 304.0
ship 308.0 106.0 335.0 200.0
ship 313.0 221.0 340.0 315.0
ship 350.0 105.0 374.0 186.0
ship 349.0 221.0 379.0 317.0
ship 384.0 88.0 414.0 196.0
ship 431.0 223.0 460.0 310.0
ship 454.0 74.0 498.0 193.0
ship 501.0 97.0 533.0 181.0
ship 467.0 219.0 501.0 318.0
ship 503.0 216.0 540.0 335.0
ship 524.0 456.0 561.0 553.0
ship 568.0 463.0 629.0 657.0
ship 463.0 578.0 500.0 676.0
ship 430.0 580.0 458.0 664.0
ship 354.0 585.0 382.0 669.0
ship 357.0 471.0 387.0 560.0
ship 321.0 476.0 351.0 565.0
ship 291.0 484.0 312.0 559.0
ship 290.0 586.0 311.0 661.0
ship 264.0 587.0 285.0 662.0
ship 233.0 590.0 254.0 665.0
ship 196.0 593.0 227.0 667.0
ship 167.0 600.0 198.0 674.0
ship 192.0 492.0 216.0 556.0
ship 166.0 490.0 190.0 563.0
ship 134.0 496.0 158.0 569.0
ship 101.0 493.0 125.0 566.0
ship 71.0 490.0 95.0 563.0
ship 39.0 489.0 63.0 567.0
ship 9.0 493.0 35.0 559.0
ship 63.0 590.0 100.0 688.0
ship 36.0 596.0 69.0 680.0
ship 1.0 601.0 34.0 678.0
