harbor 1.0 70.0 100.0 322.0
harbor 220.0 122.0 499.0 265.0
harbor 449.0 253.0 507.0 441.0
harbor 1.0 385.0 443.0 447.0
harbor 1.0 509.0 675.0 581.0
harbor 674.0 540.0 759.0 695.0
harbor 1.0 644.0 670.0 748.0
vehicle 44.0 610.0 77.0 624.0
vehicle 96.0 606.0 132.0 624.0
vehicle 191.0 613.0 227.0 627.0
vehicle 248.0 612.0 286.0 626.0
vehicle 528.0 620.0 569.0 638.0
vehicle 269.0 234.0 299.0 256.0
vehicle 394.0 276.0 409.0 318.0
vehicle 246.0 354.0 278.0 367.0
ship 1.0 300.0 53.0 317.0
ship 114.0 80.0 129.0 136.0
ship 133.0 93.0 148.0 149.0
ship 169.0 91.0 184.0 149.0
ship 186.0 98.0 208.0 150.0
ship 227.0 122.0 260.0 208.0
ship 262.0 159.0 283.0 210.0
ship 284.0 152.0 307.0 215.0
ship 322.0 172.0 346.0 225.0
vehicle 170.0 162.0 189.0 192.0
vehicle 194.0 155.0 211.0 190.0
ship 387.0 195.0 407.0 233.0
ship 411.0 196.0 433.0 242.0
ship 457.0 308.0 497.0 324.0
ship 458.0 328.0 506.0 345.0
ship 459.0 349.0 516.0 367.0
ship 13.0 389.0 39.0 452.0
ship 159.0 391.0 180.0 439.0
ship 270.0 392.0 290.0 447.0
ship 317.0 396.0 337.0 438.0
ship 41.0 513.0 61.0 555.0
ship 173.0 520.0 190.0 557.0
ship 248.0 528.0 265.0 565.0
ship 267.0 519.0 286.0 564.0
ship 308.0 521.0 327.0 566.0
ship 425.0 526.0 445.0 567.0
ship 654.0 521.0 673.0 574.0
ship 684.0 571.0 753.0 601.0
ship 29.0 667.0 48.0 723.0
ship 166.0 662.0 194.0 748.0
ship 276.0 660.0 303.0 734.0
ship 305.0 657.0 332.0 731.0
ship 440.0 651.0 461.0 711.0
ship 509.0 653.0 528.0 701.0
ship 532.0 654.0 553.0 713.0
ship 604.0 655.0 622.0 706.0
