storagetank 404.0 145.0 427.0 173.0
storagetank 437.0 136.0 459.0 166.0
storagetank 469.0 128.0 490.0 158.0
storagetank 385.0 182.0 407.0 212.0
storagetank 413.0 174.0 436.0 203.0
storagetank 446.0 167.0 468.0 196.0
storagetank 479.0 158.0 500.0 190.0
storagetank 450.0 234.0 487.0 272.0
storagetank 495.0 222.0 531.0 262.0
storagetank 465.0 279.0 499.0 320.0
storagetank 509.0 268.0 545.0 308.0
storagetank 667.0 149.0 694.0 181.0
storagetank 718.0 134.0 743.0 166.0
storagetank 679.0 191.0 706.0 222.0
storagetank 729.0 176.0 756.0 207.0
storagetank 690.0 231.0 718.0 262.0
storagetank 741.0 216.0 767.0 249.0
airplane 126.0 566.0 168.0 591.0
airplane 100.0 517.0 135.0 543.0
airplane 63.0 452.0 101.0 482.0
airplane 23.0 392.0 78.0 430.0
bridge 416.0 551.0 455.0 565.0
