harbor 569.0 164.0 800.0 665.0
harbor 263.0 221.0 534.0 704.0
harbor 1.0 434.0 227.0 777.0
ship 1.0 499.0 77.0 539.0
ship 16.0 547.0 83.0 580.0
ship 12.0 585.0 88.0 616.0
ship 26.0 630.0 97.0 662.0
ship 37.0 704.0 112.0 736.0
ship 34.0 744.0 113.0 776.0
ship 86.0 448.0 167.0 475.0
ship 87.0 490.0 168.0 517.0
ship 106.0 525.0 187.0 552.0
ship 124.0 609.0 193.0 632.0
ship 128.0 685.0 213.0 718.0
ship 140.0 734.0 224.0 764.0
ship 279.0 264.0 346.0 295.0
ship 282.0 300.0 349.0 331.0
ship 292.0 342.0 359.0 373.0
ship 310.0 417.0 377.0 448.0
ship 311.0 461.0 378.0 492.0
ship 313.0 497.0 389.0 532.0
ship 330.0 535.0 400.0 567.0
ship 329.0 577.0 401.0 604.0
ship 338.0 617.0 410.0 644.0
ship 332.0 652.0 417.0 690.0
ship 443.0 677.0 520.0 709.0
ship 447.0 643.0 505.0 664.0
ship 423.0 564.0 497.0 593.0
ship 406.0 485.0 487.0 518.0
ship 401.0 442.0 481.0 471.0
ship 401.0 400.0 471.0 428.0
ship 395.0 369.0 464.0 393.0
ship 392.0 327.0 455.0 349.0
ship 374.0 245.0 457.0 279.0
ship 581.0 191.0 654.0 219.0
ship 591.0 233.0 664.0 261.0
ship 608.0 311.0 681.0 339.0
ship 609.0 351.0 682.0 379.0
ship 620.0 391.0 693.0 419.0
ship 636.0 431.0 699.0 459.0
ship 643.0 471.0 706.0 499.0
ship 631.0 512.0 714.0 544.0
ship 632.0 554.0 715.0 586.0
ship 644.0 591.0 727.0 623.0
ship 650.0 634.0 724.0 658.0
ship 760.0 632.0 800.0 653.0
ship 744.0 596.0 798.0 622.0
ship 741.0 560.0 800.0 590.0
ship 741.0 528.0 800.0 558.0
ship 747.0 498.0 784.0 517.0
ship 734.0 471.0 785.0 487.0
ship 722.0 429.0 785.0 461.0
ship 722.0 398.0 778.0 427.0
ship 714.0 366.0 770.0 395.0
ship 702.0 306.0 759.0 334.0
ship 676.0 173.0 746.0 199.0
