baseballfield 349.0 181.0 421.0 250.0
baseballfield 506.0 223.0 612.0 330.0
baseballfield 428.0 397.0 515.0 476.0
tenniscourt 85.0 226.0 111.0 279.0
tenniscourt 248.0 40.0 274.0 93.0
tenniscourt 216.0 39.0 242.0 92.0
tenniscourt 183.0 36.0 209.0 89.0
tenniscourt 137.0 35.0 163.0 88.0
tenniscourt 106.0 35.0 132.0 88.0
tenniscourt 71.0 33.0 97.0 86.0
tenniscourt 205.0 127.0 231.0 180.0
tenniscourt 171.0 125.0 197.0 178.0
tenniscourt 138.0 124.0 164.0 177.0
tenniscourt 95.0 122.0 121.0 175.0
tenniscourt 59.0 122.0 85.0 175.0
tenniscourt 28.0 122.0 54.0 175.0
vehicle 203.0 357.0 209.0 370.0
vehicle 195.0 360.0 202.0 373.0
vehicle 359.0 320.0 366.0 333.0
vehicle 340.0 384.0 353.0 393.0
vehicle 337.0 378.0 350.0 385.0
vehicle 311.0 569.0 323.0 574.0
vehicle 310.0 579.0 322.0 584.0
vehicle 311.0 596.0 322.0 600.0
vehicle 311.0 607.0 321.0 611.0
vehicle 310.0 612.0 323.0 616.0
vehicle 309.0 617.0 320.0 622.0
vehicle 310.0 624.0 322.0 628.0
vehicle 436.0 615.0 446.0 620.0
vehicle 230.0 634.0 237.0 644.0
vehicle 190.0 599.0 201.0 603.0
vehicle 179.0 620.0 186.0 632.0
vehicle 169.0 624.0 177.0 635.0
vehicle 191.0 633.0 199.0 643.0
vehicle 184.0 637.0 191.0 648.0
vehicle 181.0 657.0 188.0 668.0
vehicle 191.0 653.0 197.0 662.0
vehicle 200.0 653.0 206.0 663.0
vehicle 207.0 656.0 214.0 668.0
vehicle 213.0 655.0 220.0 665.0
vehicle 224.0 620.0 233.0 631.0
vehicle 228.0 595.0 238.0 605.0
