airplane 27.0 311.0 59.0 348.0
airplane 102.0 342.0 139.0 388.0
airplane 183.0 363.0 215.0 399.0
airplane 196.0 398.0 241.0 438.0
airplane 244.0 435.0 283.0 468.0
airplane 119.0 124.0 152.0 161.0
airplane 153.0 144.0 194.0 180.0
airplane 468.0 389.0 494.0 425.0
airplane 452.0 436.0 480.0 471.0
airplane 505.0 374.0 532.0 413.0
airplane 487.0 422.0 514.0 460.0
airplane 610.0 414.0 642.0 453.0
airplane 629.0 449.0 657.0 486.0
airplane 609.0 493.0 641.0 535.0
airplane 593.0 543.0 622.0 583.0
airplane 748.0 461.0 777.0 504.0
airplane 727.0 514.0 757.0 547.0
airplane 746.0 546.0 776.0 585.0
airplane 726.0 592.0 759.0 633.0
vehicle 280.0 273.0 294.0 292.0
vehicle 345.0 229.0 358.0 244.0
vehicle 367.0 238.0 378.0 255.0
vehicle 378.0 252.0 400.0 270.0
vehicle 396.0 195.0 417.0 208.0
vehicle 408.0 160.0 429.0 171.0
vehicle 350.0 207.0 363.0 224.0
vehicle 341.0 202.0 351.0 219.0
vehicle 322.0 182.0 334.0 199.0
vehicle 318.0 169.0 332.0 183.0
vehicle 355.0 233.0 367.0 252.0
vehicle 261.0 166.0 279.0 177.0
airplane 236.0 159.0 268.0 199.0
vehicle 1.0 92.0 14.0 113.0
vehicle 365.0 130.0 391.0 148.0
vehicle 159.0 99.0 172.0 122.0
vehicle 322.0 330.0 333.0 348.0
vehicle 313.0 328.0 324.0 342.0
vehicle 304.0 317.0 318.0 338.0
vehicle 295.0 279.0 308.0 296.0
vehicle 248.0 286.0 266.0 311.0
