harbor 112.0 189.0 273.0 343.0
harbor 102.0 371.0 268.0 590.0
harbor 295.0 192.0 422.0 299.0
vehicle 665.0 480.0 699.0 518.0
ship 102.0 523.0 146.0 561.0
ship 142.0 553.0 191.0 588.0
ship 170.0 528.0 217.0 569.0
ship 129.0 504.0 154.0 533.0
ship 133.0 472.0 176.0 512.0
ship 155.0 452.0 198.0 487.0
ship 201.0 386.0 246.0 424.0
ship 212.0 465.0 260.0 504.0
ship 111.0 230.0 144.0 272.0
ship 139.0 189.0 177.0 233.0
ship 175.0 206.0 202.0 239.0
ship 134.0 248.0 174.0 295.0
ship 187.0 215.0 231.0 259.0
ship 179.0 283.0 219.0 329.0
ship 213.0 241.0 248.0 280.0
ship 291.0 259.0 338.0 297.0
ship 312.0 233.0 357.0 274.0
ship 355.0 194.0 399.0 234.0
ship 367.0 270.0 387.0 283.0
ship 156.0 262.0 193.0 304.0
ship 230.0 248.0 273.0 294.0
ship 194.0 295.0 235.0 341.0
ship 328.0 214.0 374.0 256.0
ship 166.0 430.0 212.0 469.0
ship 191.0 409.0 231.0 443.0
ship 246.0 373.0 268.0 398.0
ship 187.0 512.0 232.0 550.0
