groundtrackfield 739.0 53.0 776.0 100.0
groundtrackfield 736.0 206.0 770.0 245.0
groundtrackfield 693.0 230.0 733.0 270.0
ship 33.0 360.0 45.0 373.0
ship 21.0 397.0 32.0 404.0
ship 28.0 393.0 40.0 408.0
ship 56.0 320.0 68.0 334.0
ship 85.0 301.0 97.0 312.0
ship 92.0 252.0 105.0 264.0
ship 99.0 260.0 116.0 278.0
ship 142.0 191.0 163.0 206.0
ship 211.0 220.0 233.0 236.0
ship 99.0 78.0 120.0 88.0
ship 136.0 144.0 149.0 158.0
ship 190.0 121.0 207.0 138.0
ship 214.0 78.0 229.0 91.0
ship 226.0 62.0 238.0 72.0
ship 270.0 23.0 286.0 38.0
ship 337.0 53.0 351.0 68.0
ship 283.0 75.0 307.0 95.0
ship 348.0 104.0 363.0 120.0
ship 300.0 94.0 317.0 110.0
ship 322.0 144.0 344.0 163.0
