harbor 67.0 109.0 107.0 158.0
harbor 101.0 145.0 133.0 186.0
harbor 125.0 176.0 157.0 212.0
harbor 148.0 200.0 178.0 234.0
harbor 162.0 229.0 195.0 257.0
harbor 252.0 337.0 286.0 370.0
harbor 262.0 382.0 298.0 408.0
harbor 296.0 409.0 320.0 433.0
harbor 346.0 458.0 378.0 488.0
harbor 433.0 555.0 471.0 588.0
harbor 461.0 583.0 490.0 633.0
ship 1.0 292.0 29.0 316.0
ship 166.0 258.0 195.0 276.0
ship 167.0 282.0 188.0 302.0
ship 193.0 306.0 216.0 326.0
ship 195.0 326.0 211.0 344.0
ship 116.0 402.0 136.0 420.0
ship 49.0 478.0 66.0 502.0
ship 33.0 487.0 48.0 517.0
ship 27.0 490.0 42.0 519.0
ship 88.0 500.0 102.0 526.0
ship 233.0 498.0 253.0 530.0
ship 78.0 538.0 91.0 556.0
ship 131.0 537.0 152.0 562.0
ship 114.0 557.0 131.0 583.0
ship 86.0 586.0 100.0 610.0
ship 58.0 638.0 72.0 660.0
ship 158.0 600.0 174.0 623.0
ship 186.0 561.0 197.0 578.0
ship 220.0 615.0 236.0 636.0
ship 92.0 658.0 100.0 677.0
ship 88.0 660.0 97.0 677.0
ship 83.0 661.0 91.0 679.0
ship 354.0 669.0 377.0 696.0
ship 296.0 715.0 316.0 742.0
ship 234.0 713.0 253.0 738.0
ship 284.0 732.0 301.0 751.0
ship 298.0 760.0 316.0 787.0
ship 292.0 763.0 311.0 789.0
ship 121.0 732.0 136.0 752.0
ship 111.0 742.0 124.0 760.0
