airplane 44.0 44.0 85.0 81.0
airplane 5.0 181.0 75.0 249.0
airplane 268.0 101.0 303.0 140.0
airplane 244.0 147.0 291.0 178.0
airplane 216.0 193.0 259.0 231.0
airplane 248.0 270.0 294.0 311.0
airplane 303.0 363.0 340.0 396.0
airplane 326.0 418.0 367.0 456.0
airplane 298.0 471.0 340.0 507.0
airplane 206.0 512.0 246.0 551.0
airplane 68.0 586.0 109.0 618.0
airplane 78.0 637.0 129.0 669.0
airplane 144.0 713.0 187.0 752.0
airplane 268.0 714.0 305.0 753.0
airplane 460.0 691.0 507.0 729.0
airplane 412.0 136.0 463.0 162.0
airplane 621.0 58.0 664.0 100.0
airplane 445.0 29.0 487.0 73.0
airplane 684.0 37.0 719.0 77.0
airplane 741.0 6.0 781.0 49.0
airplane 575.0 326.0 617.0 367.0
airplane 633.0 313.0 666.0 355.0
airplane 720.0 269.0 761.0 313.0
airplane 684.0 523.0 724.0 554.0
airplane 696.0 651.0 748.0 689.0
