vehicle 382.0 72.0 387.0 82.0
vehicle 442.0 147.0 447.0 157.0
vehicle 422.0 188.0 426.0 197.0
vehicle 583.0 144.0 590.0 153.0
vehicle 379.0 233.0 384.0 243.0
vehicle 546.0 90.0 554.0 97.0
vehicle 196.0 316.0 207.0 321.0
vehicle 229.0 302.0 238.0 308.0
vehicle 291.0 273.0 300.0 279.0
vehicle 136.0 345.0 148.0 353.0
vehicle 53.0 217.0 59.0 221.0
vehicle 61.0 215.0 68.0 219.0
storagetank 650.0 157.0 664.0 171.0
storagetank 636.0 166.0 648.0 179.0
tenniscourt 101.0 719.0 135.0 760.0
tenniscourt 73.0 657.0 101.0 699.0
