harbor 125.0 198.0 731.0 607.0
harbor 414.0 700.0 431.0 709.0
ship 438.0 680.0 446.0 696.0
ship 146.0 479.0 170.0 529.0
ship 182.0 477.0 196.0 504.0
ship 196.0 481.0 214.0 513.0
ship 222.0 498.0 239.0 526.0
ship 235.0 509.0 255.0 549.0
ship 264.0 510.0 284.0 542.0
ship 303.0 527.0 325.0 562.0
ship 323.0 536.0 341.0 567.0
ship 343.0 549.0 360.0 580.0
ship 246.0 564.0 260.0 585.0
ship 353.0 577.0 365.0 597.0
ship 362.0 554.0 374.0 575.0
ship 191.0 432.0 208.0 457.0
ship 174.0 418.0 191.0 451.0
ship 191.0 376.0 211.0 412.0
ship 213.0 332.0 231.0 364.0
ship 250.0 455.0 266.0 482.0
ship 262.0 463.0 277.0 485.0
ship 281.0 470.0 298.0 497.0
ship 340.0 498.0 352.0 523.0
ship 383.0 470.0 395.0 490.0
ship 391.0 491.0 403.0 511.0
ship 402.0 464.0 417.0 489.0
ship 414.0 442.0 425.0 463.0
ship 261.0 328.0 282.0 365.0
ship 282.0 382.0 300.0 407.0
ship 294.0 388.0 311.0 416.0
ship 316.0 393.0 332.0 420.0
ship 302.0 342.0 316.0 369.0
ship 315.0 348.0 327.0 373.0
ship 333.0 356.0 348.0 385.0
ship 345.0 363.0 361.0 388.0
ship 366.0 371.0 380.0 396.0
ship 377.0 378.0 392.0 403.0
ship 348.0 411.0 362.0 431.0
ship 374.0 423.0 390.0 443.0
ship 389.0 428.0 401.0 447.0
ship 392.0 385.0 405.0 410.0
ship 403.0 397.0 413.0 414.0
ship 414.0 386.0 434.0 423.0
ship 441.0 417.0 455.0 434.0
ship 459.0 434.0 480.0 444.0
ship 437.0 385.0 452.0 415.0
ship 289.0 249.0 311.0 280.0
ship 325.0 272.0 339.0 293.0
ship 304.0 205.0 328.0 241.0
ship 325.0 214.0 346.0 248.0
ship 342.0 220.0 365.0 255.0
ship 338.0 271.0 355.0 297.0
ship 358.0 279.0 373.0 306.0
ship 370.0 285.0 388.0 312.0
ship 390.0 292.0 407.0 317.0
ship 405.0 298.0 418.0 320.0
ship 423.0 307.0 440.0 330.0
ship 443.0 320.0 464.0 352.0
ship 376.0 232.0 395.0 267.0
ship 391.0 239.0 410.0 275.0
ship 407.0 249.0 427.0 285.0
ship 421.0 258.0 441.0 291.0
ship 439.0 266.0 458.0 295.0
ship 456.0 270.0 486.0 310.0
ship 498.0 265.0 509.0 287.0
ship 480.0 297.0 498.0 327.0
vehicle 680.0 703.0 702.0 715.0
ship 477.0 39.0 517.0 52.0
ship 687.0 562.0 703.0 597.0
ship 718.0 577.0 739.0 621.0
