airport 669.0 94.0 732.0 369.0
bridge 4.0 775.0 9.0 790.0
bridge 24.0 775.0 32.0 791.0
bridge 106.0 763.0 115.0 779.0
bridge 149.0 756.0 157.0 772.0
bridge 190.0 746.0 195.0 761.0
bridge 241.0 737.0 252.0 758.0
bridge 291.0 725.0 297.0 742.0
bridge 383.0 756.0 391.0 771.0
bridge 220.0 265.0 230.0 300.0
bridge 153.0 279.0 162.0 305.0
bridge 100.0 287.0 111.0 308.0
bridge 18.0 301.0 27.0 324.0
bridge 56.0 297.0 64.0 320.0
bridge 335.0 303.0 358.0 329.0
bridge 225.0 70.0 252.0 96.0
bridge 329.0 20.0 348.0 43.0
bridge 447.0 1.0 466.0 35.0
groundtrackfield 182.0 464.0 201.0 479.0
groundtrackfield 186.0 478.0 210.0 497.0
groundtrackfield 709.0 575.0 727.0 590.0
groundtrackfield 609.0 727.0 628.0 742.0
