harbor 56.0 565.0 576.0 641.0
harbor 23.0 52.0 338.0 223.0
harbor 11.0 289.0 420.0 492.0
ship 579.0 405.0 755.0 453.0
ship 26.0 78.0 49.0 141.0
ship 279.0 55.0 301.0 117.0
ship 255.0 53.0 278.0 116.0
ship 228.0 72.0 244.0 116.0
ship 199.0 63.0 221.0 121.0
ship 172.0 65.0 190.0 118.0
ship 144.0 65.0 164.0 121.0
ship 114.0 73.0 136.0 124.0
ship 91.0 73.0 113.0 128.0
ship 61.0 72.0 82.0 132.0
ship 300.0 86.0 310.0 110.0
ship 35.0 156.0 57.0 218.0
ship 314.0 136.0 331.0 175.0
ship 289.0 136.0 309.0 190.0
ship 248.0 138.0 274.0 204.0
ship 221.0 135.0 241.0 191.0
ship 69.0 148.0 91.0 215.0
ship 103.0 147.0 124.0 203.0
ship 132.0 144.0 156.0 221.0
ship 330.0 221.0 341.0 235.0
ship 321.0 254.0 343.0 286.0
ship 16.0 312.0 48.0 402.0
ship 301.0 297.0 321.0 354.0
ship 240.0 304.0 258.0 356.0
ship 180.0 305.0 203.0 366.0
ship 152.0 307.0 171.0 371.0
ship 118.0 304.0 137.0 372.0
ship 91.0 304.0 110.0 376.0
ship 57.0 300.0 79.0 378.0
ship 136.0 399.0 155.0 468.0
ship 383.0 378.0 407.0 455.0
ship 345.0 385.0 369.0 453.0
ship 316.0 391.0 339.0 459.0
ship 276.0 392.0 299.0 463.0
ship 249.0 403.0 269.0 468.0
ship 204.0 395.0 231.0 477.0
ship 106.0 396.0 124.0 462.0
ship 31.0 425.0 51.0 489.0
ship 63.0 393.0 91.0 483.0
ship 348.0 310.0 372.0 341.0
ship 328.0 347.0 354.0 361.0
ship 236.0 382.0 265.0 393.0
ship 120.0 463.0 130.0 477.0
ship 139.0 391.0 157.0 399.0
ship 345.0 372.0 376.0 383.0
ship 458.0 426.0 498.0 437.0
ship 507.0 420.0 563.0 441.0
ship 61.0 600.0 190.0 628.0
ship 203.0 614.0 259.0 628.0
ship 268.0 593.0 338.0 616.0
ship 423.0 567.0 569.0 602.0
ship 353.0 585.0 415.0 610.0
ship 1.0 655.0 39.0 690.0
