airplane 36.0 230.0 67.0 263.0
airplane 72.0 241.0 108.0 286.0
airplane 43.0 271.0 75.0 309.0
airplane 80.0 296.0 108.0 332.0
airplane 40.0 323.0 73.0 359.0
airplane 145.0 248.0 183.0 298.0
airplane 236.0 253.0 266.0 294.0
airplane 330.0 230.0 411.0 305.0
airplane 227.0 451.0 261.0 492.0
airplane 230.0 534.0 262.0 566.0
airplane 259.0 651.0 314.0 693.0
airplane 480.0 241.0 524.0 284.0
airplane 533.0 244.0 563.0 284.0
airplane 559.0 250.0 591.0 290.0
airplane 646.0 245.0 677.0 287.0
airplane 691.0 250.0 717.0 283.0
airplane 752.0 480.0 796.0 519.0
vehicle 75.0 336.0 99.0 347.0
vehicle 136.0 382.0 150.0 396.0
vehicle 131.0 391.0 151.0 411.0
vehicle 111.0 447.0 120.0 465.0
vehicle 218.0 475.0 230.0 498.0
vehicle 110.0 508.0 119.0 529.0
vehicle 235.0 570.0 252.0 577.0
vehicle 302.0 207.0 324.0 218.0
vehicle 314.0 560.0 321.0 578.0
vehicle 136.0 755.0 143.0 776.0
vehicle 159.0 749.0 166.0 770.0
vehicle 169.0 750.0 178.0 771.0
vehicle 235.0 684.0 248.0 705.0
vehicle 263.0 682.0 272.0 702.0
vehicle 375.0 690.0 393.0 707.0
vehicle 391.0 692.0 411.0 706.0
vehicle 495.0 689.0 515.0 709.0
vehicle 528.0 691.0 539.0 709.0
vehicle 540.0 691.0 549.0 708.0
vehicle 634.0 701.0 655.0 709.0
vehicle 686.0 697.0 704.0 711.0
vehicle 108.0 619.0 116.0 633.0
vehicle 568.0 293.0 585.0 302.0
vehicle 715.0 373.0 740.0 383.0
airplane 600.0 681.0 634.0 708.0
vehicle 298.0 682.0 307.0 700.0
