tenniscourt 734.0 155.0 763.0 206.0
vehicle 56.0 40.0 63.0 53.0
vehicle 71.0 72.0 88.0 78.0
vehicle 585.0 35.0 598.0 42.0
vehicle 546.0 38.0 557.0 43.0
vehicle 622.0 45.0 637.0 52.0
vehicle 645.0 44.0 660.0 49.0
vehicle 691.0 43.0 706.0 48.0
vehicle 86.0 302.0 99.0 306.0
vehicle 94.0 287.0 119.0 293.0
vehicle 143.0 286.0 153.0 291.0
vehicle 300.0 277.0 326.0 283.0
vehicle 259.0 279.0 283.0 284.0
vehicle 468.0 96.0 473.0 105.0
vehicle 494.0 294.0 508.0 300.0
vehicle 493.0 302.0 504.0 310.0
vehicle 542.0 375.0 552.0 384.0
vehicle 555.0 385.0 566.0 394.0
vehicle 622.0 420.0 634.0 430.0
vehicle 394.0 383.0 399.0 396.0
vehicle 389.0 416.0 394.0 427.0
vehicle 389.0 430.0 396.0 440.0
vehicle 662.0 272.0 674.0 277.0
vehicle 737.0 233.0 742.0 241.0
vehicle 690.0 230.0 696.0 239.0
vehicle 9.0 517.0 24.0 522.0
vehicle 59.0 516.0 68.0 521.0
vehicle 94.0 514.0 105.0 518.0
vehicle 99.0 502.0 107.0 506.0
vehicle 163.0 528.0 176.0 537.0
vehicle 163.0 509.0 176.0 514.0
vehicle 409.0 658.0 415.0 669.0
vehicle 1.0 733.0 9.0 738.0
vehicle 57.0 730.0 68.0 736.0
vehicle 88.0 729.0 100.0 734.0
vehicle 134.0 727.0 147.0 730.0
vehicle 182.0 712.0 195.0 717.0
vehicle 233.0 722.0 244.0 725.0
vehicle 268.0 708.0 279.0 712.0
vehicle 551.0 638.0 560.0 646.0
vehicle 557.0 634.0 565.0 639.0
