tenniscourt 140.0 358.0 173.0 411.0
vehicle 305.0 88.0 310.0 99.0
vehicle 29.0 312.0 40.0 316.0
vehicle 14.0 312.0 27.0 317.0
vehicle 3.0 327.0 15.0 331.0
vehicle 33.0 543.0 45.0 551.0
vehicle 49.0 557.0 62.0 565.0
vehicle 178.0 651.0 187.0 660.0
vehicle 195.0 665.0 205.0 675.0
vehicle 234.0 648.0 246.0 652.0
vehicle 305.0 627.0 311.0 638.0
vehicle 312.0 626.0 318.0 637.0
vehicle 312.0 404.0 317.0 416.0
tenniscourt 466.0 487.0 497.0 537.0
tenniscourt 561.0 476.0 593.0 531.0
tenniscourt 748.0 555.0 780.0 607.0
vehicle 623.0 569.0 628.0 579.0
vehicle 613.0 593.0 623.0 604.0
vehicle 633.0 742.0 638.0 752.0
vehicle 647.0 761.0 652.0 771.0
vehicle 634.0 791.0 641.0 800.0
vehicle 411.0 427.0 418.0 437.0
vehicle 411.0 440.0 416.0 449.0
vehicle 404.0 435.0 409.0 445.0
