harbor 470.0 128.0 747.0 690.0
harbor 66.0 130.0 337.0 671.0
ship 468.0 131.0 565.0 173.0
ship 470.0 228.0 598.0 269.0
ship 641.0 278.0 742.0 318.0
ship 633.0 426.0 745.0 471.0
ship 292.0 129.0 337.0 158.0
ship 242.0 129.0 277.0 151.0
ship 229.0 173.0 322.0 207.0
ship 226.0 216.0 336.0 248.0
ship 224.0 301.0 331.0 344.0
ship 224.0 345.0 323.0 381.0
ship 234.0 390.0 319.0 425.0
ship 92.0 222.0 185.0 255.0
ship 76.0 156.0 102.0 206.0
ship 65.0 382.0 190.0 431.0
ship 224.0 475.0 331.0 516.0
ship 226.0 523.0 329.0 556.0
ship 75.0 548.0 185.0 591.0
ship 228.0 569.0 324.0 601.0
