airplane 58.0 294.0 87.0 326.0
airplane 88.0 550.0 123.0 581.0
airplane 241.0 310.0 284.0 340.0
airplane 294.0 292.0 329.0 322.0
airplane 263.0 421.0 303.0 450.0
airplane 303.0 621.0 350.0 647.0
airplane 205.0 733.0 244.0 762.0
airplane 231.0 765.0 276.0 794.0
storagetank 136.0 728.0 147.0 738.0
storagetank 136.0 739.0 145.0 748.0
airplane 350.0 680.0 392.0 708.0
airplane 456.0 743.0 484.0 771.0
airplane 561.0 772.0 595.0 800.0
airplane 334.0 239.0 382.0 268.0
airplane 281.0 198.0 317.0 222.0
airplane 403.0 145.0 435.0 187.0
airplane 594.0 86.0 626.0 126.0
airplane 241.0 3.0 268.0 32.0
airplane 393.0 57.0 440.0 85.0
airplane 468.0 53.0 517.0 85.0
airplane 392.0 1.0 426.0 38.0
airplane 527.0 1.0 556.0 33.0
