windmill 35.0 16.0 61.0 35.0
windmill 77.0 269.0 102.0 291.0
windmill 224.0 205.0 246.0 221.0
windmill 494.0 181.0 518.0 198.0
windmill 632.0 91.0 670.0 112.0
windmill 730.0 239.0 757.0 259.0
windmill 479.0 292.0 504.0 311.0
windmill 632.0 355.0 665.0 377.0
windmill 589.0 466.0 621.0 485.0
windmill 353.0 503.0 375.0 521.0
windmill 145.0 459.0 172.0 478.0
windmill 77.0 661.0 105.0 675.0
windmill 302.0 613.0 325.0 632.0
vehicle 444.0 449.0 454.0 468.0
storagetank 608.0 519.0 618.0 528.0
storagetank 621.0 519.0 629.0 527.0
storagetank 631.0 518.0 639.0 528.0
storagetank 755.0 492.0 765.0 502.0
storagetank 765.0 490.0 772.0 498.0
