trainstation 302.0 118.0 386.0 475.0
bridge 1.0 196.0 168.0 300.0
ship 52.0 141.0 67.0 168.0
vehicle 38.0 534.0 48.0 537.0
vehicle 64.0 552.0 74.0 556.0
vehicle 86.0 553.0 96.0 557.0
vehicle 123.0 610.0 129.0 620.0
vehicle 136.0 593.0 141.0 602.0
vehicle 57.0 537.0 66.0 541.0
vehicle 101.0 544.0 110.0 548.0
vehicle 370.0 562.0 375.0 572.0
vehicle 378.0 561.0 382.0 568.0
vehicle 189.0 293.0 199.0 299.0
vehicle 212.0 302.0 221.0 307.0
vehicle 293.0 371.0 304.0 376.0
vehicle 309.0 379.0 315.0 388.0
vehicle 258.0 51.0 262.0 64.0
vehicle 263.0 93.0 268.0 107.0
vehicle 261.0 79.0 265.0 91.0
vehicle 265.0 110.0 270.0 120.0
vehicle 501.0 341.0 510.0 347.0
vehicle 596.0 283.0 601.0 290.0
vehicle 609.0 223.0 617.0 229.0
vehicle 771.0 454.0 779.0 462.0
