harbor 599.0 421.0 769.0 687.0
harbor 350.0 463.0 496.0 691.0
harbor 14.0 480.0 237.0 793.0
ship 136.0 500.0 233.0 531.0
harbor 123.0 731.0 173.0 757.0
vehicle 768.0 779.0 781.0 800.0
ship 13.0 10.0 85.0 37.0
ship 481.0 6.0 519.0 20.0
ship 660.0 560.0 766.0 590.0
ship 662.0 532.0 728.0 556.0
ship 666.0 495.0 742.0 525.0
ship 663.0 465.0 730.0 490.0
ship 419.0 464.0 487.0 490.0
ship 446.0 513.0 491.0 529.0
ship 349.0 575.0 419.0 600.0
ship 364.0 635.0 417.0 658.0
ship 365.0 544.0 415.0 564.0
ship 14.0 530.0 107.0 559.0
ship 28.0 664.0 109.0 689.0
ship 24.0 630.0 112.0 656.0
ship 38.0 600.0 111.0 622.0
ship 23.0 567.0 112.0 592.0
