groundtrackfield 31.0 28.0 266.0 562.0
tenniscourt 256.0 508.0 316.0 589.0
tenniscourt 297.0 525.0 357.0 606.0
tenniscourt 157.0 625.0 217.0 706.0
tenniscourt 279.0 679.0 339.0 759.0
tenniscourt 239.0 661.0 299.0 742.0
tenniscourt 198.0 644.0 258.0 725.0
vehicle 145.0 630.0 158.0 640.0
vehicle 150.0 621.0 164.0 632.0
vehicle 133.0 660.0 149.0 670.0
vehicle 113.0 642.0 124.0 659.0
vehicle 360.0 612.0 372.0 628.0
vehicle 400.0 611.0 406.0 625.0
vehicle 415.0 705.0 430.0 715.0
vehicle 457.0 685.0 473.0 694.0
vehicle 457.0 700.0 475.0 710.0
vehicle 421.0 726.0 439.0 740.0
vehicle 484.0 748.0 499.0 762.0
vehicle 449.0 768.0 464.0 783.0
vehicle 652.0 50.0 658.0 64.0
vehicle 620.0 30.0 628.0 46.0
vehicle 625.0 49.0 639.0 61.0
vehicle 20.0 747.0 29.0 760.0
