ship 506.0 248.0 555.0 292.0
ship 478.0 284.0 525.0 322.0
ship 423.0 351.0 465.0 386.0
ship 414.0 369.0 441.0 395.0
ship 380.0 406.0 409.0 435.0
ship 383.0 488.0 410.0 516.0
ship 536.0 453.0 570.0 490.0
ship 651.0 334.0 692.0 380.0
ship 552.0 144.0 582.0 155.0
harbor 682.0 82.0 720.0 151.0
harbor 734.0 80.0 760.0 143.0
ship 765.0 1.0 785.0 68.0
vehicle 471.0 105.0 487.0 124.0
vehicle 305.0 345.0 336.0 379.0
vehicle 308.0 258.0 338.0 272.0
vehicle 202.0 554.0 218.0 580.0
vehicle 327.0 519.0 350.0 542.0
vehicle 299.0 439.0 309.0 463.0
vehicle 330.0 700.0 345.0 722.0
ship 734.0 95.0 753.0 143.0
ship 700.0 101.0 719.0 149.0
ship 680.0 107.0 699.0 155.0
harbor 533.0 67.0 765.0 172.0
