airplane 164.0 39.0 279.0 120.0
airplane 309.0 38.0 406.0 111.0
airplane 441.0 35.0 560.0 122.0
airplane 300.0 137.0 410.0 298.0
airplane 476.0 130.0 589.0 294.0
airplane 231.0 317.0 354.0 404.0
airplane 371.0 316.0 487.0 400.0
airplane 511.0 321.0 630.0 407.0
airplane 24.0 400.0 138.0 486.0
airplane 177.0 399.0 275.0 477.0
airplane 312.0 398.0 415.0 477.0
airplane 594.0 401.0 689.0 477.0
airplane 30.0 693.0 145.0 775.0
airplane 171.0 682.0 286.0 781.0
airplane 461.0 686.0 583.0 773.0
airplane 599.0 691.0 705.0 769.0
