tenniscourt 103.0 242.0 236.0 334.0
tenniscourt 123.0 314.0 256.0 407.0
tenniscourt 151.0 424.0 288.0 514.0
tenniscourt 181.0 534.0 315.0 622.0
tenniscourt 201.0 604.0 335.0 691.0
tenniscourt 300.0 205.0 436.0 291.0
tenniscourt 494.0 151.0 631.0 240.0
tenniscourt 515.0 225.0 651.0 312.0
tenniscourt 536.0 295.0 671.0 383.0
tenniscourt 319.0 280.0 456.0 365.0
tenniscourt 342.0 349.0 474.0 436.0
vehicle 87.0 591.0 114.0 601.0
vehicle 66.0 637.0 90.0 654.0
vehicle 100.0 627.0 127.0 643.0
vehicle 104.0 636.0 126.0 650.0
vehicle 105.0 649.0 126.0 662.0
vehicle 110.0 658.0 129.0 670.0
vehicle 734.0 435.0 750.0 461.0
vehicle 716.0 441.0 733.0 467.0
vehicle 699.0 441.0 719.0 471.0
vehicle 686.0 450.0 706.0 480.0
vehicle 673.0 466.0 690.0 485.0
vehicle 636.0 465.0 657.0 488.0
vehicle 618.0 473.0 640.0 500.0
vehicle 597.0 477.0 623.0 506.0
vehicle 589.0 501.0 600.0 510.0
vehicle 562.0 493.0 587.0 516.0
vehicle 545.0 507.0 564.0 519.0
vehicle 624.0 542.0 651.0 561.0
vehicle 668.0 542.0 695.0 555.0
vehicle 676.0 559.0 705.0 574.0
vehicle 692.0 608.0 719.0 624.0
vehicle 756.0 526.0 772.0 538.0
vehicle 285.0 33.0 297.0 59.0
