tenniscourt 420.0 81.0 461.0 145.0
tenniscourt 375.0 83.0 417.0 148.0
tenniscourt 158.0 334.0 190.0 385.0
tenniscourt 70.0 358.0 101.0 411.0
vehicle 23.0 112.0 28.0 123.0
vehicle 33.0 78.0 42.0 82.0
vehicle 86.0 75.0 97.0 80.0
vehicle 100.0 73.0 111.0 78.0
vehicle 118.0 73.0 129.0 78.0
vehicle 164.0 71.0 174.0 76.0
vehicle 176.0 71.0 190.0 75.0
vehicle 227.0 68.0 240.0 72.0
vehicle 33.0 321.0 45.0 325.0
vehicle 281.0 66.0 291.0 71.0
vehicle 269.0 67.0 278.0 71.0
vehicle 316.0 63.0 327.0 67.0
vehicle 330.0 62.0 344.0 67.0
vehicle 413.0 58.0 427.0 63.0
vehicle 490.0 54.0 503.0 59.0
vehicle 581.0 49.0 591.0 53.0
vehicle 548.0 52.0 559.0 56.0
vehicle 593.0 49.0 605.0 54.0
vehicle 669.0 102.0 675.0 111.0
vehicle 690.0 119.0 696.0 131.0
vehicle 672.0 136.0 679.0 149.0
vehicle 661.0 147.0 666.0 155.0
vehicle 667.0 222.0 672.0 231.0
vehicle 701.0 279.0 708.0 289.0
vehicle 703.0 289.0 709.0 301.0
vehicle 705.0 324.0 710.0 331.0
vehicle 700.0 252.0 705.0 262.0
vehicle 712.0 388.0 717.0 398.0
vehicle 685.0 454.0 690.0 464.0
vehicle 682.0 433.0 688.0 442.0
vehicle 714.0 437.0 719.0 449.0
vehicle 752.0 552.0 763.0 559.0
vehicle 719.0 561.0 730.0 570.0
vehicle 717.0 595.0 723.0 605.0
vehicle 719.0 652.0 725.0 664.0
vehicle 732.0 672.0 738.0 681.0
vehicle 737.0 746.0 743.0 757.0
vehicle 628.0 567.0 638.0 571.0
vehicle 607.0 545.0 617.0 548.0
vehicle 650.0 16.0 656.0 28.0
vehicle 416.0 552.0 428.0 559.0
vehicle 351.0 571.0 364.0 578.0
vehicle 307.0 566.0 321.0 570.0
vehicle 249.0 500.0 262.0 506.0
vehicle 124.0 567.0 135.0 571.0
vehicle 153.0 589.0 166.0 594.0
vehicle 35.0 642.0 40.0 653.0
vehicle 13.0 634.0 19.0 647.0
vehicle 14.0 652.0 19.0 661.0
vehicle 14.0 665.0 20.0 674.0
vehicle 15.0 675.0 19.0 682.0
vehicle 38.0 681.0 44.0 693.0
vehicle 21.0 753.0 27.0 763.0
vehicle 212.0 662.0 219.0 672.0
vehicle 235.0 665.0 240.0 675.0
vehicle 250.0 682.0 262.0 688.0
vehicle 217.0 701.0 222.0 714.0
vehicle 222.0 776.0 227.0 785.0
vehicle 738.0 233.0 749.0 238.0
