vehicle 16.0 34.0 22.0 50.0
vehicle 30.0 34.0 38.0 48.0
vehicle 39.0 32.0 46.0 48.0
vehicle 48.0 32.0 56.0 48.0
vehicle 57.0 33.0 63.0 49.0
vehicle 183.0 31.0 192.0 45.0
vehicle 164.0 35.0 172.0 48.0
vehicle 108.0 263.0 116.0 278.0
vehicle 121.0 261.0 128.0 280.0
vehicle 182.0 263.0 190.0 276.0
vehicle 233.0 263.0 240.0 278.0
vehicle 247.0 265.0 253.0 278.0
vehicle 182.0 539.0 189.0 555.0
vehicle 195.0 554.0 216.0 564.0
vehicle 554.0 341.0 574.0 350.0
vehicle 738.0 319.0 747.0 339.0
vehicle 540.0 267.0 559.0 275.0
vehicle 547.0 203.0 555.0 217.0
vehicle 615.0 202.0 623.0 217.0
vehicle 575.0 36.0 590.0 43.0
vehicle 274.0 91.0 281.0 109.0
vehicle 283.0 139.0 292.0 159.0
airplane 754.0 140.0 788.0 161.0
airplane 722.0 198.0 757.0 230.0
airplane 730.0 375.0 769.0 408.0
airplane 694.0 371.0 737.0 408.0
airplane 650.0 370.0 693.0 409.0
airplane 600.0 395.0 637.0 423.0
airplane 612.0 424.0 647.0 450.0
airplane 570.0 417.0 616.0 461.0
airplane 651.0 443.0 761.0 519.0
airplane 528.0 391.0 563.0 419.0
airplane 437.0 398.0 482.0 452.0
airplane 383.0 393.0 418.0 435.0
airplane 399.0 442.0 449.0 476.0
airplane 578.0 458.0 610.0 484.0
airplane 550.0 467.0 583.0 491.0
airplane 529.0 490.0 565.0 516.0
airplane 501.0 484.0 530.0 510.0
airplane 565.0 491.0 604.0 517.0
airplane 567.0 509.0 636.0 585.0
airplane 619.0 547.0 653.0 574.0
airplane 642.0 514.0 692.0 553.0
airplane 545.0 514.0 581.0 542.0
airplane 512.0 522.0 549.0 548.0
airplane 484.0 506.0 520.0 535.0
airplane 448.0 508.0 484.0 535.0
airplane 414.0 521.0 455.0 549.0
airplane 384.0 537.0 432.0 580.0
airplane 385.0 580.0 429.0 624.0
airplane 433.0 558.0 484.0 609.0
airplane 463.0 534.0 510.0 568.0
airplane 477.0 555.0 524.0 599.0
airplane 464.0 588.0 502.0 618.0
airplane 516.0 575.0 562.0 630.0
airplane 553.0 563.0 596.0 613.0
airplane 592.0 562.0 645.0 620.0
airplane 643.0 565.0 695.0 620.0
airplane 685.0 559.0 728.0 604.0
airplane 731.0 556.0 777.0 603.0
airplane 773.0 554.0 800.0 599.0
airplane 70.0 254.0 108.0 278.0
airplane 129.0 249.0 171.0 279.0
