harbor 33.0 156.0 485.0 395.0
harbor 635.0 36.0 791.0 389.0
harbor 43.0 9.0 404.0 110.0
ship 53.0 45.0 74.0 105.0
ship 222.0 40.0 242.0 92.0
ship 249.0 33.0 270.0 91.0
ship 278.0 31.0 299.0 89.0
ship 303.0 37.0 326.0 90.0
ship 369.0 45.0 392.0 98.0
ship 38.0 291.0 59.0 377.0
ship 119.0 282.0 156.0 392.0
ship 164.0 282.0 201.0 392.0
ship 253.0 281.0 283.0 341.0
ship 264.0 186.0 288.0 243.0
ship 375.0 159.0 405.0 241.0
ship 672.0 358.0 753.0 385.0
ship 88.0 563.0 141.0 589.0
ship 766.0 136.0 787.0 195.0
ship 649.0 283.0 675.0 344.0
ship 710.0 332.0 759.0 355.0
ship 609.0 175.0 632.0 236.0
ship 696.0 216.0 752.0 247.0
ship 693.0 248.0 753.0 275.0
