storagetank 315.0 124.0 388.0 186.0
storagetank 316.0 209.0 385.0 273.0
storagetank 229.0 124.0 298.0 187.0
storagetank 226.0 210.0 300.0 273.0
storagetank 322.0 301.0 345.0 318.0
storagetank 276.0 291.0 297.0 305.0
storagetank 276.0 311.0 294.0 325.0
storagetank 178.0 112.0 192.0 121.0
storagetank 168.0 112.0 177.0 121.0
storagetank 154.0 112.0 164.0 123.0
storagetank 139.0 112.0 150.0 121.0
storagetank 120.0 109.0 130.0 120.0
storagetank 96.0 111.0 109.0 120.0
storagetank 158.0 158.0 190.0 182.0
storagetank 154.0 190.0 187.0 215.0
storagetank 142.0 158.0 154.0 169.0
storagetank 143.0 178.0 155.0 190.0
storagetank 144.0 294.0 164.0 316.0
storagetank 147.0 197.0 153.0 205.0
storagetank 149.0 212.0 152.0 217.0
storagetank 119.0 297.0 135.0 313.0
storagetank 91.0 297.0 109.0 316.0
storagetank 63.0 293.0 80.0 313.0
storagetank 143.0 360.0 164.0 380.0
storagetank 115.0 360.0 135.0 379.0
storagetank 88.0 360.0 109.0 378.0
storagetank 59.0 358.0 80.0 379.0
storagetank 231.0 689.0 253.0 704.0
storagetank 231.0 708.0 249.0 720.0
storagetank 293.0 714.0 312.0 728.0
storagetank 289.0 685.0 306.0 690.0
storagetank 292.0 694.0 305.0 699.0
storagetank 225.0 698.0 230.0 704.0
storagetank 152.0 688.0 164.0 699.0
storagetank 226.0 688.0 230.0 693.0
storagetank 749.0 718.0 766.0 728.0
storagetank 733.0 717.0 747.0 729.0
storagetank 710.0 715.0 725.0 729.0
storagetank 694.0 715.0 706.0 729.0
storagetank 617.0 714.0 653.0 748.0
storagetank 574.0 714.0 613.0 748.0
storagetank 701.0 641.0 718.0 652.0
storagetank 700.0 653.0 717.0 661.0
storagetank 691.0 653.0 699.0 661.0
storagetank 691.0 642.0 701.0 652.0
storagetank 680.0 652.0 690.0 662.0
storagetank 681.0 641.0 690.0 651.0
storagetank 671.0 641.0 680.0 651.0
storagetank 627.0 653.0 642.0 661.0
storagetank 627.0 643.0 639.0 651.0
storagetank 617.0 642.0 626.0 651.0
storagetank 615.0 653.0 624.0 661.0
storagetank 607.0 643.0 614.0 651.0
storagetank 670.0 652.0 679.0 661.0
storagetank 597.0 641.0 605.0 651.0
storagetank 605.0 652.0 615.0 661.0
storagetank 597.0 652.0 605.0 660.0
storagetank 361.0 475.0 373.0 489.0
storagetank 344.0 475.0 355.0 489.0
storagetank 361.0 494.0 374.0 507.0
storagetank 342.0 495.0 355.0 507.0
storagetank 361.0 514.0 374.0 527.0
storagetank 342.0 514.0 354.0 527.0
storagetank 363.0 533.0 373.0 546.0
storagetank 342.0 533.0 354.0 546.0
storagetank 361.0 560.0 374.0 573.0
storagetank 342.0 560.0 354.0 573.0
storagetank 361.0 579.0 373.0 591.0
storagetank 342.0 579.0 354.0 590.0
storagetank 361.0 598.0 373.0 610.0
storagetank 342.0 598.0 354.0 610.0
storagetank 360.0 617.0 372.0 629.0
storagetank 341.0 618.0 353.0 629.0
storagetank 669.0 147.0 682.0 161.0
storagetank 652.0 148.0 665.0 159.0
storagetank 626.0 139.0 648.0 155.0
storagetank 542.0 152.0 560.0 163.0
storagetank 526.0 152.0 541.0 162.0
storagetank 528.0 233.0 540.0 241.0
storagetank 469.0 265.0 480.0 277.0
storagetank 495.0 230.0 507.0 241.0
storagetank 497.0 217.0 508.0 226.0
bridge 752.0 67.0 777.0 97.0
bridge 420.0 32.0 427.0 77.0
bridge 8.0 16.0 32.0 47.0
ship 374.0 57.0 388.0 63.0
ship 355.0 51.0 367.0 57.0
ship 305.0 54.0 317.0 59.0
ship 254.0 44.0 267.0 49.0
ship 217.0 44.0 227.0 53.0
ship 171.0 40.0 182.0 45.0
ship 136.0 44.0 148.0 49.0
ship 83.0 39.0 95.0 44.0
ship 110.0 42.0 118.0 47.0
vehicle 23.0 71.0 28.0 94.0
vehicle 18.0 111.0 23.0 131.0
vehicle 8.0 188.0 11.0 206.0
vehicle 19.0 226.0 25.0 245.0
vehicle 19.0 248.0 24.0 268.0
vehicle 21.0 181.0 25.0 200.0
vehicle 18.0 174.0 20.0 192.0
vehicle 20.0 291.0 24.0 310.0
vehicle 19.0 312.0 23.0 330.0
vehicle 19.0 332.0 23.0 346.0
vehicle 18.0 350.0 23.0 368.0
vehicle 18.0 368.0 21.0 385.0
storagetank 243.0 447.0 253.0 455.0
storagetank 229.0 446.0 240.0 456.0
vehicle 337.0 25.0 353.0 32.0
