harbor 45.0 27.0 200.0 305.0
harbor 230.0 9.0 417.0 434.0
harbor 392.0 35.0 620.0 574.0
harbor 612.0 165.0 789.0 578.0
ship 48.0 238.0 90.0 263.0
ship 108.0 233.0 150.0 258.0
ship 103.0 255.0 145.0 280.0
ship 340.0 7.0 372.0 22.0
ship 383.0 37.0 415.0 52.0
ship 379.0 53.0 411.0 68.0
ship 372.0 67.0 407.0 88.0
ship 330.0 39.0 365.0 60.0
ship 326.0 56.0 361.0 77.0
ship 318.0 88.0 353.0 109.0
ship 355.0 136.0 390.0 157.0
ship 299.0 177.0 331.0 193.0
ship 297.0 192.0 329.0 208.0
ship 289.0 209.0 321.0 225.0
ship 326.0 255.0 358.0 271.0
ship 263.0 295.0 298.0 313.0
ship 316.0 290.0 351.0 308.0
ship 313.0 308.0 348.0 326.0
ship 300.0 336.0 335.0 354.0
ship 299.0 356.0 345.0 390.0
ship 231.0 388.0 273.0 411.0
ship 527.0 47.0 565.0 69.0
ship 557.0 146.0 595.0 168.0
ship 469.0 249.0 507.0 271.0
ship 465.0 465.0 511.0 492.0
ship 404.0 467.0 450.0 494.0
ship 443.0 544.0 489.0 571.0
ship 709.0 211.0 760.0 236.0
ship 703.0 258.0 747.0 280.0
ship 669.0 344.0 719.0 366.0
ship 623.0 519.0 666.0 539.0
