tenniscourt 147.0 116.0 181.0 177.0
vehicle 34.0 24.0 47.0 32.0
vehicle 152.0 76.0 167.0 85.0
vehicle 270.0 38.0 283.0 49.0
vehicle 508.0 114.0 523.0 123.0
vehicle 724.0 135.0 733.0 142.0
vehicle 770.0 236.0 777.0 252.0
vehicle 153.0 302.0 163.0 307.0
vehicle 92.0 297.0 109.0 306.0
vehicle 182.0 318.0 198.0 326.0
vehicle 236.0 320.0 255.0 330.0
vehicle 94.0 573.0 104.0 589.0
vehicle 330.0 353.0 336.0 372.0
vehicle 550.0 401.0 559.0 416.0
vehicle 753.0 439.0 762.0 456.0
vehicle 771.0 431.0 780.0 445.0
vehicle 773.0 344.0 782.0 358.0
vehicle 737.0 331.0 748.0 341.0
vehicle 562.0 583.0 573.0 593.0
vehicle 747.0 283.0 757.0 293.0
vehicle 296.0 674.0 305.0 693.0
vehicle 516.0 677.0 523.0 691.0
vehicle 554.0 724.0 569.0 733.0
vehicle 703.0 725.0 717.0 736.0
vehicle 556.0 604.0 569.0 615.0
