baseballfield 89.0 263.0 222.0 398.0
baseballfield 403.0 623.0 514.0 735.0
vehicle 100.0 93.0 112.0 109.0
vehicle 27.0 316.0 37.0 331.0
vehicle 8.0 317.0 18.0 336.0
vehicle 665.0 280.0 680.0 287.0
vehicle 681.0 281.0 695.0 287.0
vehicle 696.0 280.0 712.0 287.0
vehicle 713.0 280.0 724.0 286.0
vehicle 726.0 280.0 742.0 287.0
vehicle 662.0 308.0 672.0 313.0
vehicle 673.0 309.0 691.0 315.0
vehicle 691.0 308.0 706.0 314.0
vehicle 710.0 307.0 725.0 314.0
vehicle 724.0 307.0 739.0 314.0
vehicle 739.0 307.0 754.0 314.0
vehicle 756.0 308.0 771.0 315.0
vehicle 439.0 64.0 455.0 72.0
vehicle 510.0 64.0 529.0 71.0
vehicle 457.0 64.0 472.0 70.0
vehicle 551.0 63.0 568.0 69.0
vehicle 628.0 120.0 635.0 136.0
vehicle 766.0 61.0 783.0 69.0
