airplane 312.0 574.0 345.0 607.0
airplane 349.0 613.0 384.0 648.0
airplane 384.0 645.0 418.0 680.0
airplane 97.0 344.0 132.0 377.0
airplane 2.0 90.0 33.0 123.0
airplane 33.0 119.0 66.0 153.0
airplane 67.0 153.0 102.0 185.0
airplane 1.0 124.0 31.0 156.0
airplane 31.0 155.0 61.0 186.0
airplane 98.0 182.0 133.0 215.0
airplane 61.0 189.0 92.0 219.0
airplane 97.0 218.0 128.0 254.0
airplane 132.0 219.0 163.0 256.0
airplane 163.0 250.0 194.0 282.0
airplane 162.0 287.0 192.0 315.0
airplane 194.0 279.0 231.0 314.0
airplane 193.0 319.0 226.0 354.0
airplane 258.0 386.0 289.0 417.0
airplane 292.0 381.0 326.0 415.0
airplane 293.0 417.0 323.0 448.0
airplane 327.0 415.0 357.0 446.0
airplane 324.0 450.0 354.0 483.0
airplane 360.0 447.0 392.0 482.0
airplane 355.0 483.0 388.0 517.0
airplane 390.0 480.0 427.0 515.0
airplane 393.0 516.0 426.0 553.0
airplane 422.0 518.0 455.0 550.0
airplane 425.0 553.0 456.0 586.0
airplane 457.0 547.0 495.0 586.0
airplane 492.0 583.0 529.0 620.0
airplane 56.0 12.0 85.0 39.0
airplane 92.0 25.0 118.0 48.0
airplane 130.0 30.0 162.0 61.0
airplane 102.0 56.0 131.0 86.0
airplane 134.0 83.0 167.0 118.0
airplane 164.0 114.0 203.0 155.0
airplane 95.0 1.0 122.0 14.0
airplane 318.0 49.0 353.0 84.0
airplane 299.0 139.0 329.0 180.0
airplane 281.0 228.0 313.0 260.0
airplane 323.0 222.0 359.0 257.0
airplane 312.0 265.0 346.0 298.0
airplane 356.0 254.0 392.0 289.0
airplane 348.0 296.0 379.0 330.0
airplane 389.0 288.0 425.0 323.0
airplane 412.0 362.0 446.0 396.0
airplane 457.0 353.0 489.0 385.0
airplane 448.0 396.0 479.0 429.0
airplane 486.0 388.0 523.0 425.0
airplane 524.0 421.0 560.0 455.0
airplane 512.0 461.0 547.0 497.0
airplane 556.0 455.0 588.0 489.0
airplane 549.0 496.0 580.0 528.0
airplane 591.0 485.0 628.0 521.0
airplane 577.0 528.0 615.0 564.0
airplane 629.0 520.0 664.0 555.0
airplane 390.0 49.0 434.0 78.0
airplane 444.0 46.0 479.0 79.0
airplane 454.0 79.0 485.0 114.0
airplane 483.0 45.0 513.0 81.0
airplane 465.0 112.0 500.0 146.0
airplane 480.0 142.0 517.0 174.0
airplane 508.0 254.0 541.0 291.0
airplane 543.0 288.0 579.0 324.0
airplane 678.0 48.0 707.0 88.0
airplane 649.0 94.0 682.0 122.0
airplane 650.0 129.0 679.0 171.0
airplane 648.0 176.0 678.0 218.0
vehicle 200.0 1.0 218.0 9.0
vehicle 199.0 15.0 217.0 23.0
vehicle 274.0 55.0 296.0 64.0
vehicle 498.0 1.0 521.0 8.0
vehicle 499.0 10.0 518.0 17.0
vehicle 196.0 46.0 217.0 54.0
vehicle 499.0 21.0 520.0 28.0
vehicle 535.0 157.0 562.0 167.0
vehicle 536.0 186.0 559.0 195.0
vehicle 532.0 211.0 566.0 221.0
vehicle 546.0 18.0 577.0 28.0
