baseballfield 371.0 348.0 442.0 421.0
baseballfield 527.0 388.0 640.0 499.0
baseballfield 459.0 566.0 540.0 652.0
tenniscourt 89.0 206.0 114.0 260.0
tenniscourt 123.0 207.0 148.0 260.0
tenniscourt 155.0 207.0 181.0 260.0
tenniscourt 201.0 208.0 227.0 261.0
tenniscourt 234.0 209.0 261.0 262.0
tenniscourt 269.0 210.0 295.0 262.0
tenniscourt 44.0 295.0 71.0 349.0
tenniscourt 79.0 296.0 104.0 348.0
tenniscourt 113.0 296.0 137.0 349.0
tenniscourt 158.0 298.0 183.0 350.0
tenniscourt 192.0 297.0 217.0 351.0
tenniscourt 226.0 297.0 253.0 352.0
tenniscourt 107.0 401.0 131.0 453.0
vehicle 381.0 491.0 391.0 504.0
vehicle 226.0 533.0 234.0 547.0
vehicle 219.0 534.0 228.0 549.0
vehicle 365.0 551.0 376.0 559.0
vehicle 366.0 558.0 378.0 565.0
vehicle 277.0 293.0 292.0 303.0
vehicle 340.0 747.0 352.0 753.0
vehicle 337.0 757.0 352.0 763.0
vehicle 338.0 773.0 349.0 779.0
vehicle 337.0 779.0 350.0 784.0
vehicle 339.0 785.0 350.0 790.0
vehicle 338.0 790.0 352.0 795.0
vehicle 195.0 44.0 205.0 49.0
vehicle 193.0 49.0 205.0 54.0
vehicle 193.0 71.0 205.0 77.0
vehicle 193.0 77.0 204.0 83.0
vehicle 218.0 778.0 229.0 784.0
vehicle 204.0 777.0 215.0 782.0
vehicle 181.0 787.0 207.0 794.0
