ship 49.0 402.0 105.0 471.0
ship 190.0 337.0 224.0 382.0
ship 340.0 292.0 369.0 353.0
ship 68.0 551.0 96.0 595.0
ship 367.0 473.0 391.0 527.0
ship 329.0 571.0 353.0 618.0
harbor 268.0 631.0 361.0 689.0
ship 391.0 233.0 416.0 278.0
ship 483.0 163.0 506.0 190.0
harbor 548.0 1.0 632.0 92.0
harbor 489.0 171.0 513.0 200.0
storagetank 651.0 136.0 667.0 155.0
storagetank 667.0 147.0 690.0 172.0
storagetank 658.0 171.0 677.0 193.0
storagetank 642.0 155.0 662.0 174.0
storagetank 634.0 173.0 656.0 188.0
storagetank 628.0 188.0 646.0 209.0
storagetank 648.0 196.0 670.0 220.0
storagetank 574.0 220.0 584.0 233.0
storagetank 565.0 229.0 575.0 240.0
storagetank 556.0 236.0 566.0 248.0
storagetank 546.0 243.0 560.0 259.0
storagetank 536.0 253.0 550.0 267.0
storagetank 523.0 240.0 540.0 258.0
storagetank 720.0 164.0 734.0 178.0
storagetank 705.0 158.0 719.0 172.0
storagetank 701.0 169.0 714.0 183.0
storagetank 715.0 176.0 728.0 191.0
storagetank 695.0 182.0 709.0 196.0
storagetank 710.0 188.0 724.0 201.0
storagetank 691.0 195.0 705.0 209.0
storagetank 706.0 202.0 719.0 214.0
storagetank 688.0 206.0 699.0 220.0
storagetank 701.0 214.0 715.0 227.0
storagetank 681.0 219.0 695.0 234.0
storagetank 696.0 226.0 709.0 239.0
