ship 383.0 384.0 399.0 415.0
ship 89.0 639.0 105.0 669.0
ship 28.0 671.0 40.0 689.0
ship 17.0 750.0 38.0 774.0
ship 1.0 278.0 11.0 299.0
ship 14.0 327.0 29.0 361.0
ship 691.0 13.0 711.0 30.0
ship 526.0 28.0 550.0 55.0
ship 522.0 19.0 544.0 43.0
ship 231.0 243.0 240.0 255.0
ship 240.0 262.0 250.0 277.0
vehicle 740.0 727.0 758.0 733.0
vehicle 716.0 730.0 729.0 737.0
vehicle 579.0 774.0 594.0 787.0
vehicle 552.0 790.0 562.0 800.0
ship 347.0 397.0 364.0 430.0
ship 315.0 423.0 329.0 444.0
ship 336.0 293.0 355.0 324.0
ship 273.0 331.0 288.0 359.0
ship 307.0 320.0 322.0 342.0
ship 450.0 612.0 468.0 624.0
ship 459.0 595.0 474.0 604.0
ship 404.0 623.0 416.0 630.0
ship 437.0 603.0 453.0 614.0
ship 441.0 559.0 456.0 570.0
ship 402.0 575.0 421.0 587.0
ship 418.0 513.0 434.0 524.0
ship 380.0 531.0 394.0 539.0
ship 376.0 563.0 387.0 570.0
ship 331.0 457.0 348.0 481.0
ship 367.0 441.0 381.0 464.0
ship 383.0 434.0 399.0 460.0
ship 403.0 428.0 420.0 451.0
ship 421.0 420.0 435.0 439.0
ship 260.0 407.0 275.0 430.0
ship 274.0 437.0 287.0 458.0
ship 197.0 391.0 219.0 405.0
ship 179.0 322.0 206.0 338.0
ship 375.0 271.0 399.0 311.0
ship 394.0 268.0 413.0 297.0
ship 415.0 252.0 444.0 296.0
ship 421.0 210.0 449.0 259.0
ship 392.0 198.0 415.0 240.0
ship 353.0 229.0 375.0 260.0
ship 343.0 246.0 356.0 265.0
ship 373.0 229.0 385.0 253.0
ship 314.0 253.0 330.0 266.0
ship 263.0 276.0 282.0 288.0
ship 185.0 300.0 203.0 312.0
ship 153.0 313.0 179.0 329.0
ship 158.0 369.0 183.0 386.0
ship 219.0 193.0 234.0 209.0
ship 350.0 284.0 375.0 322.0
ship 335.0 259.0 343.0 273.0
ship 285.0 320.0 304.0 353.0
ship 317.0 303.0 336.0 331.0
ship 207.0 403.0 233.0 418.0
ship 232.0 377.0 249.0 391.0
ship 236.0 391.0 259.0 407.0
ship 329.0 410.0 346.0 441.0
ship 364.0 391.0 380.0 423.0
ship 399.0 375.0 421.0 406.0
ship 412.0 374.0 426.0 394.0
ship 352.0 517.0 364.0 527.0
ship 449.0 538.0 461.0 556.0
harbor 127.0 152.0 486.0 800.0
harbor 706.0 161.0 776.0 314.0
