vehicle 32.0 575.0 65.0 635.0
vehicle 314.0 557.0 392.0 595.0
vehicle 638.0 588.0 669.0 664.0
vehicle 622.0 573.0 648.0 634.0
vehicle 675.0 487.0 692.0 529.0
vehicle 468.0 416.0 546.0 449.0
vehicle 280.0 417.0 294.0 426.0
vehicle 346.0 377.0 366.0 389.0
vehicle 367.0 346.0 396.0 361.0
vehicle 442.0 351.0 458.0 360.0
vehicle 37.0 64.0 58.0 76.0
vehicle 154.0 116.0 177.0 132.0
vehicle 452.0 205.0 473.0 219.0
vehicle 483.0 274.0 504.0 288.0
vehicle 568.0 228.0 585.0 239.0
vehicle 538.0 279.0 559.0 291.0
vehicle 629.0 322.0 664.0 338.0
vehicle 731.0 132.0 740.0 152.0
overpass 367.0 222.0 697.0 372.0
overpass 602.0 226.0 769.0 632.0
overpass 2.0 209.0 137.0 474.0
