ship 97.0 11.0 107.0 30.0
ship 125.0 13.0 134.0 37.0
ship 32.0 98.0 48.0 132.0
ship 200.0 13.0 223.0 30.0
ship 283.0 1.0 313.0 29.0
ship 420.0 46.0 445.0 70.0
ship 261.0 139.0 292.0 165.0
ship 189.0 132.0 213.0 154.0
ship 105.0 153.0 126.0 192.0
ship 54.0 225.0 68.0 255.0
ship 474.0 175.0 493.0 213.0
ship 488.0 177.0 497.0 197.0
ship 219.0 256.0 234.0 280.0
ship 337.0 239.0 351.0 274.0
ship 507.0 282.0 522.0 316.0
ship 111.0 287.0 129.0 322.0
ship 55.0 332.0 69.0 368.0
ship 65.0 433.0 77.0 464.0
ship 151.0 394.0 165.0 425.0
ship 219.0 389.0 235.0 414.0
ship 349.0 390.0 365.0 419.0
ship 528.0 384.0 547.0 425.0
ship 107.0 492.0 121.0 525.0
ship 195.0 502.0 207.0 531.0
ship 286.0 523.0 300.0 555.0
ship 540.0 503.0 556.0 551.0
ship 11.0 615.0 33.0 638.0
ship 165.0 567.0 175.0 592.0
ship 103.0 606.0 123.0 636.0
ship 166.0 626.0 190.0 651.0
ship 360.0 581.0 379.0 621.0
ship 249.0 656.0 265.0 677.0
ship 322.0 701.0 333.0 731.0
ship 549.0 633.0 568.0 676.0
ship 682.0 585.0 695.0 622.0
ship 686.0 469.0 698.0 501.0
ship 641.0 323.0 657.0 349.0
ship 583.0 198.0 592.0 221.0
ship 611.0 260.0 625.0 287.0
ship 669.0 386.0 680.0 418.0
