harbor 654.0 532.0 747.0 770.0
harbor 434.0 533.0 478.0 785.0
harbor 328.0 327.0 425.0 773.0
harbor 184.0 345.0 262.0 726.0
harbor 65.0 331.0 121.0 684.0
ship 212.0 46.0 244.0 90.0
ship 67.0 353.0 88.0 417.0
ship 105.0 330.0 121.0 368.0
ship 198.0 356.0 217.0 429.0
ship 192.0 459.0 214.0 533.0
ship 228.0 465.0 250.0 521.0
ship 232.0 345.0 256.0 432.0
ship 351.0 464.0 365.0 513.0
ship 398.0 327.0 426.0 405.0
ship 398.0 507.0 423.0 546.0
ship 460.0 586.0 474.0 639.0
ship 660.0 543.0 684.0 628.0
ship 693.0 534.0 747.0 553.0
