vehicle 566.0 265.0 589.0 279.0
vehicle 365.0 291.0 399.0 301.0
vehicle 441.0 296.0 481.0 305.0
vehicle 424.0 306.0 462.0 315.0
vehicle 364.0 319.0 401.0 338.0
vehicle 212.0 588.0 251.0 598.0
vehicle 232.0 580.0 274.0 589.0
vehicle 340.0 504.0 375.0 522.0
vehicle 169.0 438.0 188.0 452.0
vehicle 419.0 515.0 464.0 542.0
vehicle 428.0 548.0 459.0 559.0
vehicle 488.0 445.0 510.0 459.0
vehicle 598.0 442.0 631.0 465.0
vehicle 588.0 494.0 624.0 511.0
Expressway-Service-area 108.0 392.0 646.0 750.0
Expressway-Service-area 108.0 81.0 666.0 486.0
