airplane 174.0 614.0 210.0 649.0
airplane 172.0 572.0 208.0 610.0
airplane 172.0 330.0 206.0 367.0
airplane 183.0 236.0 223.0 274.0
airplane 284.0 345.0 327.0 380.0
airplane 289.0 303.0 332.0 341.0
airplane 289.0 260.0 333.0 300.0
airplane 187.0 133.0 221.0 170.0
airplane 306.0 128.0 344.0 166.0
airplane 295.0 175.0 338.0 216.0
airplane 46.0 483.0 68.0 505.0
overpass 314.0 450.0 357.0 484.0
airplane 641.0 289.0 659.0 310.0
airplane 643.0 229.0 682.0 264.0
airplane 640.0 186.0 678.0 224.0
airplane 636.0 143.0 680.0 183.0
airplane 644.0 104.0 678.0 133.0
airplane 742.0 220.0 766.0 241.0
airplane 737.0 136.0 772.0 173.0
airplane 540.0 192.0 583.0 229.0
airplane 530.0 107.0 575.0 145.0
overpass 278.0 395.0 575.0 426.0
overpass 180.0 686.0 212.0 782.0
overpass 437.0 56.0 542.0 98.0
vehicle 692.0 404.0 702.0 411.0
vehicle 413.0 264.0 420.0 275.0
vehicle 640.0 587.0 648.0 592.0
vehicle 646.0 711.0 655.0 719.0
vehicle 640.0 702.0 643.0 713.0
vehicle 636.0 705.0 640.0 716.0
vehicle 643.0 725.0 648.0 731.0
vehicle 547.0 749.0 557.0 753.0
vehicle 543.0 750.0 551.0 754.0
vehicle 538.0 754.0 547.0 758.0
vehicle 534.0 756.0 545.0 761.0
vehicle 528.0 760.0 539.0 764.0
vehicle 460.0 748.0 466.0 755.0
vehicle 479.0 756.0 488.0 763.0
vehicle 265.0 605.0 272.0 615.0
vehicle 425.0 179.0 431.0 189.0
vehicle 493.0 163.0 497.0 175.0
vehicle 483.0 219.0 487.0 231.0
storagetank 366.0 119.0 384.0 136.0
storagetank 388.0 119.0 405.0 139.0
storagetank 364.0 139.0 384.0 159.0
storagetank 385.0 140.0 405.0 160.0
storagetank 362.0 160.0 382.0 181.0
storagetank 383.0 161.0 404.0 182.0
