airplane 13.0 669.0 40.0 703.0
airplane 34.0 632.0 63.0 665.0
airplane 57.0 595.0 86.0 625.0
airplane 122.0 641.0 144.0 667.0
airplane 143.0 601.0 172.0 632.0
airplane 107.0 520.0 126.0 547.0
airplane 191.0 553.0 229.0 595.0
airplane 217.0 672.0 244.0 699.0
airplane 252.0 668.0 279.0 698.0
airplane 274.0 629.0 301.0 661.0
airplane 296.0 594.0 322.0 620.0
airplane 276.0 552.0 317.0 592.0
airplane 339.0 667.0 368.0 697.0
airplane 363.0 628.0 392.0 660.0
airplane 382.0 593.0 411.0 626.0
airplane 419.0 587.0 443.0 617.0
airplane 398.0 626.0 422.0 656.0
airplane 376.0 662.0 402.0 694.0
airplane 530.0 598.0 559.0 632.0
airplane 509.0 640.0 530.0 665.0
airplane 473.0 642.0 503.0 673.0
airplane 451.0 677.0 480.0 710.0
airplane 488.0 677.0 510.0 706.0
airplane 168.0 404.0 197.0 435.0
airplane 235.0 447.0 261.0 479.0
airplane 288.0 407.0 315.0 433.0
airplane 217.0 332.0 242.0 355.0
airplane 311.0 368.0 339.0 399.0
airplane 357.0 290.0 383.0 322.0
airplane 324.0 297.0 352.0 327.0
airplane 257.0 246.0 293.0 290.0
airplane 282.0 216.0 310.0 246.0
airplane 303.0 174.0 335.0 210.0
airplane 413.0 142.0 444.0 172.0
airplane 394.0 184.0 416.0 210.0
airplane 364.0 219.0 394.0 253.0
airplane 401.0 214.0 424.0 246.0
airplane 585.0 148.0 614.0 180.0
airplane 583.0 225.0 610.0 259.0
airplane 559.0 265.0 585.0 299.0
airplane 537.0 305.0 562.0 334.0
airplane 518.0 342.0 542.0 374.0
airplane 500.0 307.0 523.0 334.0
airplane 475.0 344.0 500.0 372.0
airplane 470.0 420.0 494.0 452.0
airplane 405.0 458.0 433.0 491.0
airplane 444.0 459.0 470.0 492.0
airplane 765.0 148.0 795.0 183.0
airplane 744.0 189.0 772.0 222.0
airplane 724.0 228.0 749.0 261.0
airplane 685.0 229.0 710.0 260.0
airplane 661.0 267.0 691.0 301.0
airplane 699.0 268.0 728.0 300.0
airplane 653.0 345.0 681.0 377.0
airplane 615.0 344.0 642.0 377.0
airplane 593.0 384.0 618.0 416.0
airplane 632.0 386.0 658.0 417.0
airplane 569.0 424.0 594.0 454.0
airplane 607.0 424.0 636.0 456.0
airplane 542.0 460.0 575.0 495.0
airplane 776.0 308.0 800.0 340.0
airplane 752.0 348.0 781.0 379.0
airplane 773.0 386.0 800.0 417.0
airplane 732.0 388.0 758.0 416.0
airplane 749.0 427.0 773.0 456.0
airplane 703.0 425.0 733.0 455.0
airplane 681.0 466.0 712.0 494.0
airplane 725.0 466.0 754.0 497.0
vehicle 653.0 321.0 668.0 335.0
vehicle 611.0 377.0 629.0 392.0
vehicle 649.0 576.0 655.0 591.0
vehicle 682.0 572.0 690.0 590.0
vehicle 694.0 576.0 701.0 590.0
vehicle 713.0 571.0 719.0 588.0
vehicle 720.0 575.0 728.0 589.0
vehicle 731.0 571.0 739.0 589.0
vehicle 690.0 693.0 705.0 710.0
