tenniscourt 48.0 168.0 87.0 221.0
tenniscourt 73.0 158.0 112.0 212.0
tenniscourt 75.0 233.0 114.0 284.0
tenniscourt 101.0 222.0 138.0 276.0
tenniscourt 129.0 283.0 169.0 336.0
vehicle 331.0 753.0 340.0 758.0
vehicle 334.0 761.0 344.0 767.0
vehicle 270.0 605.0 281.0 612.0
vehicle 277.0 619.0 286.0 626.0
vehicle 279.0 631.0 289.0 636.0
vehicle 270.0 586.0 279.0 593.0
vehicle 284.0 589.0 292.0 597.0
vehicle 287.0 598.0 296.0 605.0
vehicle 289.0 603.0 296.0 613.0
vehicle 315.0 667.0 321.0 676.0
vehicle 318.0 674.0 326.0 681.0
vehicle 324.0 688.0 330.0 696.0
vehicle 310.0 522.0 317.0 528.0
vehicle 311.0 527.0 318.0 533.0
vehicle 312.0 531.0 321.0 537.0
vehicle 315.0 536.0 322.0 541.0
vehicle 316.0 545.0 326.0 551.0
vehicle 318.0 548.0 329.0 555.0
vehicle 321.0 554.0 329.0 560.0
vehicle 322.0 559.0 331.0 565.0
vehicle 325.0 562.0 332.0 569.0
vehicle 326.0 567.0 334.0 574.0
vehicle 329.0 573.0 336.0 578.0
vehicle 331.0 575.0 339.0 581.0
vehicle 332.0 581.0 340.0 586.0
vehicle 335.0 590.0 344.0 597.0
vehicle 317.0 518.0 326.0 524.0
vehicle 321.0 522.0 329.0 530.0
vehicle 322.0 527.0 331.0 535.0
vehicle 325.0 531.0 332.0 537.0
vehicle 324.0 536.0 334.0 542.0
vehicle 330.0 550.0 339.0 556.0
vehicle 334.0 554.0 341.0 560.0
vehicle 334.0 559.0 342.0 565.0
vehicle 335.0 564.0 344.0 570.0
vehicle 337.0 570.0 344.0 575.0
vehicle 349.0 588.0 355.0 597.0
vehicle 334.0 500.0 342.0 507.0
vehicle 335.0 506.0 344.0 512.0
vehicle 339.0 516.0 348.0 522.0
vehicle 341.0 522.0 350.0 531.0
vehicle 344.0 527.0 351.0 533.0
vehicle 344.0 532.0 354.0 538.0
vehicle 346.0 536.0 355.0 542.0
vehicle 349.0 541.0 358.0 547.0
vehicle 350.0 545.0 359.0 551.0
vehicle 353.0 548.0 361.0 555.0
vehicle 356.0 557.0 364.0 564.0
vehicle 294.0 540.0 301.0 548.0
vehicle 305.0 562.0 310.0 571.0
vehicle 316.0 574.0 322.0 583.0
vehicle 353.0 658.0 358.0 669.0
vehicle 356.0 688.0 363.0 696.0
vehicle 364.0 709.0 370.0 719.0
vehicle 360.0 571.0 369.0 578.0
vehicle 361.0 575.0 372.0 581.0
vehicle 365.0 581.0 373.0 586.0
vehicle 581.0 594.0 588.0 604.0
vehicle 576.0 595.0 583.0 605.0
vehicle 569.0 595.0 576.0 604.0
vehicle 562.0 595.0 570.0 605.0
vehicle 554.0 598.0 562.0 607.0
vehicle 547.0 599.0 556.0 607.0
vehicle 385.0 669.0 393.0 677.0
vehicle 391.0 667.0 397.0 676.0
vehicle 423.0 655.0 430.0 664.0
vehicle 427.0 651.0 435.0 662.0
vehicle 432.0 650.0 439.0 658.0
vehicle 445.0 643.0 451.0 653.0
vehicle 459.0 647.0 468.0 655.0
vehicle 475.0 633.0 483.0 642.0
vehicle 450.0 642.0 458.0 652.0
vehicle 398.0 734.0 408.0 742.0
vehicle 401.0 744.0 411.0 751.0
vehicle 404.0 748.0 413.0 755.0
vehicle 406.0 752.0 415.0 760.0
vehicle 409.0 761.0 417.0 768.0
vehicle 418.0 763.0 426.0 770.0
vehicle 418.0 780.0 427.0 787.0
vehicle 420.0 785.0 428.0 792.0
vehicle 422.0 789.0 431.0 796.0
vehicle 428.0 773.0 435.0 784.0
vehicle 442.0 777.0 451.0 784.0
vehicle 445.0 785.0 454.0 790.0
vehicle 449.0 791.0 458.0 797.0
vehicle 461.0 762.0 471.0 768.0
vehicle 466.0 776.0 475.0 782.0
vehicle 470.0 782.0 479.0 789.0
vehicle 474.0 789.0 483.0 796.0
vehicle 454.0 662.0 460.0 672.0
vehicle 458.0 661.0 464.0 671.0
vehicle 463.0 660.0 469.0 669.0
vehicle 470.0 655.0 478.0 665.0
vehicle 475.0 653.0 482.0 664.0
vehicle 479.0 652.0 488.0 664.0
vehicle 484.0 650.0 490.0 658.0
vehicle 488.0 647.0 495.0 657.0
vehicle 458.0 639.0 464.0 648.0
vehicle 484.0 629.0 490.0 637.0
vehicle 452.0 675.0 460.0 685.0
vehicle 458.0 674.0 465.0 684.0
vehicle 463.0 672.0 468.0 679.0
vehicle 497.0 656.0 503.0 666.0
vehicle 490.0 658.0 498.0 669.0
vehicle 484.0 661.0 489.0 670.0
vehicle 479.0 665.0 484.0 672.0
vehicle 461.0 694.0 468.0 703.0
vehicle 464.0 691.0 471.0 701.0
vehicle 469.0 689.0 476.0 700.0
vehicle 473.0 686.0 480.0 696.0
vehicle 479.0 685.0 485.0 695.0
vehicle 487.0 682.0 494.0 691.0
vehicle 492.0 680.0 498.0 691.0
vehicle 500.0 677.0 506.0 686.0
vehicle 506.0 675.0 511.0 684.0
vehicle 461.0 704.0 466.0 714.0
vehicle 465.0 701.0 471.0 712.0
vehicle 469.0 700.0 475.0 710.0
vehicle 474.0 698.0 480.0 708.0
vehicle 479.0 696.0 485.0 705.0
vehicle 483.0 694.0 489.0 704.0
vehicle 488.0 693.0 498.0 704.0
vehicle 495.0 691.0 502.0 700.0
vehicle 499.0 688.0 506.0 696.0
vehicle 503.0 686.0 511.0 696.0
vehicle 519.0 662.0 526.0 672.0
vehicle 526.0 737.0 535.0 743.0
vehicle 526.0 741.0 536.0 748.0
vehicle 528.0 746.0 537.0 753.0
vehicle 530.0 751.0 538.0 757.0
vehicle 532.0 755.0 541.0 761.0
vehicle 533.0 760.0 542.0 766.0
vehicle 536.0 762.0 545.0 768.0
vehicle 536.0 767.0 546.0 773.0
vehicle 538.0 772.0 547.0 779.0
vehicle 540.0 776.0 550.0 784.0
vehicle 541.0 781.0 551.0 789.0
vehicle 543.0 786.0 552.0 791.0
vehicle 487.0 753.0 495.0 758.0
vehicle 488.0 760.0 498.0 766.0
vehicle 493.0 766.0 502.0 772.0
vehicle 494.0 772.0 503.0 779.0
vehicle 480.0 729.0 488.0 739.0
vehicle 485.0 727.0 493.0 737.0
vehicle 490.0 725.0 495.0 736.0
vehicle 493.0 723.0 500.0 732.0
vehicle 498.0 722.0 506.0 732.0
vehicle 502.0 719.0 508.0 729.0
vehicle 507.0 717.0 513.0 727.0
vehicle 511.0 715.0 517.0 725.0
vehicle 516.0 713.0 522.0 723.0
vehicle 516.0 703.0 523.0 713.0
vehicle 512.0 704.0 518.0 714.0
vehicle 507.0 705.0 514.0 715.0
vehicle 503.0 708.0 509.0 718.0
vehicle 499.0 710.0 507.0 720.0
vehicle 495.0 713.0 502.0 723.0
vehicle 490.0 714.0 497.0 724.0
vehicle 547.0 733.0 556.0 739.0
vehicle 548.0 738.0 557.0 744.0
vehicle 551.0 742.0 559.0 748.0
vehicle 554.0 746.0 561.0 752.0
vehicle 556.0 755.0 565.0 761.0
vehicle 557.0 758.0 567.0 766.0
vehicle 561.0 767.0 573.0 773.0
vehicle 564.0 776.0 575.0 784.0
groundtrackfield 325.0 210.0 595.0 557.0
