tenniscourt 203.0 8.0 269.0 127.0
tenniscourt 280.0 17.0 346.0 138.0
tenniscourt 156.0 175.0 223.0 297.0
tenniscourt 234.0 187.0 298.0 305.0
tenniscourt 249.0 668.0 304.0 784.0
tenniscourt 311.0 670.0 370.0 785.0
basketballcourt 505.0 642.0 615.0 719.0
basketballcourt 504.0 722.0 612.0 798.0
vehicle 714.0 544.0 736.0 555.0
vehicle 633.0 543.0 657.0 553.0
vehicle 351.0 551.0 379.0 564.0
vehicle 454.0 552.0 477.0 562.0
vehicle 88.0 347.0 104.0 375.0
vehicle 185.0 375.0 198.0 401.0
vehicle 336.0 296.0 364.0 349.0
vehicle 183.0 609.0 206.0 627.0
vehicle 197.0 551.0 221.0 560.0
vehicle 168.0 602.0 184.0 617.0
vehicle 153.0 628.0 171.0 646.0
vehicle 192.0 626.0 211.0 643.0
