ship 351.0 483.0 374.0 492.0
ship 373.0 544.0 402.0 554.0
ship 369.0 567.0 396.0 579.0
ship 249.0 576.0 266.0 584.0
ship 185.0 443.0 215.0 455.0
ship 155.0 527.0 174.0 538.0
ship 179.0 545.0 213.0 556.0
ship 147.0 597.0 163.0 604.0
ship 184.0 599.0 202.0 608.0
ship 300.0 477.0 321.0 486.0
ship 155.0 470.0 184.0 478.0
ship 268.0 448.0 293.0 457.0
ship 362.0 455.0 391.0 467.0
ship 183.0 520.0 213.0 532.0
ship 154.0 506.0 180.0 515.0
ship 192.0 472.0 222.0 484.0
ship 144.0 568.0 171.0 579.0
ship 177.0 574.0 192.0 582.0
ship 366.0 608.0 391.0 617.0
ship 432.0 611.0 455.0 623.0
ship 281.0 637.0 301.0 648.0
ship 290.0 554.0 309.0 561.0
ship 288.0 576.0 310.0 586.0
ship 286.0 605.0 303.0 612.0
ship 264.0 485.0 294.0 496.0
ship 252.0 559.0 267.0 567.0
ship 85.0 644.0 101.0 653.0
ship 196.0 664.0 211.0 669.0
ship 221.0 665.0 237.0 670.0
ship 282.0 655.0 300.0 663.0
ship 303.0 654.0 324.0 662.0
ship 288.0 667.0 300.0 672.0
ship 94.0 619.0 112.0 626.0
ship 95.0 534.0 103.0 550.0
ship 91.0 562.0 99.0 576.0
ship 104.0 481.0 112.0 496.0
ship 107.0 460.0 113.0 472.0
ship 262.0 389.0 279.0 396.0
ship 374.0 594.0 393.0 600.0
ship 115.0 372.0 191.0 403.0
ship 282.0 391.0 300.0 398.0
harbor 634.0 143.0 800.0 719.0
harbor 472.0 109.0 636.0 732.0
ship 755.0 308.0 790.0 320.0
ship 684.0 146.0 729.0 159.0
ship 541.0 148.0 560.0 154.0
ship 434.0 577.0 459.0 588.0
ship 383.0 471.0 411.0 483.0
ship 444.0 478.0 470.0 489.0
ship 449.0 494.0 468.0 502.0
ship 438.0 528.0 464.0 537.0
ship 440.0 541.0 459.0 550.0
ship 439.0 553.0 462.0 562.0
ship 440.0 567.0 458.0 575.0
ship 377.0 532.0 401.0 543.0
ship 382.0 486.0 399.0 494.0
ship 379.0 495.0 402.0 504.0
ship 379.0 508.0 398.0 519.0
ship 384.0 520.0 400.0 528.0
ship 351.0 493.0 371.0 501.0
ship 351.0 508.0 371.0 515.0
ship 349.0 517.0 369.0 524.0
ship 347.0 531.0 368.0 540.0
ship 347.0 540.0 365.0 549.0
ship 363.0 631.0 389.0 640.0
ship 366.0 642.0 388.0 659.0
ship 272.0 461.0 294.0 470.0
ship 299.0 488.0 320.0 497.0
ship 298.0 503.0 318.0 512.0
ship 298.0 514.0 317.0 521.0
ship 296.0 529.0 315.0 536.0
ship 297.0 538.0 314.0 545.0
ship 291.0 562.0 311.0 570.0
ship 162.0 456.0 186.0 465.0
ship 193.0 458.0 215.0 466.0
ship 195.0 575.0 211.0 583.0
ship 177.0 583.0 191.0 588.0
ship 151.0 546.0 174.0 553.0
ship 147.0 580.0 162.0 587.0
ship 181.0 557.0 196.0 564.0
ship 198.0 559.0 213.0 566.0
ship 174.0 608.0 190.0 614.0
ship 191.0 609.0 208.0 616.0
ship 147.0 605.0 165.0 613.0
ship 91.0 629.0 107.0 635.0
ship 146.0 622.0 162.0 630.0
ship 144.0 632.0 160.0 638.0
ship 189.0 626.0 205.0 632.0
ship 168.0 624.0 186.0 631.0
ship 170.0 634.0 186.0 639.0
ship 186.0 634.0 202.0 642.0
ship 168.0 638.0 183.0 646.0
ship 262.0 509.0 284.0 519.0
ship 264.0 525.0 281.0 533.0
ship 290.0 612.0 302.0 621.0
ship 268.0 560.0 283.0 567.0
ship 266.0 577.0 282.0 584.0
ship 250.0 585.0 265.0 593.0
ship 266.0 586.0 281.0 593.0
ship 104.0 647.0 121.0 654.0
ship 124.0 647.0 138.0 655.0
ship 144.0 649.0 160.0 656.0
ship 187.0 651.0 203.0 658.0
ship 204.0 652.0 219.0 658.0
ship 221.0 652.0 237.0 660.0
ship 240.0 653.0 254.0 660.0
ship 259.0 602.0 274.0 609.0
ship 248.0 609.0 263.0 616.0
ship 263.0 611.0 277.0 617.0
ship 244.0 626.0 259.0 634.0
ship 261.0 627.0 277.0 634.0
ship 243.0 634.0 258.0 642.0
ship 259.0 636.0 275.0 644.0
ship 352.0 557.0 366.0 565.0
ship 346.0 565.0 365.0 574.0
harbor 8.0 211.0 503.0 731.0
