tenniscourt 277.0 566.0 332.0 686.0
tenniscourt 660.0 563.0 715.0 683.0
tenniscourt 583.0 563.0 638.0 683.0
tenniscourt 507.0 564.0 562.0 684.0
tenniscourt 430.0 565.0 485.0 685.0
tenniscourt 354.0 566.0 409.0 686.0
baseballfield 592.0 321.0 773.0 497.0
vehicle 565.0 741.0 588.0 752.0
vehicle 604.0 742.0 628.0 752.0
vehicle 666.0 739.0 688.0 750.0
vehicle 658.0 776.0 683.0 786.0
vehicle 695.0 740.0 718.0 749.0
vehicle 98.0 441.0 109.0 468.0
vehicle 116.0 497.0 128.0 522.0
vehicle 115.0 539.0 125.0 565.0
vehicle 29.0 543.0 53.0 551.0
vehicle 41.0 628.0 68.0 641.0
vehicle 30.0 352.0 55.0 363.0
vehicle 46.0 232.0 72.0 243.0
vehicle 113.0 80.0 125.0 108.0
ship 22.0 260.0 61.0 276.0
