airplane 48.0 762.0 88.0 800.0
airplane 27.0 643.0 76.0 685.0
airplane 48.0 585.0 88.0 628.0
airplane 216.0 576.0 259.0 628.0
airplane 327.0 583.0 368.0 632.0
airplane 377.0 546.0 423.0 588.0
airplane 385.0 478.0 435.0 522.0
airplane 388.0 361.0 433.0 404.0
airplane 398.0 264.0 442.0 312.0
airplane 455.0 224.0 499.0 282.0
airplane 493.0 186.0 543.0 241.0
airplane 703.0 209.0 749.0 262.0
airplane 202.0 152.0 274.0 233.0
airplane 318.0 21.0 363.0 63.0
airplane 667.0 581.0 708.0 629.0
airplane 720.0 594.0 763.0 643.0
