harbor 117.0 30.0 687.0 199.0
harbor 121.0 271.0 601.0 406.0
harbor 120.0 472.0 534.0 623.0
harbor 122.0 645.0 424.0 753.0
ship 148.0 32.0 181.0 120.0
ship 173.0 141.0 197.0 199.0
ship 218.0 138.0 242.0 196.0
ship 243.0 145.0 266.0 196.0
ship 207.0 61.0 233.0 122.0
ship 241.0 54.0 268.0 124.0
ship 268.0 50.0 295.0 120.0
ship 296.0 52.0 323.0 122.0
ship 328.0 54.0 355.0 124.0
ship 354.0 57.0 382.0 122.0
ship 383.0 55.0 405.0 116.0
ship 413.0 57.0 435.0 118.0
ship 294.0 138.0 316.0 199.0
ship 317.0 136.0 339.0 197.0
ship 366.0 138.0 388.0 192.0
ship 418.0 142.0 440.0 196.0
ship 439.0 142.0 461.0 196.0
ship 472.0 59.0 501.0 122.0
ship 505.0 45.0 527.0 119.0
ship 535.0 56.0 557.0 122.0
ship 492.0 137.0 511.0 194.0
ship 517.0 136.0 536.0 193.0
ship 539.0 138.0 563.0 195.0
ship 563.0 139.0 587.0 196.0
ship 610.0 143.0 634.0 200.0
ship 638.0 144.0 658.0 197.0
ship 594.0 62.0 614.0 115.0
ship 619.0 48.0 642.0 120.0
ship 662.0 69.0 685.0 141.0
ship 124.0 287.0 142.0 332.0
ship 126.0 352.0 146.0 403.0
ship 150.0 282.0 170.0 333.0
ship 150.0 354.0 170.0 405.0
ship 172.0 353.0 192.0 404.0
ship 199.0 354.0 218.0 399.0
ship 197.0 289.0 216.0 334.0
ship 175.0 283.0 194.0 328.0
ship 222.0 289.0 241.0 334.0
ship 246.0 283.0 265.0 328.0
ship 271.0 272.0 291.0 334.0
ship 293.0 288.0 316.0 337.0
ship 319.0 285.0 340.0 332.0
ship 269.0 354.0 290.0 401.0
ship 293.0 356.0 314.0 403.0
ship 317.0 354.0 338.0 401.0
ship 343.0 357.0 364.0 404.0
ship 346.0 287.0 367.0 334.0
ship 370.0 283.0 391.0 330.0
ship 392.0 286.0 413.0 333.0
ship 395.0 350.0 416.0 397.0
ship 441.0 286.0 462.0 333.0
ship 418.0 357.0 439.0 404.0
ship 438.0 355.0 459.0 402.0
ship 462.0 356.0 483.0 403.0
ship 519.0 350.0 540.0 397.0
ship 465.0 285.0 486.0 332.0
ship 486.0 287.0 507.0 334.0
ship 516.0 280.0 537.0 327.0
ship 578.0 278.0 599.0 353.0
ship 124.0 541.0 142.0 585.0
ship 125.0 492.0 142.0 529.0
ship 145.0 481.0 162.0 518.0
ship 148.0 544.0 167.0 591.0
ship 167.0 484.0 184.0 524.0
ship 169.0 539.0 186.0 579.0
ship 187.0 480.0 204.0 520.0
ship 231.0 485.0 248.0 525.0
ship 237.0 543.0 254.0 583.0
ship 254.0 482.0 271.0 522.0
ship 276.0 483.0 293.0 523.0
ship 278.0 544.0 295.0 584.0
ship 293.0 545.0 310.0 585.0
ship 297.0 482.0 314.0 522.0
ship 317.0 485.0 334.0 525.0
ship 338.0 545.0 355.0 585.0
ship 339.0 483.0 356.0 523.0
ship 358.0 482.0 375.0 522.0
ship 381.0 545.0 398.0 585.0
ship 425.0 485.0 442.0 525.0
ship 423.0 545.0 440.0 585.0
ship 452.0 540.0 469.0 576.0
ship 468.0 494.0 485.0 530.0
ship 471.0 541.0 496.0 621.0
ship 500.0 479.0 533.0 562.0
ship 406.0 709.0 421.0 753.0
ship 402.0 653.0 416.0 690.0
ship 383.0 652.0 397.0 689.0
ship 365.0 704.0 379.0 741.0
ship 341.0 710.0 355.0 747.0
ship 318.0 712.0 332.0 749.0
ship 297.0 711.0 311.0 743.0
ship 275.0 709.0 295.0 748.0
ship 169.0 708.0 190.0 752.0
ship 192.0 657.0 207.0 690.0
ship 233.0 651.0 248.0 684.0
ship 254.0 651.0 269.0 684.0
