airplane 52.0 173.0 126.0 263.0
airplane 32.0 348.0 125.0 428.0
airplane 140.0 417.0 209.0 485.0
airplane 393.0 235.0 470.0 313.0
airplane 348.0 498.0 418.0 569.0
airplane 245.0 460.0 315.0 530.0
airplane 68.0 704.0 140.0 776.0
airplane 177.0 698.0 249.0 777.0
airplane 276.0 695.0 346.0 780.0
airplane 377.0 647.0 445.0 718.0
vehicle 779.0 96.0 800.0 111.0
vehicle 379.0 465.0 388.0 479.0
vehicle 384.0 588.0 401.0 603.0
vehicle 433.0 589.0 446.0 607.0
vehicle 464.0 622.0 482.0 629.0
vehicle 450.0 632.0 482.0 641.0
vehicle 456.0 639.0 483.0 647.0
vehicle 779.0 552.0 790.0 559.0
vehicle 677.0 666.0 688.0 691.0
vehicle 696.0 571.0 708.0 584.0
vehicle 674.0 614.0 681.0 627.0
vehicle 690.0 615.0 700.0 629.0
vehicle 656.0 724.0 666.0 742.0
vehicle 680.0 733.0 689.0 748.0
vehicle 656.0 746.0 664.0 761.0
vehicle 772.0 639.0 780.0 655.0
vehicle 779.0 628.0 787.0 643.0
vehicle 771.0 677.0 779.0 691.0
vehicle 785.0 705.0 792.0 719.0
vehicle 779.0 737.0 785.0 751.0
vehicle 779.0 762.0 786.0 777.0
vehicle 749.0 542.0 762.0 550.0
vehicle 758.0 550.0 771.0 556.0
vehicle 675.0 562.0 685.0 575.0
vehicle 665.0 615.0 672.0 628.0
vehicle 675.0 763.0 681.0 777.0
vehicle 656.0 765.0 664.0 779.0
vehicle 656.0 781.0 664.0 796.0
vehicle 733.0 720.0 747.0 725.0
vehicle 733.0 725.0 748.0 732.0
vehicle 734.0 744.0 749.0 748.0
vehicle 738.0 761.0 748.0 768.0
vehicle 786.0 739.0 792.0 752.0
vehicle 780.0 708.0 785.0 719.0
vehicle 773.0 706.0 780.0 718.0
vehicle 733.0 789.0 747.0 796.0
vehicle 733.0 796.0 742.0 800.0
vehicle 196.0 495.0 205.0 508.0
