harbor 164.0 216.0 407.0 364.0
harbor 221.0 313.0 495.0 497.0
harbor 540.0 486.0 599.0 751.0
harbor 348.0 395.0 539.0 582.0
ship 164.0 306.0 197.0 364.0
ship 209.0 290.0 223.0 315.0
ship 202.0 335.0 217.0 361.0
ship 214.0 331.0 232.0 357.0
ship 226.0 322.0 244.0 350.0
ship 239.0 316.0 252.0 337.0
ship 250.0 311.0 267.0 340.0
ship 264.0 307.0 279.0 335.0
ship 278.0 309.0 289.0 329.0
ship 290.0 297.0 302.0 318.0
ship 233.0 279.0 247.0 301.0
ship 253.0 275.0 262.0 292.0
ship 257.0 264.0 270.0 285.0
ship 292.0 245.0 308.0 268.0
ship 304.0 238.0 323.0 266.0
ship 312.0 283.0 328.0 309.0
ship 338.0 272.0 353.0 294.0
ship 347.0 267.0 361.0 290.0
ship 329.0 226.0 345.0 253.0
ship 352.0 215.0 369.0 242.0
ship 360.0 258.0 375.0 284.0
ship 228.0 412.0 245.0 447.0
ship 244.0 411.0 262.0 444.0
ship 250.0 458.0 266.0 488.0
ship 278.0 447.0 297.0 481.0
ship 319.0 426.0 333.0 450.0
ship 349.0 414.0 364.0 439.0
ship 355.0 359.0 373.0 388.0
ship 374.0 400.0 397.0 438.0
ship 408.0 391.0 414.0 411.0
ship 421.0 315.0 445.0 357.0
ship 443.0 370.0 458.0 392.0
ship 444.0 506.0 457.0 549.0
ship 428.0 468.0 437.0 491.0
ship 480.0 477.0 494.0 525.0
ship 498.0 478.0 509.0 503.0
ship 525.0 459.0 541.0 482.0
ship 484.0 402.0 500.0 423.0
ship 505.0 430.0 518.0 447.0
ship 538.0 711.0 554.0 751.0
ship 563.0 713.0 570.0 735.0
ship 546.0 661.0 554.0 684.0
ship 539.0 502.0 548.0 524.0
ship 554.0 563.0 576.0 571.0
ship 559.0 591.0 578.0 599.0
ship 428.0 493.0 437.0 522.0
ship 414.0 380.0 423.0 396.0
ship 434.0 372.0 441.0 385.0
ship 541.0 526.0 548.0 546.0
ship 544.0 636.0 553.0 658.0
ship 542.0 606.0 552.0 632.0
ship 541.0 580.0 550.0 601.0
ship 558.0 573.0 575.0 581.0
