tenniscourt 263.0 354.0 300.0 420.0
tenniscourt 224.0 518.0 262.0 581.0
tenniscourt 153.0 637.0 215.0 715.0
tenniscourt 119.0 713.0 178.0 796.0
vehicle 45.0 293.0 54.0 305.0
vehicle 104.0 245.0 114.0 253.0
vehicle 126.0 254.0 140.0 262.0
vehicle 161.0 264.0 174.0 272.0
vehicle 206.0 278.0 219.0 286.0
vehicle 220.0 279.0 229.0 288.0
vehicle 293.0 301.0 306.0 310.0
vehicle 311.0 306.0 320.0 315.0
vehicle 326.0 310.0 340.0 321.0
vehicle 289.0 243.0 297.0 257.0
vehicle 293.0 63.0 300.0 75.0
vehicle 292.0 77.0 301.0 88.0
vehicle 293.0 101.0 300.0 111.0
vehicle 360.0 140.0 372.0 149.0
vehicle 375.0 147.0 387.0 153.0
vehicle 348.0 316.0 358.0 325.0
vehicle 360.0 321.0 369.0 326.0
vehicle 389.0 393.0 397.0 407.0
vehicle 425.0 327.0 435.0 337.0
vehicle 452.0 337.0 466.0 344.0
vehicle 476.0 344.0 487.0 351.0
vehicle 488.0 346.0 499.0 355.0
vehicle 499.0 350.0 509.0 358.0
vehicle 511.0 355.0 522.0 363.0
vehicle 523.0 356.0 533.0 364.0
vehicle 547.0 392.0 556.0 402.0
vehicle 543.0 409.0 551.0 417.0
vehicle 570.0 286.0 578.0 298.0
vehicle 575.0 259.0 583.0 268.0
vehicle 578.0 249.0 584.0 259.0
vehicle 591.0 178.0 598.0 190.0
vehicle 594.0 168.0 600.0 178.0
vehicle 597.0 142.0 605.0 154.0
vehicle 610.0 124.0 617.0 135.0
vehicle 662.0 54.0 675.0 66.0
vehicle 675.0 64.0 684.0 72.0
vehicle 688.0 71.0 699.0 81.0
vehicle 701.0 80.0 709.0 90.0
vehicle 737.0 106.0 746.0 118.0
vehicle 518.0 3.0 531.0 13.0
vehicle 532.0 6.0 543.0 13.0
vehicle 556.0 11.0 566.0 19.0
vehicle 573.0 15.0 586.0 24.0
vehicle 781.0 136.0 790.0 145.0
vehicle 724.0 190.0 730.0 205.0
vehicle 684.0 346.0 693.0 356.0
vehicle 680.0 359.0 689.0 372.0
vehicle 693.0 307.0 701.0 316.0
vehicle 666.0 425.0 674.0 437.0
vehicle 660.0 454.0 666.0 465.0
vehicle 658.0 482.0 666.0 500.0
vehicle 641.0 518.0 648.0 530.0
vehicle 636.0 541.0 643.0 555.0
vehicle 619.0 605.0 626.0 621.0
vehicle 605.0 662.0 613.0 674.0
vehicle 602.0 677.0 609.0 686.0
vehicle 538.0 427.0 545.0 436.0
vehicle 378.0 423.0 388.0 440.0
vehicle 372.0 449.0 382.0 460.0
vehicle 326.0 607.0 334.0 617.0
vehicle 316.0 643.0 326.0 656.0
vehicle 293.0 722.0 300.0 734.0
vehicle 492.0 605.0 498.0 615.0
vehicle 494.0 593.0 500.0 604.0
vehicle 509.0 537.0 516.0 546.0
vehicle 504.0 560.0 509.0 570.0
vehicle 460.0 724.0 468.0 734.0
vehicle 469.0 695.0 476.0 704.0
vehicle 772.0 565.0 779.0 580.0
vehicle 763.0 594.0 771.0 608.0
vehicle 760.0 610.0 765.0 622.0
vehicle 752.0 639.0 760.0 653.0
vehicle 722.0 757.0 729.0 776.0
vehicle 580.0 758.0 589.0 771.0
vehicle 455.0 749.0 461.0 765.0
vehicle 287.0 741.0 296.0 752.0
vehicle 284.0 756.0 291.0 766.0
vehicle 281.0 775.0 287.0 789.0
vehicle 272.0 786.0 282.0 797.0
tenniscourt 183.0 506.0 220.0 567.0
tenniscourt 142.0 495.0 185.0 555.0
tenniscourt 216.0 348.0 259.0 413.0
