vehicle 14.0 620.0 27.0 646.0
vehicle 355.0 547.0 377.0 568.0
vehicle 332.0 586.0 342.0 616.0
vehicle 334.0 549.0 344.0 578.0
vehicle 125.0 462.0 152.0 471.0
vehicle 3.0 481.0 17.0 505.0
vehicle 105.0 446.0 132.0 458.0
vehicle 90.0 465.0 113.0 475.0
vehicle 383.0 671.0 405.0 688.0
vehicle 96.0 793.0 121.0 800.0
vehicle 11.0 23.0 19.0 46.0
vehicle 1.0 22.0 5.0 43.0
vehicle 650.0 385.0 672.0 403.0
vehicle 664.0 336.0 679.0 358.0
vehicle 677.0 325.0 693.0 347.0
ship 552.0 320.0 578.0 366.0
ship 695.0 531.0 741.0 565.0
ship 539.0 195.0 589.0 315.0
ship 746.0 68.0 800.0 97.0
ship 429.0 102.0 535.0 199.0
ship 569.0 1.0 641.0 54.0
ship 746.0 671.0 789.0 695.0
ship 586.0 590.0 637.0 633.0
ship 771.0 558.0 800.0 587.0
bridge 168.0 215.0 230.0 354.0
bridge 522.0 432.0 637.0 530.0
