harbor 427.0 649.0 494.0 705.0
harbor 460.0 605.0 546.0 659.0
harbor 480.0 568.0 599.0 606.0
harbor 237.0 564.0 334.0 628.0
harbor 505.0 458.0 606.0 507.0
harbor 461.0 386.0 507.0 471.0
harbor 410.0 341.0 434.0 413.0
harbor 320.0 359.0 363.0 450.0
harbor 210.0 398.0 294.0 467.0
harbor 194.0 518.0 293.0 542.0
ship 238.0 526.0 294.0 544.0
ship 269.0 562.0 301.0 586.0
ship 266.0 426.0 296.0 454.0
ship 257.0 449.0 283.0 466.0
ship 329.0 410.0 355.0 451.0
ship 409.0 364.0 424.0 412.0
ship 470.0 427.0 508.0 470.0
ship 504.0 476.0 542.0 496.0
ship 491.0 583.0 545.0 604.0
ship 470.0 607.0 502.0 629.0
ship 424.0 648.0 448.0 682.0
