tenniscourt 154.0 57.0 195.0 144.0
tenniscourt 205.0 57.0 245.0 143.0
tenniscourt 256.0 57.0 298.0 144.0
tenniscourt 308.0 58.0 349.0 144.0
tenniscourt 216.0 195.0 257.0 280.0
tenniscourt 371.0 90.0 413.0 176.0
tenniscourt 423.0 90.0 464.0 174.0
tenniscourt 315.0 329.0 357.0 415.0
tenniscourt 264.0 329.0 304.0 415.0
tenniscourt 212.0 329.0 254.0 415.0
tenniscourt 161.0 329.0 203.0 414.0
tenniscourt 254.0 544.0 295.0 630.0
tenniscourt 204.0 545.0 244.0 630.0
tenniscourt 153.0 544.0 193.0 631.0
tenniscourt 409.0 579.0 449.0 666.0
tenniscourt 460.0 580.0 501.0 667.0
tenniscourt 512.0 580.0 552.0 667.0
tenniscourt 563.0 581.0 603.0 667.0
basketballcourt 510.0 294.0 559.0 375.0
basketballcourt 559.0 293.0 608.0 375.0
vehicle 617.0 372.0 634.0 380.0
vehicle 615.0 384.0 637.0 392.0
vehicle 618.0 419.0 634.0 427.0
vehicle 575.0 447.0 584.0 463.0
vehicle 587.0 451.0 594.0 465.0
vehicle 597.0 447.0 605.0 463.0
vehicle 630.0 544.0 647.0 554.0
vehicle 632.0 555.0 647.0 563.0
vehicle 635.0 562.0 653.0 573.0
vehicle 638.0 571.0 656.0 582.0
vehicle 640.0 582.0 654.0 591.0
vehicle 644.0 592.0 659.0 601.0
vehicle 650.0 608.0 665.0 619.0
vehicle 651.0 618.0 668.0 628.0
vehicle 655.0 627.0 671.0 639.0
vehicle 657.0 635.0 675.0 648.0
vehicle 662.0 644.0 679.0 656.0
vehicle 664.0 653.0 682.0 666.0
vehicle 670.0 662.0 686.0 675.0
vehicle 673.0 671.0 690.0 683.0
vehicle 676.0 680.0 693.0 692.0
vehicle 677.0 690.0 694.0 703.0
vehicle 681.0 697.0 698.0 711.0
vehicle 685.0 707.0 704.0 719.0
vehicle 620.0 105.0 641.0 115.0
vehicle 658.0 111.0 667.0 131.0
vehicle 489.0 502.0 500.0 518.0
vehicle 542.0 500.0 551.0 516.0
vehicle 345.0 498.0 353.0 513.0
vehicle 332.0 496.0 340.0 514.0
vehicle 195.0 443.0 204.0 463.0
vehicle 193.0 494.0 203.0 516.0
vehicle 173.0 494.0 181.0 512.0
vehicle 162.0 495.0 171.0 516.0
vehicle 151.0 495.0 160.0 514.0
vehicle 152.0 444.0 160.0 459.0
vehicle 69.0 410.0 86.0 418.0
vehicle 66.0 421.0 88.0 428.0
vehicle 67.0 429.0 91.0 440.0
vehicle 72.0 443.0 89.0 449.0
vehicle 72.0 473.0 88.0 482.0
vehicle 71.0 332.0 91.0 343.0
vehicle 71.0 345.0 88.0 355.0
vehicle 11.0 167.0 27.0 177.0
vehicle 1.0 463.0 12.0 483.0
