harbor 30.0 221.0 81.0 492.0
harbor 116.0 147.0 193.0 551.0
harbor 238.0 153.0 312.0 550.0
harbor 343.0 151.0 413.0 553.0
harbor 441.0 149.0 522.0 555.0
harbor 534.0 123.0 613.0 556.0
harbor 656.0 125.0 756.0 553.0
harbor 537.0 17.0 625.0 119.0
ship 38.0 247.0 45.0 262.0
ship 53.0 371.0 80.0 380.0
ship 52.0 398.0 77.0 410.0
ship 41.0 463.0 49.0 475.0
ship 150.0 207.0 182.0 218.0
ship 151.0 221.0 184.0 235.0
ship 150.0 238.0 189.0 251.0
ship 152.0 253.0 187.0 268.0
ship 150.0 270.0 187.0 282.0
ship 151.0 286.0 191.0 301.0
ship 151.0 304.0 187.0 317.0
ship 155.0 321.0 186.0 331.0
ship 153.0 336.0 189.0 349.0
ship 153.0 354.0 189.0 365.0
ship 153.0 386.0 186.0 400.0
ship 155.0 404.0 188.0 418.0
ship 156.0 416.0 189.0 430.0
ship 153.0 436.0 186.0 450.0
ship 154.0 453.0 187.0 467.0
ship 154.0 471.0 187.0 485.0
ship 154.0 521.0 189.0 535.0
ship 148.0 538.0 181.0 552.0
ship 240.0 437.0 273.0 451.0
ship 242.0 502.0 275.0 516.0
ship 244.0 520.0 277.0 534.0
ship 242.0 536.0 278.0 550.0
ship 243.0 488.0 275.0 499.0
ship 281.0 537.0 309.0 548.0
ship 283.0 523.0 312.0 534.0
ship 282.0 507.0 309.0 520.0
ship 463.0 534.0 512.0 554.0
ship 118.0 256.0 144.0 269.0
ship 120.0 299.0 143.0 309.0
ship 121.0 356.0 143.0 366.0
ship 115.0 385.0 144.0 397.0
ship 122.0 427.0 142.0 436.0
ship 123.0 456.0 141.0 464.0
ship 151.0 371.0 192.0 384.0
ship 152.0 190.0 177.0 201.0
ship 241.0 420.0 273.0 432.0
ship 238.0 188.0 271.0 202.0
ship 241.0 204.0 274.0 218.0
ship 240.0 221.0 275.0 235.0
ship 241.0 237.0 274.0 251.0
ship 243.0 174.0 272.0 186.0
ship 348.0 200.0 371.0 209.0
ship 350.0 212.0 373.0 221.0
ship 350.0 228.0 373.0 237.0
ship 383.0 213.0 406.0 222.0
ship 381.0 186.0 404.0 195.0
ship 383.0 227.0 406.0 236.0
ship 382.0 280.0 405.0 289.0
ship 380.0 292.0 403.0 301.0
ship 382.0 253.0 405.0 262.0
ship 380.0 238.0 406.0 251.0
ship 348.0 281.0 374.0 291.0
ship 346.0 251.0 374.0 262.0
ship 381.0 307.0 407.0 318.0
ship 382.0 337.0 407.0 348.0
ship 441.0 171.0 472.0 184.0
ship 445.0 197.0 473.0 210.0
ship 478.0 184.0 502.0 195.0
ship 538.0 461.0 567.0 472.0
ship 539.0 532.0 567.0 544.0
ship 575.0 531.0 610.0 556.0
ship 539.0 181.0 562.0 191.0
ship 536.0 333.0 564.0 345.0
ship 571.0 20.0 624.0 39.0
ship 572.0 75.0 614.0 93.0
ship 570.0 98.0 605.0 111.0
ship 571.0 133.0 604.0 148.0
ship 571.0 149.0 604.0 164.0
ship 572.0 165.0 605.0 180.0
ship 570.0 180.0 603.0 195.0
ship 568.0 196.0 601.0 211.0
ship 570.0 212.0 607.0 227.0
ship 572.0 228.0 605.0 243.0
ship 571.0 244.0 608.0 259.0
ship 571.0 262.0 611.0 276.0
ship 572.0 279.0 605.0 294.0
ship 572.0 313.0 605.0 328.0
ship 571.0 329.0 607.0 344.0
ship 571.0 381.0 604.0 396.0
ship 571.0 347.0 611.0 361.0
ship 567.0 430.0 607.0 444.0
ship 569.0 397.0 609.0 411.0
ship 571.0 363.0 604.0 378.0
ship 574.0 446.0 607.0 461.0
ship 572.0 464.0 605.0 479.0
ship 574.0 513.0 605.0 526.0
ship 569.0 481.0 609.0 495.0
ship 570.0 497.0 610.0 511.0
ship 579.0 57.0 608.0 71.0
ship 577.0 48.0 599.0 56.0
ship 353.0 174.0 372.0 181.0
ship 52.0 258.0 77.0 268.0
ship 52.0 273.0 80.0 281.0
ship 55.0 287.0 74.0 294.0
ship 52.0 300.0 75.0 309.0
ship 55.0 312.0 76.0 320.0
ship 52.0 342.0 79.0 352.0
ship 51.0 424.0 78.0 437.0
ship 54.0 439.0 80.0 450.0
ship 51.0 454.0 78.0 465.0
ship 51.0 482.0 79.0 492.0
ship 120.0 484.0 144.0 494.0
ship 118.0 499.0 144.0 510.0
ship 122.0 512.0 142.0 521.0
ship 283.0 186.0 303.0 194.0
ship 283.0 199.0 306.0 208.0
ship 282.0 213.0 307.0 223.0
ship 283.0 240.0 308.0 250.0
ship 283.0 253.0 307.0 263.0
ship 283.0 265.0 304.0 275.0
ship 282.0 281.0 309.0 290.0
ship 282.0 295.0 310.0 307.0
ship 241.0 287.0 270.0 297.0
ship 285.0 310.0 304.0 317.0
ship 241.0 319.0 274.0 331.0
ship 283.0 325.0 303.0 333.0
ship 240.0 336.0 277.0 350.0
ship 244.0 353.0 275.0 364.0
ship 283.0 337.0 307.0 348.0
ship 287.0 353.0 307.0 362.0
ship 281.0 366.0 312.0 378.0
ship 239.0 368.0 275.0 382.0
ship 283.0 397.0 306.0 405.0
ship 284.0 410.0 303.0 419.0
ship 287.0 423.0 307.0 431.0
ship 284.0 438.0 309.0 447.0
ship 285.0 452.0 310.0 460.0
ship 283.0 466.0 310.0 476.0
ship 284.0 481.0 306.0 490.0
ship 353.0 538.0 375.0 548.0
ship 383.0 538.0 408.0 548.0
ship 350.0 522.0 375.0 531.0
ship 352.0 507.0 369.0 515.0
ship 382.0 507.0 408.0 518.0
ship 386.0 522.0 409.0 530.0
ship 383.0 478.0 408.0 489.0
ship 350.0 466.0 376.0 476.0
ship 381.0 464.0 405.0 474.0
ship 350.0 451.0 374.0 459.0
ship 384.0 450.0 402.0 458.0
ship 382.0 436.0 406.0 446.0
ship 350.0 424.0 372.0 433.0
ship 349.0 407.0 371.0 416.0
ship 347.0 394.0 375.0 404.0
ship 384.0 396.0 406.0 404.0
ship 382.0 408.0 407.0 417.0
ship 449.0 507.0 473.0 517.0
ship 482.0 522.0 505.0 531.0
ship 481.0 508.0 510.0 517.0
ship 481.0 496.0 504.0 503.0
ship 449.0 493.0 472.0 501.0
ship 449.0 480.0 475.0 490.0
ship 482.0 479.0 503.0 489.0
ship 449.0 464.0 473.0 474.0
ship 483.0 465.0 503.0 475.0
ship 449.0 452.0 473.0 459.0
ship 480.0 450.0 508.0 460.0
ship 482.0 437.0 505.0 446.0
ship 450.0 436.0 472.0 445.0
ship 481.0 421.0 509.0 431.0
ship 382.0 422.0 408.0 431.0
ship 448.0 408.0 474.0 418.0
ship 481.0 394.0 507.0 406.0
ship 450.0 395.0 468.0 403.0
ship 542.0 432.0 563.0 441.0
ship 540.0 489.0 564.0 500.0
ship 540.0 507.0 564.0 515.0
ship 346.0 380.0 375.0 390.0
ship 383.0 380.0 404.0 390.0
ship 382.0 365.0 407.0 375.0
ship 347.0 351.0 373.0 362.0
ship 348.0 337.0 374.0 347.0
ship 348.0 322.0 374.0 333.0
ship 349.0 309.0 374.0 319.0
ship 445.0 335.0 475.0 348.0
ship 480.0 337.0 507.0 348.0
ship 484.0 351.0 506.0 360.0
ship 446.0 350.0 474.0 361.0
ship 447.0 367.0 472.0 375.0
ship 446.0 379.0 475.0 390.0
ship 484.0 379.0 504.0 388.0
ship 480.0 364.0 505.0 374.0
ship 481.0 324.0 505.0 334.0
ship 449.0 323.0 472.0 332.0
ship 446.0 309.0 471.0 319.0
ship 482.0 310.0 503.0 319.0
ship 480.0 293.0 505.0 302.0
ship 480.0 279.0 504.0 288.0
ship 447.0 280.0 470.0 289.0
ship 447.0 267.0 471.0 276.0
ship 480.0 266.0 505.0 275.0
ship 479.0 253.0 504.0 261.0
ship 449.0 253.0 474.0 262.0
ship 450.0 239.0 472.0 249.0
ship 480.0 239.0 505.0 248.0
ship 480.0 225.0 506.0 234.0
ship 445.0 223.0 471.0 235.0
ship 537.0 304.0 563.0 314.0
ship 538.0 291.0 563.0 299.0
ship 537.0 276.0 561.0 286.0
ship 540.0 263.0 565.0 273.0
ship 541.0 249.0 560.0 256.0
ship 540.0 235.0 566.0 244.0
ship 539.0 222.0 562.0 230.0
ship 540.0 361.0 563.0 371.0
ship 539.0 375.0 564.0 386.0
ship 539.0 391.0 563.0 401.0
ship 541.0 403.0 563.0 413.0
ship 542.0 418.0 562.0 426.0
ship 483.0 212.0 505.0 221.0
ship 535.0 207.0 563.0 218.0
ship 700.0 493.0 746.0 506.0
ship 662.0 480.0 696.0 492.0
ship 660.0 499.0 694.0 509.0
ship 704.0 513.0 740.0 527.0
ship 661.0 514.0 694.0 526.0
ship 703.0 532.0 744.0 554.0
ship 661.0 532.0 692.0 551.0
ship 705.0 476.0 744.0 489.0
ship 701.0 456.0 741.0 469.0
ship 703.0 436.0 741.0 450.0
ship 661.0 429.0 689.0 440.0
ship 664.0 414.0 694.0 425.0
ship 701.0 402.0 745.0 415.0
ship 703.0 383.0 744.0 395.0
ship 704.0 364.0 746.0 378.0
ship 658.0 362.0 694.0 377.0
ship 663.0 346.0 694.0 357.0
ship 702.0 345.0 741.0 361.0
ship 703.0 327.0 745.0 340.0
ship 661.0 313.0 693.0 325.0
ship 702.0 309.0 741.0 322.0
ship 660.0 282.0 688.0 292.0
ship 702.0 290.0 741.0 301.0
ship 702.0 269.0 751.0 283.0
ship 700.0 248.0 739.0 263.0
ship 656.0 246.0 689.0 259.0
ship 657.0 229.0 693.0 243.0
ship 660.0 214.0 695.0 227.0
ship 658.0 196.0 692.0 209.0
ship 702.0 189.0 757.0 205.0
ship 698.0 210.0 752.0 227.0
ship 701.0 231.0 746.0 245.0
ship 658.0 135.0 693.0 147.0
ship 702.0 130.0 746.0 145.0
ship 659.0 165.0 693.0 178.0
ship 703.0 150.0 750.0 164.0
ship 702.0 170.0 749.0 184.0
