tenniscourt 642.0 263.0 675.0 316.0
tenniscourt 681.0 262.0 713.0 315.0
tenniscourt 636.0 339.0 666.0 392.0
tenniscourt 675.0 337.0 708.0 389.0
tenniscourt 672.0 411.0 704.0 463.0
tenniscourt 636.0 413.0 669.0 465.0
tenniscourt 672.0 487.0 704.0 540.0
tenniscourt 638.0 488.0 670.0 541.0
vehicle 273.0 784.0 284.0 791.0
vehicle 253.0 776.0 264.0 782.0
vehicle 252.0 781.0 267.0 790.0
vehicle 245.0 786.0 257.0 794.0
vehicle 236.0 767.0 246.0 776.0
vehicle 234.0 772.0 243.0 780.0
vehicle 226.0 779.0 240.0 787.0
vehicle 252.0 755.0 264.0 765.0
vehicle 305.0 780.0 317.0 789.0
vehicle 273.0 790.0 287.0 800.0
vehicle 210.0 757.0 222.0 765.0
vehicle 209.0 763.0 221.0 770.0
vehicle 177.0 744.0 190.0 753.0
vehicle 182.0 753.0 193.0 761.0
vehicle 147.0 741.0 159.0 748.0
vehicle 153.0 752.0 166.0 758.0
vehicle 130.0 747.0 143.0 753.0
vehicle 136.0 717.0 145.0 725.0
vehicle 154.0 671.0 161.0 682.0
vehicle 147.0 682.0 153.0 694.0
vehicle 148.0 588.0 154.0 598.0
vehicle 139.0 574.0 144.0 584.0
vehicle 144.0 652.0 149.0 662.0
vehicle 95.0 723.0 106.0 728.0
vehicle 91.0 729.0 102.0 734.0
vehicle 78.0 724.0 88.0 728.0
vehicle 75.0 732.0 85.0 736.0
vehicle 53.0 733.0 66.0 737.0
vehicle 88.0 661.0 101.0 669.0
vehicle 88.0 653.0 101.0 660.0
vehicle 88.0 648.0 101.0 653.0
vehicle 90.0 643.0 100.0 648.0
vehicle 88.0 638.0 100.0 643.0
vehicle 86.0 633.0 101.0 638.0
vehicle 90.0 629.0 100.0 634.0
vehicle 75.0 665.0 86.0 669.0
vehicle 73.0 660.0 86.0 665.0
vehicle 72.0 655.0 85.0 658.0
vehicle 75.0 650.0 85.0 655.0
vehicle 73.0 645.0 86.0 650.0
vehicle 73.0 639.0 85.0 643.0
vehicle 72.0 634.0 85.0 638.0
vehicle 70.0 629.0 85.0 633.0
vehicle 61.0 665.0 72.0 669.0
vehicle 62.0 660.0 72.0 665.0
vehicle 61.0 655.0 71.0 658.0
vehicle 61.0 650.0 71.0 655.0
vehicle 59.0 645.0 72.0 650.0
vehicle 59.0 639.0 72.0 645.0
vehicle 59.0 634.0 71.0 638.0
vehicle 58.0 629.0 68.0 633.0
vehicle 47.0 661.0 58.0 670.0
vehicle 48.0 655.0 58.0 662.0
vehicle 47.0 648.0 57.0 655.0
vehicle 47.0 642.0 56.0 648.0
vehicle 44.0 636.0 56.0 641.0
vehicle 44.0 631.0 56.0 634.0
vehicle 39.0 647.0 44.0 657.0
vehicle 40.0 660.0 45.0 671.0
vehicle 30.0 636.0 37.0 646.0
vehicle 32.0 647.0 38.0 657.0
vehicle 33.0 658.0 39.0 670.0
vehicle 24.0 636.0 30.0 647.0
vehicle 25.0 647.0 32.0 657.0
vehicle 11.0 637.0 21.0 643.0
vehicle 9.0 645.0 23.0 650.0
vehicle 13.0 523.0 24.0 528.0
vehicle 72.0 524.0 83.0 528.0
vehicle 71.0 519.0 83.0 524.0
vehicle 202.0 567.0 216.0 573.0
vehicle 203.0 557.0 215.0 562.0
vehicle 215.0 551.0 229.0 556.0
vehicle 201.0 546.0 216.0 551.0
vehicle 198.0 540.0 212.0 545.0
vehicle 212.0 540.0 226.0 545.0
vehicle 201.0 531.0 211.0 536.0
vehicle 217.0 530.0 222.0 537.0
vehicle 134.0 518.0 139.0 527.0
vehicle 166.0 514.0 178.0 521.0
vehicle 166.0 504.0 178.0 509.0
vehicle 161.0 473.0 174.0 478.0
vehicle 193.0 483.0 206.0 488.0
vehicle 196.0 494.0 207.0 499.0
vehicle 196.0 499.0 211.0 506.0
vehicle 196.0 506.0 209.0 509.0
vehicle 196.0 516.0 210.0 521.0
vehicle 158.0 428.0 171.0 433.0
vehicle 152.0 418.0 167.0 423.0
vehicle 186.0 417.0 198.0 422.0
vehicle 183.0 411.0 196.0 416.0
vehicle 182.0 406.0 196.0 411.0
vehicle 182.0 401.0 195.0 404.0
vehicle 179.0 396.0 192.0 399.0
vehicle 179.0 391.0 191.0 396.0
vehicle 179.0 379.0 191.0 384.0
vehicle 178.0 368.0 191.0 373.0
vehicle 207.0 404.0 219.0 409.0
vehicle 148.0 369.0 161.0 373.0
vehicle 3.0 365.0 18.0 372.0
vehicle 125.0 331.0 131.0 341.0
vehicle 115.0 318.0 120.0 327.0
vehicle 188.0 284.0 198.0 289.0
vehicle 188.0 278.0 197.0 283.0
vehicle 187.0 273.0 201.0 278.0
vehicle 187.0 267.0 198.0 272.0
vehicle 186.0 260.0 197.0 265.0
vehicle 185.0 249.0 196.0 254.0
vehicle 100.0 152.0 107.0 164.0
vehicle 163.0 161.0 177.0 167.0
vehicle 97.0 102.0 102.0 111.0
vehicle 313.0 171.0 325.0 177.0
vehicle 378.0 85.0 383.0 95.0
vehicle 466.0 145.0 479.0 150.0
vehicle 646.0 62.0 652.0 71.0
vehicle 632.0 4.0 637.0 13.0
vehicle 327.0 9.0 341.0 14.0
vehicle 305.0 19.0 317.0 24.0
vehicle 291.0 20.0 303.0 25.0
vehicle 773.0 608.0 779.0 618.0
vehicle 233.0 258.0 244.0 264.0
vehicle 203.0 220.0 210.0 229.0
vehicle 174.0 306.0 185.0 312.0
vehicle 169.0 262.0 183.0 267.0
vehicle 193.0 473.0 206.0 478.0
