vehicle 187.0 504.0 222.0 511.0
vehicle 173.0 546.0 189.0 555.0
vehicle 235.0 559.0 251.0 566.0
vehicle 236.0 502.0 255.0 507.0
vehicle 256.0 522.0 274.0 527.0
vehicle 319.0 495.0 341.0 502.0
vehicle 354.0 519.0 372.0 524.0
vehicle 356.0 536.0 376.0 541.0
vehicle 360.0 554.0 378.0 559.0
vehicle 398.0 506.0 418.0 510.0
vehicle 235.0 456.0 254.0 461.0
vehicle 269.0 459.0 289.0 464.0
vehicle 354.0 493.0 392.0 498.0
vehicle 447.0 537.0 465.0 544.0
vehicle 417.0 555.0 441.0 563.0
vehicle 438.0 494.0 461.0 500.0
vehicle 454.0 483.0 473.0 487.0
vehicle 497.0 499.0 524.0 510.0
vehicle 536.0 445.0 558.0 450.0
vehicle 619.0 443.0 636.0 448.0
vehicle 703.0 438.0 722.0 442.0
vehicle 774.0 432.0 793.0 438.0
vehicle 368.0 438.0 387.0 444.0
vehicle 430.0 435.0 450.0 442.0
vehicle 349.0 330.0 368.0 336.0
vehicle 287.0 331.0 309.0 337.0
vehicle 450.0 323.0 469.0 329.0
vehicle 437.0 288.0 442.0 303.0
vehicle 304.0 392.0 327.0 399.0
vehicle 251.0 343.0 269.0 352.0
vehicle 196.0 366.0 225.0 379.0
vehicle 202.0 382.0 231.0 392.0
vehicle 116.0 408.0 135.0 418.0
vehicle 61.0 422.0 96.0 434.0
vehicle 156.0 423.0 173.0 430.0
vehicle 130.0 444.0 149.0 451.0
vehicle 187.0 442.0 206.0 449.0
Expressway-Service-area 54.0 237.0 690.0 445.0
Expressway-Service-area 49.0 445.0 691.0 688.0
