airplane 41.0 196.0 91.0 253.0
airplane 611.0 581.0 679.0 643.0
airplane 597.0 507.0 672.0 569.0
airplane 601.0 439.0 661.0 494.0
airplane 361.0 599.0 425.0 655.0
airplane 384.0 526.0 443.0 583.0
airplane 366.0 455.0 421.0 515.0
airplane 367.0 379.0 417.0 436.0
airplane 278.0 413.0 331.0 472.0
airplane 159.0 692.0 236.0 757.0
airplane 88.0 587.0 146.0 645.0
airplane 93.0 530.0 143.0 587.0
airplane 77.0 472.0 134.0 523.0
airplane 93.0 402.0 143.0 459.0
vehicle 202.0 250.0 213.0 255.0
vehicle 299.0 242.0 311.0 248.0
vehicle 478.0 228.0 487.0 234.0
vehicle 305.0 374.0 315.0 379.0
vehicle 394.0 373.0 407.0 379.0
vehicle 433.0 424.0 442.0 443.0
vehicle 149.0 429.0 160.0 437.0
vehicle 638.0 513.0 647.0 522.0
vehicle 599.0 494.0 611.0 504.0
vehicle 581.0 650.0 585.0 664.0
vehicle 610.0 652.0 631.0 657.0
vehicle 574.0 709.0 582.0 718.0
vehicle 208.0 590.0 218.0 600.0
vehicle 201.0 585.0 210.0 593.0
vehicle 194.0 596.0 202.0 602.0
vehicle 176.0 559.0 183.0 567.0
