harbor 20.0 7.0 489.0 153.0
harbor 9.0 194.0 460.0 316.0
harbor 1.0 396.0 458.0 648.0
harbor 1.0 642.0 308.0 794.0
ship 74.0 29.0 103.0 112.0
ship 108.0 54.0 132.0 111.0
ship 201.0 35.0 229.0 117.0
ship 262.0 29.0 293.0 121.0
ship 336.0 17.0 367.0 122.0
ship 375.0 6.0 411.0 124.0
ship 442.0 16.0 479.0 148.0
ship 29.0 201.0 48.0 248.0
ship 188.0 203.0 207.0 250.0
ship 266.0 197.0 285.0 244.0
ship 290.0 201.0 311.0 251.0
ship 369.0 193.0 390.0 243.0
ship 422.0 225.0 453.0 312.0
ship 25.0 476.0 67.0 546.0
ship 209.0 269.0 225.0 309.0
ship 269.0 267.0 285.0 307.0
ship 336.0 268.0 352.0 308.0
ship 350.0 273.0 372.0 316.0
ship 90.0 404.0 111.0 461.0
ship 119.0 418.0 139.0 464.0
ship 145.0 417.0 166.0 473.0
ship 171.0 417.0 195.0 477.0
ship 203.0 413.0 231.0 481.0
ship 230.0 415.0 259.0 491.0
ship 261.0 421.0 290.0 497.0
ship 298.0 403.0 337.0 509.0
ship 335.0 406.0 374.0 512.0
ship 379.0 401.0 421.0 522.0
ship 408.0 470.0 456.0 600.0
ship 341.0 530.0 395.0 650.0
ship 309.0 527.0 359.0 622.0
ship 261.0 519.0 306.0 619.0
ship 207.0 506.0 237.0 577.0
ship 140.0 492.0 167.0 553.0
ship 107.0 487.0 130.0 544.0
ship 75.0 502.0 95.0 545.0
ship 42.0 652.0 74.0 702.0
ship 126.0 645.0 153.0 710.0
ship 208.0 690.0 287.0 717.0
ship 178.0 740.0 199.0 789.0
