tenniscourt 665.0 615.0 727.0 713.0
vehicle 361.0 627.0 377.0 643.0
vehicle 493.0 556.0 510.0 569.0
vehicle 578.0 519.0 595.0 530.0
vehicle 567.0 425.0 582.0 438.0
vehicle 226.0 513.0 242.0 526.0
vehicle 239.0 492.0 259.0 511.0
vehicle 217.0 556.0 227.0 576.0
vehicle 162.0 622.0 173.0 640.0
vehicle 175.0 595.0 189.0 608.0
vehicle 186.0 390.0 203.0 406.0
vehicle 415.0 97.0 425.0 117.0
vehicle 433.0 122.0 450.0 131.0
vehicle 210.0 4.0 223.0 22.0
vehicle 163.0 7.0 182.0 22.0
vehicle 31.0 36.0 48.0 44.0
vehicle 9.0 37.0 28.0 45.0
vehicle 57.0 55.0 65.0 69.0
vehicle 22.0 269.0 38.0 287.0
vehicle 341.0 453.0 359.0 472.0
vehicle 180.0 562.0 197.0 583.0
vehicle 18.0 733.0 30.0 755.0
vehicle 464.0 722.0 486.0 734.0
vehicle 544.0 777.0 562.0 791.0
vehicle 651.0 95.0 668.0 103.0
vehicle 697.0 93.0 721.0 103.0
vehicle 294.0 139.0 305.0 160.0
vehicle 128.0 503.0 144.0 523.0
vehicle 47.0 235.0 58.0 255.0
