tenniscourt 624.0 554.0 664.0 628.0
tenniscourt 666.0 552.0 704.0 624.0
tenniscourt 365.0 671.0 404.0 753.0
tenniscourt 411.0 676.0 447.0 751.0
tenniscourt 454.0 671.0 490.0 748.0
tenniscourt 498.0 669.0 536.0 746.0
tenniscourt 541.0 665.0 581.0 739.0
tenniscourt 585.0 665.0 618.0 738.0
tenniscourt 628.0 664.0 667.0 736.0
tenniscourt 675.0 660.0 710.0 736.0
vehicle 339.0 485.0 356.0 494.0
vehicle 360.0 483.0 374.0 490.0
vehicle 728.0 99.0 744.0 114.0
vehicle 746.0 116.0 765.0 129.0
vehicle 768.0 133.0 780.0 149.0
basketballcourt 573.0 550.0 623.0 638.0
