harbor 184.0 103.0 399.0 780.0
harbor 344.0 186.0 587.0 728.0
harbor 494.0 587.0 545.0 614.0
ship 426.0 590.0 459.0 605.0
ship 394.0 218.0 468.0 244.0
ship 231.0 146.0 262.0 156.0
ship 217.0 222.0 234.0 252.0
ship 228.0 279.0 245.0 317.0
harbor 437.0 700.0 464.0 736.0
harbor 515.0 676.0 531.0 721.0
ship 247.0 339.0 323.0 371.0
ship 260.0 373.0 329.0 400.0
ship 260.0 404.0 333.0 435.0
ship 267.0 433.0 342.0 461.0
ship 273.0 466.0 352.0 500.0
ship 280.0 503.0 316.0 523.0
ship 290.0 542.0 336.0 563.0
ship 296.0 566.0 363.0 594.0
ship 298.0 600.0 368.0 628.0
ship 307.0 633.0 366.0 657.0
ship 317.0 654.0 390.0 686.0
ship 317.0 690.0 372.0 713.0
ship 478.0 533.0 544.0 555.0
ship 485.0 500.0 542.0 524.0
ship 486.0 471.0 542.0 493.0
ship 473.0 418.0 536.0 445.0
ship 462.0 240.0 518.0 262.0
ship 456.0 266.0 520.0 292.0
ship 464.0 290.0 519.0 312.0
ship 484.0 317.0 522.0 336.0
ship 466.0 339.0 528.0 360.0
ship 473.0 368.0 529.0 389.0
ship 489.0 396.0 533.0 410.0
