storagetank 550.0 349.0 648.0 432.0
storagetank 410.0 730.0 474.0 785.0
storagetank 381.0 696.0 431.0 738.0
storagetank 380.0 608.0 411.0 631.0
storagetank 268.0 743.0 287.0 758.0
storagetank 305.0 682.0 340.0 708.0
vehicle 644.0 120.0 658.0 131.0
vehicle 574.0 86.0 587.0 94.0
vehicle 560.0 34.0 591.0 54.0
vehicle 270.0 18.0 283.0 29.0
vehicle 144.0 115.0 157.0 133.0
vehicle 107.0 92.0 126.0 107.0
vehicle 129.0 66.0 144.0 74.0
vehicle 83.0 59.0 100.0 67.0
vehicle 61.0 66.0 75.0 73.0
chimney 197.0 519.0 331.0 590.0
vehicle 90.0 330.0 98.0 349.0
