airplane 119.0 59.0 142.0 82.0
airplane 75.0 97.0 101.0 123.0
airplane 27.0 233.0 66.0 270.0
airplane 54.0 283.0 80.0 313.0
airplane 140.0 193.0 169.0 219.0
airplane 181.0 116.0 206.0 150.0
airplane 207.0 54.0 241.0 82.0
airplane 216.0 124.0 241.0 150.0
airplane 220.0 193.0 243.0 219.0
airplane 282.0 123.0 305.0 148.0
airplane 291.0 193.0 313.0 227.0
airplane 392.0 68.0 422.0 100.0
airplane 388.0 143.0 415.0 162.0
airplane 389.0 177.0 418.0 196.0
airplane 380.0 202.0 427.0 250.0
airplane 478.0 59.0 500.0 87.0
airplane 502.0 196.0 527.0 226.0
airplane 608.0 144.0 637.0 168.0
airplane 605.0 188.0 637.0 217.0
airplane 250.0 394.0 276.0 428.0
airplane 291.0 398.0 317.0 426.0
airplane 329.0 394.0 355.0 422.0
airplane 370.0 388.0 393.0 425.0
airplane 249.0 484.0 268.0 507.0
airplane 292.0 479.0 317.0 511.0
airplane 348.0 479.0 375.0 509.0
airplane 392.0 471.0 428.0 512.0
airplane 684.0 494.0 714.0 532.0
airplane 690.0 547.0 714.0 579.0
airplane 732.0 527.0 753.0 555.0
airplane 763.0 527.0 784.0 554.0
airplane 762.0 712.0 787.0 748.0
airplane 772.0 694.0 787.0 718.0
airplane 700.0 772.0 720.0 800.0
vehicle 216.0 433.0 230.0 440.0
vehicle 216.0 440.0 231.0 445.0
vehicle 215.0 445.0 231.0 451.0
vehicle 212.0 455.0 227.0 460.0
vehicle 215.0 459.0 229.0 464.0
storagetank 94.0 546.0 111.0 564.0
storagetank 123.0 543.0 143.0 565.0
storagetank 64.0 546.0 83.0 569.0
storagetank 64.0 576.0 83.0 600.0
storagetank 95.0 575.0 112.0 598.0
storagetank 125.0 575.0 143.0 597.0
storagetank 83.0 435.0 96.0 451.0
storagetank 105.0 433.0 120.0 450.0
storagetank 82.0 458.0 97.0 473.0
storagetank 105.0 456.0 120.0 473.0
vehicle 148.0 502.0 162.0 511.0
vehicle 126.0 503.0 142.0 509.0
vehicle 63.0 493.0 80.0 500.0
vehicle 62.0 502.0 80.0 508.0
vehicle 172.0 752.0 177.0 768.0
vehicle 176.0 756.0 181.0 771.0
vehicle 297.0 656.0 310.0 661.0
vehicle 566.0 238.0 578.0 245.0
vehicle 742.0 330.0 752.0 335.0
