harbor 12.0 7.0 134.0 569.0
harbor 212.0 6.0 366.0 553.0
harbor 462.0 4.0 618.0 527.0
harbor 660.0 86.0 790.0 192.0
ship 74.0 20.0 116.0 36.0
ship 77.0 66.0 119.0 80.0
ship 24.0 78.0 57.0 90.0
ship 20.0 115.0 57.0 129.0
ship 84.0 132.0 125.0 146.0
ship 24.0 135.0 59.0 147.0
ship 21.0 150.0 57.0 164.0
ship 17.0 188.0 56.0 203.0
ship 22.0 224.0 61.0 239.0
ship 20.0 244.0 59.0 259.0
ship 20.0 261.0 59.0 276.0
ship 83.0 260.0 131.0 276.0
ship 16.0 281.0 60.0 296.0
ship 82.0 281.0 126.0 296.0
ship 80.0 301.0 128.0 317.0
ship 21.0 318.0 60.0 332.0
ship 83.0 326.0 122.0 340.0
ship 20.0 336.0 59.0 350.0
ship 81.0 344.0 128.0 361.0
ship 23.0 356.0 60.0 369.0
ship 84.0 369.0 124.0 384.0
ship 19.0 373.0 62.0 388.0
ship 18.0 391.0 61.0 406.0
ship 83.0 388.0 126.0 403.0
ship 23.0 411.0 61.0 425.0
ship 81.0 412.0 121.0 427.0
ship 81.0 432.0 124.0 447.0
ship 82.0 454.0 127.0 471.0
ship 21.0 469.0 66.0 483.0
ship 87.0 475.0 132.0 489.0
ship 25.0 486.0 65.0 501.0
ship 21.0 509.0 61.0 524.0
ship 22.0 525.0 62.0 540.0
ship 83.0 523.0 133.0 540.0
ship 219.0 18.0 262.0 37.0
ship 215.0 45.0 266.0 63.0
ship 289.0 46.0 345.0 65.0
ship 226.0 78.0 272.0 96.0
ship 302.0 77.0 353.0 99.0
ship 219.0 101.0 270.0 123.0
ship 295.0 102.0 350.0 125.0
ship 212.0 129.0 273.0 153.0
ship 220.0 158.0 273.0 177.0
ship 227.0 188.0 272.0 203.0
ship 296.0 217.0 362.0 239.0
ship 217.0 214.0 271.0 236.0
ship 215.0 244.0 269.0 263.0
ship 294.0 248.0 352.0 268.0
ship 291.0 274.0 356.0 295.0
ship 219.0 297.0 272.0 317.0
ship 299.0 310.0 354.0 328.0
ship 220.0 325.0 275.0 343.0
ship 297.0 335.0 357.0 356.0
ship 226.0 357.0 272.0 372.0
ship 219.0 381.0 274.0 400.0
ship 294.0 408.0 363.0 433.0
ship 219.0 405.0 275.0 430.0
ship 218.0 435.0 275.0 455.0
ship 294.0 445.0 351.0 465.0
ship 299.0 478.0 366.0 502.0
ship 224.0 521.0 271.0 538.0
ship 296.0 514.0 356.0 538.0
ship 451.0 487.0 523.0 512.0
ship 545.0 487.0 625.0 513.0
ship 543.0 453.0 614.0 475.0
ship 458.0 451.0 522.0 475.0
ship 457.0 418.0 521.0 442.0
ship 542.0 418.0 612.0 442.0
ship 462.0 385.0 526.0 406.0
ship 452.0 352.0 522.0 377.0
ship 541.0 346.0 634.0 372.0
ship 541.0 315.0 628.0 338.0
ship 449.0 318.0 519.0 340.0
ship 459.0 284.0 520.0 306.0
ship 542.0 281.0 617.0 308.0
ship 457.0 249.0 514.0 270.0
ship 539.0 247.0 612.0 269.0
ship 542.0 219.0 614.0 244.0
ship 541.0 190.0 604.0 215.0
ship 457.0 164.0 519.0 186.0
ship 534.0 160.0 596.0 182.0
ship 537.0 135.0 609.0 158.0
ship 461.0 136.0 520.0 157.0
ship 456.0 108.0 515.0 129.0
ship 541.0 109.0 576.0 123.0
ship 457.0 80.0 515.0 104.0
ship 466.0 53.0 517.0 72.0
ship 452.0 19.0 505.0 40.0
ship 538.0 47.0 560.0 81.0
ship 661.0 160.0 732.0 188.0
ship 733.0 158.0 789.0 181.0
