harbor 689.0 221.0 736.0 337.0
harbor 610.0 220.0 674.0 333.0
harbor 505.0 220.0 598.0 314.0
harbor 438.0 218.0 505.0 303.0
harbor 374.0 217.0 429.0 294.0
harbor 297.0 216.0 361.0 301.0
harbor 210.0 216.0 289.0 306.0
harbor 59.0 606.0 178.0 710.0
ship 413.0 632.0 510.0 660.0
ship 73.0 627.0 94.0 672.0
ship 98.0 605.0 134.0 682.0
ship 574.0 653.0 618.0 671.0
ship 88.0 96.0 158.0 130.0
ship 534.0 230.0 559.0 304.0
ship 570.0 234.0 597.0 314.0
ship 608.0 228.0 637.0 331.0
ship 646.0 231.0 675.0 297.0
ship 689.0 229.0 723.0 334.0
ship 505.0 231.0 531.0 309.0
ship 493.0 221.0 504.0 238.0
ship 472.0 231.0 498.0 304.0
ship 435.0 224.0 466.0 300.0
ship 407.0 225.0 430.0 297.0
ship 375.0 226.0 398.0 294.0
ship 339.0 225.0 362.0 290.0
ship 297.0 223.0 332.0 302.0
ship 259.0 221.0 290.0 308.0
ship 211.0 218.0 257.0 302.0
