tenniscourt 570.0 169.0 676.0 221.0
tenniscourt 569.0 224.0 672.0 280.0
tenniscourt 567.0 287.0 672.0 341.0
tenniscourt 565.0 345.0 669.0 400.0
groundtrackfield 97.0 22.0 482.0 798.0
vehicle 19.0 539.0 29.0 563.0
vehicle 5.0 585.0 29.0 602.0
vehicle 8.0 603.0 28.0 620.0
vehicle 9.0 665.0 25.0 683.0
vehicle 6.0 760.0 23.0 778.0
vehicle 626.0 767.0 635.0 792.0
vehicle 662.0 751.0 674.0 771.0
vehicle 712.0 757.0 721.0 771.0
vehicle 724.0 753.0 734.0 771.0
vehicle 734.0 755.0 745.0 771.0
vehicle 770.0 750.0 780.0 774.0
vehicle 783.0 754.0 793.0 771.0
vehicle 559.0 25.0 571.0 49.0
vehicle 576.0 33.0 587.0 55.0
vehicle 588.0 31.0 598.0 52.0
vehicle 582.0 7.0 590.0 27.0
vehicle 595.0 2.0 606.0 31.0
vehicle 606.0 8.0 616.0 32.0
vehicle 618.0 10.0 629.0 34.0
vehicle 633.0 10.0 641.0 30.0
vehicle 600.0 32.0 609.0 53.0
vehicle 611.0 34.0 621.0 57.0
vehicle 622.0 34.0 632.0 55.0
vehicle 633.0 35.0 641.0 54.0
vehicle 643.0 34.0 652.0 53.0
vehicle 654.0 32.0 662.0 54.0
vehicle 665.0 35.0 675.0 61.0
vehicle 677.0 33.0 685.0 55.0
vehicle 654.0 12.0 663.0 31.0
vehicle 666.0 10.0 676.0 31.0
vehicle 679.0 10.0 688.0 33.0
vehicle 690.0 10.0 699.0 34.0
vehicle 696.0 38.0 706.0 57.0
vehicle 706.0 38.0 716.0 58.0
vehicle 726.0 13.0 735.0 34.0
vehicle 726.0 36.0 735.0 57.0
vehicle 737.0 37.0 747.0 61.0
vehicle 737.0 13.0 746.0 35.0
vehicle 748.0 10.0 760.0 37.0
vehicle 749.0 39.0 758.0 61.0
vehicle 762.0 14.0 771.0 34.0
vehicle 773.0 12.0 785.0 35.0
vehicle 786.0 16.0 795.0 35.0
vehicle 770.0 38.0 780.0 60.0
vehicle 780.0 37.0 789.0 60.0
vehicle 791.0 37.0 800.0 59.0
