harbor 421.0 247.0 624.0 539.0
harbor 558.0 174.0 732.0 374.0
harbor 231.0 287.0 448.0 672.0
harbor 75.0 353.0 215.0 689.0
harbor 563.0 674.0 787.0 799.0
ship 635.0 33.0 752.0 144.0
ship 78.0 372.0 118.0 397.0
ship 90.0 422.0 128.0 442.0
ship 86.0 480.0 102.0 524.0
ship 111.0 499.0 155.0 516.0
ship 107.0 564.0 153.0 576.0
ship 143.0 592.0 164.0 624.0
ship 144.0 626.0 173.0 678.0
ship 151.0 650.0 177.0 694.0
ship 250.0 296.0 274.0 311.0
ship 299.0 300.0 343.0 316.0
ship 235.0 313.0 281.0 331.0
ship 297.0 325.0 339.0 341.0
ship 244.0 331.0 284.0 349.0
ship 309.0 347.0 350.0 367.0
ship 242.0 360.0 290.0 380.0
ship 256.0 415.0 302.0 432.0
ship 265.0 436.0 305.0 459.0
ship 257.0 461.0 311.0 482.0
ship 326.0 446.0 372.0 460.0
ship 326.0 468.0 383.0 483.0
ship 265.0 486.0 314.0 507.0
ship 339.0 493.0 394.0 515.0
ship 250.0 531.0 321.0 558.0
ship 341.0 520.0 405.0 538.0
ship 298.0 559.0 338.0 588.0
ship 368.0 574.0 414.0 610.0
ship 370.0 601.0 450.0 632.0
ship 287.0 603.0 344.0 627.0
ship 298.0 632.0 345.0 650.0
ship 372.0 643.0 439.0 670.0
ship 460.0 249.0 488.0 272.0
ship 418.0 271.0 464.0 317.0
ship 458.0 331.0 502.0 347.0
ship 460.0 350.0 503.0 367.0
ship 475.0 370.0 506.0 387.0
ship 483.0 392.0 520.0 401.0
ship 495.0 401.0 539.0 433.0
ship 486.0 428.0 523.0 448.0
ship 492.0 456.0 531.0 471.0
ship 493.0 474.0 539.0 490.0
ship 497.0 501.0 544.0 517.0
ship 500.0 520.0 540.0 536.0
ship 526.0 297.0 549.0 315.0
ship 513.0 314.0 544.0 331.0
ship 533.0 372.0 569.0 386.0
ship 545.0 414.0 580.0 427.0
ship 560.0 479.0 624.0 498.0
ship 562.0 505.0 619.0 522.0
ship 639.0 291.0 668.0 314.0
ship 651.0 299.0 681.0 332.0
ship 691.0 322.0 707.0 362.0
ship 703.0 330.0 736.0 380.0
