harbor 27.0 77.0 697.0 360.0
harbor 533.0 339.0 711.0 477.0
harbor 93.0 533.0 734.0 733.0
vehicle 720.0 466.0 785.0 497.0
ship 28.0 152.0 95.0 317.0
ship 112.0 152.0 165.0 292.0
ship 174.0 166.0 227.0 295.0
ship 291.0 141.0 344.0 275.0
ship 352.0 147.0 400.0 264.0
ship 417.0 140.0 465.0 257.0
ship 472.0 138.0 520.0 255.0
ship 541.0 127.0 584.0 227.0
ship 594.0 124.0 641.0 245.0
ship 544.0 342.0 655.0 380.0
ship 540.0 407.0 686.0 460.0
ship 582.0 541.0 629.0 627.0
ship 457.0 550.0 508.0 665.0
ship 334.0 552.0 385.0 667.0
ship 94.0 591.0 134.0 701.0
