harbor 539.0 704.0 791.0 726.0
harbor 638.0 622.0 796.0 670.0
harbor 650.0 561.0 795.0 581.0
harbor 652.0 471.0 793.0 500.0
harbor 673.0 371.0 791.0 439.0
harbor 672.0 284.0 800.0 330.0
harbor 91.0 672.0 202.0 738.0
harbor 5.0 494.0 162.0 544.0
harbor 1.0 556.0 143.0 622.0
harbor 5.0 387.0 121.0 457.0
harbor 9.0 301.0 105.0 351.0
harbor 39.0 174.0 157.0 277.0
harbor 172.0 118.0 274.0 243.0
harbor 300.0 105.0 368.0 239.0
harbor 392.0 102.0 453.0 233.0
harbor 475.0 100.0 541.0 229.0
harbor 558.0 108.0 621.0 225.0
harbor 648.0 95.0 696.0 200.0
harbor 706.0 128.0 771.0 200.0
harbor 692.0 210.0 792.0 270.0
ship 129.0 670.0 199.0 700.0
ship 121.0 707.0 197.0 739.0
ship 43.0 574.0 143.0 611.0
ship 18.0 558.0 39.0 599.0
ship 57.0 511.0 155.0 547.0
ship 19.0 413.0 41.0 457.0
ship 35.0 320.0 107.0 349.0
ship 54.0 218.0 138.0 277.0
ship 77.0 188.0 160.0 244.0
ship 203.0 166.0 224.0 203.0
ship 225.0 141.0 275.0 239.0
ship 298.0 144.0 333.0 239.0
ship 341.0 157.0 370.0 237.0
ship 393.0 152.0 416.0 222.0
ship 424.0 138.0 454.0 233.0
ship 472.0 147.0 505.0 227.0
ship 511.0 146.0 539.0 227.0
ship 559.0 127.0 588.0 215.0
ship 596.0 122.0 621.0 199.0
ship 674.0 285.0 769.0 318.0
ship 680.0 371.0 768.0 398.0
ship 682.0 408.0 770.0 437.0
ship 655.0 625.0 772.0 657.0
