tenniscourt 229.0 217.0 293.0 327.0
tenniscourt 302.0 206.0 365.0 316.0
tenniscourt 324.0 494.0 387.0 604.0
tenniscourt 383.0 486.0 446.0 596.0
tenniscourt 441.0 478.0 504.0 588.0
tenniscourt 501.0 469.0 564.0 579.0
vehicle 283.0 526.0 304.0 534.0
vehicle 293.0 547.0 317.0 557.0
vehicle 295.0 559.0 316.0 568.0
vehicle 300.0 590.0 320.0 601.0
vehicle 44.0 336.0 55.0 355.0
vehicle 69.0 330.0 80.0 353.0
vehicle 476.0 65.0 498.0 75.0
vehicle 748.0 115.0 758.0 136.0
vehicle 710.0 344.0 720.0 366.0
vehicle 664.0 689.0 678.0 720.0
vehicle 720.0 683.0 740.0 693.0
vehicle 760.0 564.0 780.0 575.0
