harbor 81.0 5.0 285.0 721.0
harbor 332.0 12.0 498.0 725.0
harbor 566.0 1.0 769.0 708.0
ship 125.0 9.0 198.0 39.0
ship 124.0 74.0 197.0 104.0
ship 116.0 106.0 195.0 143.0
ship 111.0 142.0 194.0 175.0
ship 108.0 178.0 195.0 207.0
ship 117.0 214.0 193.0 245.0
ship 116.0 321.0 191.0 348.0
ship 101.0 424.0 193.0 453.0
ship 115.0 465.0 188.0 487.0
ship 117.0 496.0 190.0 518.0
ship 118.0 532.0 191.0 554.0
ship 120.0 566.0 191.0 592.0
ship 117.0 633.0 188.0 659.0
ship 82.0 667.0 189.0 704.0
ship 208.0 677.0 269.0 700.0
ship 211.0 653.0 263.0 671.0
ship 209.0 594.0 267.0 618.0
ship 214.0 561.0 272.0 585.0
ship 218.0 478.0 272.0 498.0
ship 215.0 450.0 269.0 470.0
ship 218.0 281.0 268.0 297.0
ship 220.0 246.0 275.0 267.0
ship 215.0 219.0 268.0 237.0
ship 220.0 188.0 273.0 206.0
ship 215.0 155.0 280.0 177.0
ship 219.0 43.0 284.0 65.0
ship 349.0 72.0 406.0 92.0
ship 353.0 104.0 408.0 122.0
ship 364.0 129.0 409.0 148.0
ship 335.0 158.0 411.0 184.0
ship 358.0 188.0 409.0 209.0
ship 352.0 213.0 409.0 236.0
ship 356.0 278.0 405.0 296.0
ship 438.0 273.0 496.0 290.0
ship 432.0 299.0 490.0 325.0
ship 344.0 330.0 411.0 354.0
ship 355.0 361.0 408.0 383.0
ship 429.0 359.0 487.0 383.0
ship 427.0 387.0 485.0 411.0
ship 350.0 416.0 404.0 436.0
ship 430.0 415.0 491.0 442.0
ship 431.0 472.0 492.0 499.0
ship 342.0 476.0 408.0 503.0
ship 343.0 502.0 409.0 529.0
ship 425.0 505.0 491.0 528.0
ship 429.0 532.0 490.0 556.0
ship 345.0 563.0 406.0 587.0
ship 425.0 590.0 495.0 617.0
ship 344.0 680.0 406.0 699.0
ship 425.0 675.0 483.0 702.0
ship 588.0 667.0 661.0 695.0
ship 682.0 661.0 763.0 691.0
ship 682.0 630.0 751.0 659.0
ship 593.0 570.0 654.0 598.0
ship 679.0 604.0 731.0 620.0
ship 674.0 498.0 748.0 527.0
ship 674.0 434.0 745.0 460.0
ship 601.0 410.0 654.0 431.0
ship 593.0 356.0 652.0 376.0
ship 583.0 321.0 652.0 349.0
ship 590.0 296.0 653.0 318.0
ship 587.0 240.0 640.0 261.0
ship 584.0 182.0 648.0 206.0
ship 669.0 155.0 712.0 175.0
ship 584.0 126.0 645.0 151.0
ship 583.0 95.0 645.0 117.0
ship 661.0 93.0 723.0 115.0
ship 661.0 65.0 716.0 88.0
ship 570.0 37.0 642.0 64.0
ship 670.0 37.0 715.0 59.0
