airplane 38.0 19.0 105.0 63.0
airplane 85.0 229.0 163.0 294.0
airplane 202.0 317.0 279.0 382.0
airplane 336.0 447.0 411.0 503.0
airplane 431.0 691.0 490.0 749.0
airplane 679.0 605.0 727.0 636.0
vehicle 652.0 40.0 662.0 49.0
vehicle 651.0 48.0 661.0 59.0
vehicle 723.0 142.0 733.0 152.0
vehicle 714.0 134.0 722.0 140.0
vehicle 594.0 67.0 603.0 77.0
vehicle 456.0 83.0 470.0 95.0
vehicle 469.0 157.0 480.0 171.0
vehicle 463.0 161.0 473.0 173.0
vehicle 454.0 163.0 466.0 177.0
vehicle 670.0 152.0 680.0 162.0
vehicle 713.0 192.0 722.0 207.0
vehicle 689.0 198.0 696.0 211.0
vehicle 684.0 200.0 691.0 212.0
vehicle 684.0 273.0 696.0 287.0
vehicle 732.0 236.0 743.0 252.0
vehicle 744.0 246.0 758.0 265.0
vehicle 641.0 125.0 651.0 136.0
vehicle 634.0 124.0 645.0 138.0
vehicle 651.0 155.0 662.0 171.0
vehicle 598.0 458.0 608.0 469.0
vehicle 777.0 294.0 789.0 308.0
vehicle 760.0 301.0 771.0 313.0
vehicle 760.0 308.0 773.0 326.0
vehicle 775.0 330.0 786.0 341.0
overpass 574.0 73.0 704.0 153.0
overpass 519.0 4.0 650.0 73.0
overpass 302.0 32.0 356.0 64.0
overpass 469.0 265.0 527.0 300.0
overpass 710.0 431.0 800.0 490.0
