tenniscourt 73.0 344.0 118.0 404.0
tenniscourt 109.0 348.0 158.0 415.0
vehicle 214.0 588.0 246.0 608.0
vehicle 54.0 569.0 68.0 576.0
vehicle 136.0 566.0 149.0 573.0
vehicle 340.0 595.0 353.0 607.0
vehicle 373.0 627.0 382.0 641.0
vehicle 307.0 389.0 316.0 401.0
vehicle 332.0 389.0 341.0 399.0
vehicle 356.0 408.0 367.0 417.0
vehicle 533.0 417.0 545.0 427.0
vehicle 532.0 567.0 543.0 578.0
vehicle 412.0 690.0 425.0 699.0
vehicle 373.0 693.0 387.0 703.0
vehicle 408.0 715.0 422.0 725.0
vehicle 476.0 771.0 489.0 781.0
vehicle 442.0 727.0 454.0 738.0
vehicle 565.0 772.0 579.0 777.0
vehicle 723.0 547.0 737.0 555.0
vehicle 693.0 594.0 700.0 605.0
vehicle 686.0 609.0 694.0 622.0
vehicle 698.0 642.0 706.0 655.0
vehicle 703.0 690.0 709.0 701.0
vehicle 250.0 238.0 259.0 252.0
vehicle 249.0 339.0 263.0 349.0
vehicle 289.0 282.0 300.0 289.0
vehicle 293.0 268.0 300.0 279.0
vehicle 384.0 190.0 392.0 202.0
vehicle 479.0 171.0 494.0 176.0
vehicle 324.0 367.0 335.0 375.0
vehicle 712.0 174.0 720.0 195.0
vehicle 720.0 182.0 727.0 195.0
vehicle 727.0 181.0 734.0 195.0
vehicle 728.0 148.0 742.0 154.0
vehicle 608.0 162.0 623.0 172.0
vehicle 87.0 6.0 94.0 19.0
vehicle 186.0 62.0 192.0 72.0
